1.00065 1.00054 1.03475
1.00057 1.00046 1.03694
1.00055 1.00043 1.03709
1.00052  1.0004 1.03726
 1.0005 1.00037 1.03744
1.00049 1.00035 1.03763
1.00048 1.00032 1.03784
1.00047 1.00029 1.03807
1.00046 1.00026 1.03831
1.00046 1.00024 1.03856
1.00047 1.00021 1.03882
1.00047 1.00019  1.0391
1.00049 1.00016 1.03939
 1.0005 1.00014  1.0397
1.00052 1.00012 1.04001
1.00055 1.00009 1.04035
1.00058 1.00007  1.0407
1.00061 1.00005 1.04106
1.00065 1.00002 1.04144
1.00069       1 1.04183
 1.00074 0.999978  1.04223
 1.00079 0.999956  1.04265
 1.00085 0.999934  1.04309
1.00091 0.99991 1.04355
 1.00098 0.999887  1.04402
 1.00105 0.999865   1.0445
 1.00112 0.999845  1.04501
  1.0012 0.999825  1.04553
 1.00129 0.999806  1.04606
 1.00138 0.999787  1.04662
 1.00147 0.999767  1.04719
 1.00158 0.999747  1.04779
 1.00168 0.999726   1.0484
 1.00179 0.999703  1.04904
  1.0019 0.999681   1.0497
 1.00202 0.999662  1.05038
 1.00214 0.999642  1.05109
 1.00227 0.999619  1.05182
  1.0024 0.999597  1.05257
 1.00254 0.999578  1.05335
 1.00268 0.999559  1.05416
 1.00283 0.999541    1.055
 1.00298 0.999521  1.05586
1.00314  0.9995 1.05675
  1.0033 0.999481  1.05768
 1.00347 0.999458  1.05864
 1.00364 0.999434  1.05963
1.00382 0.99941 1.06066
   1.004 0.999391  1.06173
 1.00419 0.999371  1.06283
 1.00439 0.999352  1.06397
 1.00458 0.999333  1.06515
 1.00479 0.999316  1.06638
   1.005 0.999299  1.06765
 1.00521 0.999282  1.06897
 1.00543 0.999268  1.07033
 1.00565 0.999252  1.07174
 1.00588 0.999238  1.07321
 1.00612 0.999222  1.07473
 1.00636 0.999203  1.07631
  1.0066 0.999187  1.07794
 1.00685 0.999174  1.07964
  1.0071 0.999165  1.08139
 1.00736 0.999156   1.0832
 1.00762 0.999146  1.08509
 1.00788 0.999141  1.08703
 1.00845 0.999586   1.0886
 1.00841 0.999161  1.09112
 1.00899 0.999593  1.09278
 1.00897 0.999155  1.09552
 1.00955 0.999587  1.09727
 1.00953 0.999156  1.10023
 1.01011 0.999589  1.10208
  1.0101 0.999162  1.10527
 1.01069 0.999599  1.10722
 1.01068 0.999179  1.11065
 1.01126 0.999619  1.11269
 1.01126 0.999206  1.11638
 1.01185 0.999648  1.11853
 1.01184 0.999243  1.12249
 1.01243 0.999688  1.12476
 1.01242 0.999291  1.12898
   1.013 0.999739  1.13135
 1.01299 0.999347  1.13585
 1.01357 0.999796  1.13834
 1.01355 0.999412  1.14312
 1.01413 0.999861  1.14573
  1.0141 0.999486  1.15079
 1.01467 0.999937  1.15351
 1.01463 0.999568  1.15884
1.01519 1.00002 1.16168
 1.01514 0.999652  1.16731
 1.0157 1.00011 1.17026
 1.01563 0.999747  1.17615
1.01619 1.00021 1.17921
  1.0161 0.999847  1.18538
1.01665  1.0003 1.18855
 1.01655 0.999951  1.19497
1.01709 1.00041 1.19824
1.01696 1.00006 1.20491
1.01749 1.00052 1.20828
1.01785 1.00077 1.21303
1.01812 1.00094 1.21778
1.01786 1.00038 1.23253
1.01847 1.00099 1.23603
1.01814 1.00056 1.25078
 1.0187 1.00117 1.25428
1.01821 1.00076 1.26903
1.01879 1.00139 1.27253
1.01844 1.00105 1.29228
1.01902 1.00169 1.29578
1.01862 1.00136 1.31053
1.01921   1.002 1.31403
1.01884 1.00169 1.32878
1.01944 1.00233 1.33228
1.01901 1.00203 1.34703
1.01962 1.00267 1.35053
1.01938 1.00239 1.37028
1.02015 1.00319 1.37253
1.01968 1.00274 1.38728
 1.0203 1.00338 1.39078
1.02044 1.00364 1.39553
1.02005 1.00328 1.41028
1.02069 1.00392 1.41378
1.02056 1.00368 1.43353
1.02135 1.00447 1.43578
1.02099 1.00399 1.45053
1.02178 1.00478 1.45278
1.02146 1.00432 1.46753
1.02226 1.00511 1.46978
1.02196 1.00464 1.48453
1.02277 1.00543 1.48678
1.02251 1.00495 1.50153
1.02332 1.00574 1.50378
1.02353 1.00589 1.50853
1.02332 1.00543 1.52328
1.02414 1.00622 1.52553
1.02388 1.00575 1.53528
1.02457 1.00639 1.53878
1.02452  1.0061 1.54853
1.02523 1.00674 1.55203
1.02517 1.00659 1.56178
 1.0255  1.0067 1.57153
1.02609 1.00719 1.57628
1.02605 1.00693 1.58603
1.02665 1.00743 1.59078
1.02665 1.00721 1.60053
1.02734 1.00784 1.60403
1.02725 1.00752 1.61378
1.02795 1.00816 1.61728
1.02788 1.00786 1.62703
1.02858 1.00849 1.63053
1.02895 1.00875 1.63528
1.02883 1.00839 1.64503
1.02954 1.00904 1.64853
1.02992 1.00931 1.65328
1.03027 1.00953 1.65803
1.03016 1.00917 1.66778
1.03088 1.00982 1.67128
 1.0313  1.0101 1.67603
1.03171 1.01032 1.68078
 1.0322 1.01044 1.68553
1.03253 1.01059 1.69028
1.03287 1.01078 1.69503
1.03322 1.01099 1.69978
1.03357  1.0112 1.70453
1.03392 1.01142 1.70928
1.03427 1.01164 1.71403
1.03462 1.01186 1.71878
1.03498 1.01209 1.72353
1.03534 1.01232 1.72828
 1.0357 1.01255 1.73303
1.03607 1.01278 1.73778
1.03644 1.01301 1.74253
1.03681 1.01324 1.74728
1.03718 1.01348 1.75203
1.03756 1.01372 1.75678
1.03794 1.01396 1.76153
1.03833  1.0142 1.76628
1.03885 1.01462 1.76978
1.03915 1.01475 1.77453
 1.0395 1.01495 1.77928
1.04002 1.01536 1.78278
1.04031 1.01549 1.78753
1.04067 1.01569 1.79228
1.04119  1.0161 1.79578
1.04149 1.01623 1.80041
1.04185 1.01643 1.80466
1.04238 1.01685 1.80784
1.04267 1.01698 1.81178
1.04302 1.01718 1.81539
 1.0434 1.01741 1.81881
1.04392 1.01783 1.82158
1.04421 1.01796 1.82517
1.04456 1.01816 1.82853
1.04493 1.01839 1.83176
1.04545 1.01882  1.8344
1.04574 1.01895 1.83783
1.04609 1.01915 1.84104
1.04661 1.01957 1.84362
1.04689  1.0197 1.84695
1.04752 1.02018 1.85045
1.04818 1.02066 1.85395
1.04886 1.02113 1.85745
1.04955  1.0216 1.86095
1.05025 1.02207 1.86445
1.05096 1.02254 1.86795
1.05158 1.02284  1.8727
1.05234 1.02339  1.8762
  1.053 1.02376 1.88095
1.05371 1.02419  1.8857
1.05428  1.0243 1.89545
1.05528  1.0253 1.89645
1.05596 1.02569  1.9012
1.05666 1.02614 1.90595
1.05738 1.02661  1.9107
 1.0581 1.02708 1.91545
1.05888 1.02768 1.91895
1.05955 1.02808  1.9237
1.06031 1.02866  1.9272
1.06096 1.02904 1.93195
1.06171  1.0296 1.93545
1.06235 1.02998  1.9402
 1.0631 1.03054  1.9437
1.06381 1.03105  1.9472
 1.0645 1.03154  1.9507
1.06518 1.03201  1.9542
1.06585 1.03247  1.9577
1.06652 1.03292  1.9612
1.06718 1.03337  1.9647
1.06784 1.03382  1.9682
1.06849 1.03426  1.9717
1.06914  1.0347  1.9752
 1.0698 1.03514  1.9787
1.07059 1.03581 1.98095
1.07114 1.03613 1.98445
1.07174  1.0365 1.98795
1.07236 1.03689 1.99145
1.07313 1.03755  1.9937
1.07367 1.03784  1.9972
1.07425 1.03819 2.00044
1.07454 1.03664 2.00875
1.07554 1.03764 2.00975
1.07634 1.03834 2.01133
1.07689 1.03867 2.01361
1.07743 1.03902  2.0158
1.07798 1.03938 2.01793
1.07852 1.03974 2.02001
1.07905  1.0401 2.02203
1.07958 1.04046 2.02401
1.08011 1.04082 2.02595
1.08063 1.04118 2.02784
1.08114 1.04153  2.0297
1.08164 1.04187 2.03151
1.08214 1.04222 2.03329
1.08264 1.04255 2.03503
1.08297 1.04268 2.03695
1.08352 1.04311 2.03852
1.08404 1.04349  2.0401
1.08453 1.04384 2.04167
1.08484 1.04397 2.04339
1.08538 1.04439 2.04484
1.08588 1.04476  2.0463
1.08618 1.04489 2.04789
1.08671 1.04531 2.04925
1.08704 1.04547 2.05074
1.08757 1.04589 2.05205
1.08788 1.04606 2.05347
1.08841 1.04648 2.05474
1.08871 1.04663 2.05609
1.08923 1.04705 2.05731
1.08952  1.0472 2.05861
1.09003 1.04761 2.05979
1.09031 1.04775 2.06103
1.09081 1.04815 2.06218
1.09108 1.04829 2.06336
1.09141  1.0485  2.0645
1.09192 1.04892 2.06559
1.09218 1.04906  2.0667
 1.0925 1.04926 2.06777
1.09284 1.04949 2.06881
1.09334 1.04991 2.06983
1.09359 1.05005 2.07082
 1.0939 1.05024 2.07181
1.09421 1.05046 2.07277
1.09454 1.05068 2.07372
1.09486 1.05091 2.07464
1.09519 1.05114 2.07556
1.09551 1.05136 2.07645
1.09582 1.05159 2.07734
1.09614 1.05181  2.0782
1.09645 1.05203 2.07906
1.09675 1.05224 2.07989
1.09705 1.05246 2.08072
1.09735 1.05266 2.08152
1.09764 1.05287 2.08231
1.09793 1.05308 2.08309
1.09822 1.05328 2.08386
 1.0985 1.05348 2.08461
1.09878 1.05368 2.08535
1.09905 1.05387 2.08608
1.09965 1.05438 2.08736
1.10026 1.05486 2.08885
1.10088 1.05533 2.09041
 1.1015 1.05579 2.09198
1.10212 1.05623 2.09353
1.10272 1.05667 2.09504
1.10331 1.05709  2.0965
1.10389  1.0575 2.09791
1.10445  1.0579 2.09926
1.10499 1.05829 2.10057
1.10552 1.05866 2.10183
1.10604 1.05903 2.10304
1.10638 1.05918 2.10426
1.10693  1.0596 2.10533
1.10727 1.05979 2.10641
1.10781 1.06022 2.10741
1.10814  1.0604  2.1084
1.10866 1.06082 2.10935
1.10896 1.06098 2.11026
1.10931  1.0612 2.11113
1.10983 1.06164 2.11203
 1.1101 1.06178 2.11282
1.11043   1.062 2.11362
1.11076 1.06222 2.11438
 1.1111 1.06246 2.11514
1.11142 1.06269 2.11586
1.11174 1.06292 2.11653
1.11205 1.06313 2.11719
1.11235 1.06334 2.11783
1.11264 1.06355 2.11845
1.11292 1.06375 2.11905
 1.1132 1.06395 2.11964
1.11347 1.06414 2.12022
1.11374 1.06433 2.12078
  1.114 1.06452 2.12133
1.11426  1.0647 2.12186
1.11451 1.06488 2.12238
1.11476 1.06505 2.12289
  1.115 1.06522 2.12339
1.11523 1.06539 2.12386
1.11545 1.06555 2.12432
1.11567  1.0657 2.12477
1.11589 1.06585 2.12521
 1.1161   1.066 2.12563
 1.1163 1.06615 2.12605
 1.1165 1.06629 2.12646
1.11668 1.06643 2.12685
1.11732 1.06729 2.12839
1.11731 1.06759 2.12989
1.11745  1.0678 2.13068
1.11763 1.06798  2.1312
1.11781 1.06812 2.13161
1.11799 1.06825 2.13196
1.11751 1.06772 2.13184
1.11815 1.06834 2.13254
1.11841 1.06854  2.1329
1.11861 1.06869 2.13322
1.11813 1.06817 2.13305
1.11877 1.06878 2.13373
1.11901 1.06898 2.13407
 1.1192 1.06912 2.13437
 1.1187 1.06857 2.13414
1.11932 1.06918 2.13481
1.11956 1.06937 2.13512
1.11908 1.06885 2.13488
1.11971 1.06945 2.13554
1.11993 1.06963 2.13583
1.11945 1.06911 2.13557
1.12007 1.06971 2.13622
1.12029 1.06989  2.1365
1.11978 1.06935 2.13621
 1.1204 1.06995 2.13686
1.12062 1.07012 2.13713
 1.1201 1.06957 2.13681
1.12072 1.07017 2.13745
1.12093 1.07034 2.13771
 1.1204 1.06979 2.13737
1.12101 1.07038   2.138
1.12122 1.07055 2.13825
1.12068 1.06999  2.1379
1.12129 1.07058 2.13853
1.12149 1.07074 2.13875
1.12094 1.07017 2.13838
1.12155 1.07076   2.139
1.12174 1.07092 2.13922
1.12118 1.07034 2.13882
1.12179 1.07093 2.13944
1.12198 1.07109 2.13965
1.12142 1.07051 2.13925
1.12202  1.0711 2.13987
1.12156 1.07061 2.13953
1.12216  1.0712 2.14014
 1.1217 1.07071 2.13979
1.12231  1.0713  2.1404
1.12184 1.07081 2.14005
1.12245  1.0714 2.14066
1.12198 1.07091  2.1403
1.12258  1.0715  2.1409
1.12211   1.071 2.14054
1.12271 1.07159 2.14114
1.12291 1.07175 2.14137
 1.1224 1.07121 2.14107
1.12302 1.07181 2.14171
1.12323 1.07198 2.14197
1.12272 1.07143 2.14164
1.12333 1.07203 2.14227
1.12353 1.07219  2.1425
1.12298 1.07162 2.14211
 1.1236 1.07222 2.14275
 1.1238 1.07238 2.14298
1.12325 1.07181  2.1426
1.12386  1.0724 2.14322
 1.1234 1.07192 2.14288
1.12401 1.07251 2.14349
1.12355 1.07202 2.14313
1.12415 1.07261 2.14374
1.12368 1.07212 2.14337
1.12428  1.0727 2.14398
1.12381 1.07221 2.14361
1.12441 1.07279 2.14419
1.12391 1.07228 2.14377
1.12451 1.07286 2.14437
1.12403 1.07236 2.14398
1.12462 1.07294 2.14457
1.12412 1.07242 2.14414
1.12471 1.07301 2.14473
1.12421 1.07249  2.1443
 1.1248 1.07307 2.14489
 1.1243 1.07255 2.14447
1.12489 1.07313 2.14505
1.12438 1.07261 2.14461
1.12497 1.07319 2.14519
1.12445 1.07266 2.14473
1.12504 1.07324 2.14531
1.12452 1.07271 2.14485
1.12511 1.07328 2.14543
1.12459 1.07275 2.14497
1.12517 1.07333 2.14554
1.12465  1.0728 2.14508
1.12523 1.07337 2.14566
 1.1247 1.07283 2.14516
1.12528 1.07341 2.14574
1.12475 1.07287 2.14526
1.12534 1.07345 2.14584
1.12481 1.07291 2.14536
1.12539 1.07348 2.14593
1.12485 1.07294 2.14545
1.12544 1.07352 2.14602
1.12489 1.07297 2.14551
