      1.1777            0            0
           0      1.07126            0
           0            0     0.941619
         350         1448            0
    0.155464    -0.229122   0.00143482
   0.0406024     -0.43963  0.000423942
   0.0719628    -0.435848  0.000372249
  0.00727345    -0.267249   0.00027988
    0.326851    -0.391878 -0.000151197
    0.372907    -0.352554 -0.000955642
    0.168747    -0.300749  0.000311554
    0.133441    -0.476335  0.000651497
   0.0779743     -0.48547   0.00126663
    0.154754    -0.344494   0.00013524
    0.281884    -0.445792  0.000244977
   0.0879612    -0.402645  0.000381246
    0.191165    -0.176684 -0.000778687
     0.27446     0.248512  0.000970468
  -0.0501752   -0.0659946  -0.00408021
   0.0910584   0.00190195 -0.000368438
    0.101096   -0.0657556  4.76344e-05
    0.387089    0.0934601 -0.000476434
    0.208251    -0.167837   0.00349096
    0.215964    -0.152935   0.00074087
     0.21364     0.101096 -0.000415794
    0.213832     0.172173  0.000329713
    0.222282   -0.0292584  0.000342742
    0.301266   -0.0185261 -1.27329e-05
     0.10473    -0.057184  0.000324756
    0.198658  -0.00322583  0.000138491
    0.237762     0.104378  5.99203e-05
    0.148327   -0.0358705  0.000308937
     0.22581    -0.104418  0.000269843
    0.162589    -0.208685   1.3371e-05
    0.248713     -0.19956   0.00104728
    0.234714    -0.113591  0.000306243
    0.133094    -0.256324  0.000503638
   -0.330439    -0.214908    -0.171479
   -0.361149    -0.328346    -0.322434
    0.408404    -0.265226    -0.249664
   -0.540271    -0.164806    -0.334245
    0.560935   -0.0837917    -0.277475
    0.507188   -0.0120369    -0.315448
    0.493869    -0.209355    -0.270423
   -0.499435     -0.22114    -0.351627
   -0.408007   -0.0773413    -0.313414
      0.2734     0.480716     -0.18548
    0.163112      0.29034     -0.26585
   0.0813574     0.292201    -0.146872
    0.213664     0.391466    -0.187513
    0.073767     0.421889    -0.403198
   0.0103632      0.47002    -0.352435
  -0.0644941    -0.126521    -0.240378
   0.0774876    -0.258299    -0.276256
   0.0528969    -0.358072    -0.339915
    0.186413     0.504403     -0.24931
  -0.0157512     0.329376    -0.282223
    0.323458    -0.475221     -0.23753
    0.290863    -0.342173       -0.314
    0.407151    -0.218094    -0.360086
    0.327682    -0.220397    -0.207878
    0.437242    -0.373669     -0.14612
   -0.292742     0.362541    -0.284207
    -0.42324     0.416867     0.382776
   -0.139556     0.442126     0.278422
   -0.270749    -0.515406     0.276454
   -0.370117     0.359854      0.38071
   -0.445271    -0.456278     0.169603
   0.0606297      0.36414     0.294472
    0.507833     0.342599     0.328393
    0.474247     0.327905     0.252057
    0.434994     0.289818     0.335539
    0.413386     0.370905     0.118155
     0.23924     0.298989     0.204994
    0.207966     0.330673     0.327281
   0.0910523    0.0655595      0.23565
   -0.206338    -0.245562     0.375104
   -0.204962    -0.220657     0.271824
   -0.176833   -0.0729622     0.376325
   -0.402146  -0.00369322     0.241373
    0.155603    0.0945751     0.243983
   -0.339042     0.210857     0.321965
   -0.225591    -0.340267     0.335866
    0.562999     0.308558     0.258538
   -0.434538     0.329251     0.212039
   -0.110243     0.275773     0.174096
   -0.106717    -0.335869     0.414638
   -0.531486     0.371154     0.419088
   -0.076826     0.421537     0.291032
    -0.16051    -0.497327      0.32068
  -0.0925061      0.23183     0.276067
    0.315222     0.438137     0.387166
    -0.52123    -0.505087     0.364582
    0.121534     0.414888     0.414647
     0.39978     0.113761     0.400205
   -0.458637   -0.0699067     0.387196
   -0.244632    -0.269364    -0.381488
   -0.317368    -0.282967     -0.40231
   -0.146177   -0.0816359    -0.323772
   0.0237339     0.105297    -0.323048
   -0.240724     0.380731      -0.3434
    0.551232    -0.481841    -0.303657
    0.113887     0.347474    -0.327547
   -0.295175   -0.0213688    -0.415249
  -0.0650434    -0.322705     0.388607
    0.406619     0.177787    -0.237419
   -0.342094    -0.507015    -0.273823
   -0.494277    -0.164795     0.310327
    0.258473    -0.264292     0.109667
    0.486415    -0.316703 -7.87126e-05
    0.435619    -0.365878  0.000502893
    0.484328    -0.328357  0.000451629
    0.500079    -0.228845   0.00159461
   -0.443314   -0.0593939  0.000715124
   -0.396727   -0.0265378   0.00019622
     0.47936  -0.00818988   0.00026161
    0.553095    -0.105465  0.000497435
      -0.453   -0.0362539  0.000424757
   -0.470027    -0.218259   0.00102653
   -0.511551   -0.0630524  0.000761106
    0.553421    -0.177744  0.000337026
    0.507214    -0.182713  2.66754e-05
   0.0331233    -0.378327     0.231598
     0.45191    -0.401331     0.230633
   0.0351961    -0.252358     0.313877
    0.485275    -0.406316     0.105661
   -0.436495     0.284665  0.000599963
   -0.483518     0.486438 -0.000630613
   -0.443536     0.374021 -0.000363267
    0.513962     0.365963  -0.00231093
    0.246051     0.410414  0.000705538
    0.312255     0.464432   0.00049531
    0.503438     0.401625  -0.00137865
   -0.515137     0.499556 -0.000460464
   -0.491269     0.505407 -0.000471162
    0.543444     0.478223 -0.000248516
    0.418022        0.488  6.12439e-06
    0.512678     0.409315 -0.000807439
   -0.543516     0.452431 -0.000730091
   -0.520372     0.345757  -0.00129251
   -0.296464     0.174274    -0.104037
  -0.0922059    0.0848085  0.000353609
   -0.125037   -0.0182184  0.000881052
   -0.245334    0.0809821  3.23658e-05
   -0.166812     0.122779  0.000601119
   -0.137072    0.0877314  0.000313815
   -0.206687    0.0351256  -0.00017087
   -0.256698     0.138899 -0.000880328
   -0.224902    -0.213181 -0.000401228
  -0.0686511   -0.0613027 -0.000313579
   -0.182384    -0.210082 -0.000152971
   -0.319867    -0.496263  0.000129284
   -0.304325    -0.240552 -0.000214021
   -0.239007    -0.211494 -0.000308245
   -0.238108    0.0596814 -3.32246e-05
   -0.177776    0.0678245 -4.75873e-06
   -0.132747     0.462219  0.000407217
   -0.126004    -0.239895  2.73306e-06
  -0.0867137     0.486092  0.000569756
   -0.305595    -0.381323 -0.000494983
   -0.181469    -0.476319 -3.13012e-05
   -0.187108    -0.337802  -0.00130471
   -0.225143    -0.324969 -0.000927926
   -0.184637      -0.3018 -0.000454227
   -0.167138     0.412778  0.000812926
    0.140436     0.362581   0.00216325
    0.116631     0.315942  0.000184011
   -0.279694     0.252061  -0.00011159
   -0.129845     0.478015  0.000417593
  -0.0676568     0.411385  0.000546746
   -0.111255     0.400128  0.000411475
   -0.277033     0.289382  9.17353e-05
 -0.00546893     0.239945  0.000346157
   -0.288123     0.296901 -0.000359365
   -0.220592     0.274053  0.000530781
  -0.0923289     0.400542  0.000454087
  -0.0888508     0.439562  0.000671712
   -0.110615     0.327171  5.21271e-06
   -0.074309     0.345245   0.00039291
   0.0343267     0.373557   0.00195197
   -0.184509       0.5051  0.000229037
   -0.114627     0.444692  0.000606022
    -0.17819    -0.281036 -0.000650766
   -0.177687     0.187148  -4.0737e-05
   -0.241116    -0.292364 -0.000819797
   -0.157193    -0.475603  7.98318e-05
  -0.0636381    -0.414319  9.52663e-05
   -0.182771     0.230323   0.00170024
   -0.242675     0.178584 -0.000645144
   -0.129525     0.462197  0.000433472
  -0.0895521      0.18094    0.0010687
     -0.3079    -0.333233 -0.000409582
   -0.278173    -0.445579 -0.000451937
  -0.0408326     0.140284  0.000472515
     -0.3859     0.294912   -0.0011488
   -0.379318     0.447934 -0.000276739
   -0.320831    -0.510783 -0.000259613
   -0.284288     0.255116  5.75493e-05
   -0.434148     0.326413  -0.00136832
   -0.178221     0.406109  0.000941278
   -0.415227    -0.426545 -0.000662008
   -0.378507     0.450742 -0.000190153
   -0.301043     0.163282 -0.000416056
   -0.297261     0.257261 -0.000114801
   -0.411818      0.50552 -0.000412447
    -0.18483     0.448746  0.000560306
   -0.291669     0.194734 -1.83702e-05
     -0.2643     0.312847  0.000364533
    -0.41037     0.470104 -0.000286852
   -0.319272    -0.424701  -0.00131387
    0.474473     0.344645  -0.00179674
    0.516515    -0.415162 -0.000974091
   -0.373775    -0.488203  0.000533166
   -0.082876     0.190409  0.000376702
    -0.34049    -0.194069  0.000642405
   -0.337959   -0.0391446  4.14861e-05
   -0.437867    0.0454179  3.22703e-05
   -0.294437    -0.299366 -0.000187994
   -0.399709    -0.248376  -0.00170958
   -0.505999    -0.450458  -0.00122253
   -0.272304    -0.182661  0.000424698
   -0.484523    -0.202549   -0.0011375
    0.501632     0.111326  0.000129702
   -0.548442     0.407399 -0.000184199
   -0.412777    -0.503427 -0.000898074
   -0.317043    -0.153791  0.000145294
   -0.258546     0.226435 -4.11326e-05
   0.0548625     0.291818 -0.000725211
   -0.302454    -0.116433   0.00119619
   -0.446258    -0.428931 -0.000722792
   -0.528027     -0.29473  0.000100158
    -0.34154    -0.457956 -0.000258866
   -0.235265   -0.0347439  0.000391135
   -0.367002     0.379933   0.00011585
   -0.452655    -0.273452 -0.000174756
   -0.466528    0.0110104  0.000147855
   -0.499514    -0.236746  0.000153731
   -0.373302     0.199258 -0.000908142
   -0.553584    -0.301546  0.000812149
    -0.29986    0.0705403 -0.000172157
   -0.176206    -0.133507  0.000171354
   -0.541963     0.140729  0.000258274
    0.533103     0.352283  -0.00162887
   -0.416599     0.211888 -0.000409715
    0.536097     0.437124     0.124064
   -0.258389      -0.2536     0.141859
    0.105973     0.315225     0.125359
   -0.178283    -0.325564     0.180459
  -0.0646119      0.04982     0.182629
   -0.113301     0.344915       0.1509
   -0.207769     0.370321      -0.2567
   -0.214581    -0.442908    -0.169124
    0.533359     0.328594    -0.104233
    0.345273      0.44232    -0.174375
   -0.104411     0.161312    -0.129982
   -0.463371     -0.17966    -0.105635
   -0.417719     0.205591     -0.18424
   -0.174203    -0.228929    -0.208697
   -0.141148     0.226456    -0.253737
   -0.515827    -0.118073   0.00146268
    0.497287    0.0511034  3.90149e-06
    0.382219   -0.0287248 -0.000283641
    0.223685    -0.346408 -0.000151046
    0.232827    -0.379696 -0.000144889
    0.229641    -0.064235  0.000399709
    0.114985    -0.130672  0.000800436
     0.38335    -0.357608  -0.00028517
    0.278114    -0.184232  0.000299718
    0.274944    -0.239372  0.000746612
    0.441004    -0.318221   0.00104035
    0.458817   -0.0650667  0.000204755
     0.30508    -0.189555   0.00118598
    0.405875     -0.19647  0.000775965
    0.291551     -0.20444   0.00196399
    0.194313    -0.236273  0.000359345
    0.371939   -0.0042682     0.226892
     0.10171    -0.213089     0.124301
    0.374776    -0.143506    -0.208905
    0.116536    -0.307551    -0.251566
    0.556684    -0.340617    -0.114599
      0.4052   -0.0264701 -0.000102117
    0.369898     0.126913  0.000874937
    0.472199    -0.441916 -0.000300766
  -0.0766098    0.0516381  0.000349023
     0.49036    0.0264729  1.17549e-05
    0.169669     0.338755  0.000396181
    0.301923    -0.337137 -4.96089e-05
     0.35271     0.466949   0.00065104
    0.327733     0.265574   0.00118416
    0.179604     0.471216  0.000732293
    0.504034    -0.340364 -0.000460379
    0.321285    -0.454044 -1.89597e-05
    0.495646    -0.463953  -0.00140357
    0.134886      0.15969   -0.0007895
   0.0164333     0.450281    0.0017929
   0.0923015     0.331015  0.000625374
   -0.270342    0.0831566 -0.000223328
    0.394594    -0.371575  -0.00039054
     0.46446    -0.468595  1.45233e-05
    0.532354    -0.330189 -0.000142619
    0.221109     0.221613  -0.00033768
    0.183442    -0.268635   0.00131767
    0.300177     0.382781   0.00153613
    0.538173     0.120751 -0.000131325
    0.289987     0.365684  0.000560911
    0.137209     0.500919   0.00147781
    0.342262    -0.341416 -0.000185481
   0.0659964     0.488688     0.111542
    0.178631     0.231334    -0.152242
   -0.229024   -0.0212295      -0.1253
    0.340428      0.12993  0.000187182
    0.472444     0.100892  0.000159616
   -0.464485     0.327898 -0.000736948
    0.462628     0.342314  -0.00202809
   0.0206342    0.0951019  0.000429195
    0.087045      0.20078  3.19967e-05
    0.248023     0.389665  0.000510091
   -0.158334    -0.217108 -0.000335856
     0.20337     0.445169    0.0010675
   -0.113425    0.0965299  0.000736987
    0.361762     0.187605   3.3089e-05
   0.0212365     0.501699  0.000674078
  -0.0893986   -0.0411092   0.00069364
   0.0012462    0.0794353  2.74946e-05
   -0.158336    -0.135092  -0.00024211
    0.175867    -0.203278   0.00233466
    0.141726    0.0464641  0.000139489
    0.330237      0.19384  3.16583e-06
    0.172272     0.302045   0.00163775
  0.00435339    0.0717717 -2.56142e-08
   0.0166384    -0.155702 -0.000295649
   0.0242867    -0.463581  0.000542439
    0.135395    -0.452769  0.000703755
    0.258813     -0.49424  0.000368432
   0.0558178    -0.390246  0.000246758
   0.0134363     0.477462  0.000658009
  -0.0483506    -0.315901  0.000421159
    0.176442   -0.0613678   9.3879e-05
     0.01025    -0.498682   0.00145861
    0.153267    -0.144667  0.000112129
  -0.0254321   -0.0810667  -0.00114276
   0.0267613    -0.435818  0.000269919
   0.0822981     0.480863   0.00116034
  -0.0514221     -0.27468  -0.00134521
    -0.20396    -0.507166  4.46745e-05
   0.0853123        -0.32  0.000347717
    0.315982     0.498079  0.000313723
   0.0977458     0.329204   0.00052725
  -0.0518074    -0.186965 -6.92863e-05
    0.453561     0.198517  4.58173e-05
   -0.117178    -0.308521 -2.89888e-05
   -0.129772    -0.471349  3.70117e-05
 -0.00295233   -0.0696791  0.000674582
   0.0911114     0.129851  0.000753681
    0.588851     0.334394     0.201357
   -0.588851     0.334394     0.201357
    0.414351     0.535628      0.14373
    0.414351    -0.535628      0.14373
    0.393921     0.535628     0.207225
    0.393921    -0.535628     0.207225
    0.588851     0.518178     0.179515
   -0.588851     0.518178     0.179515
   -0.567674     0.535628     0.183442
   -0.567674    -0.535628     0.183442
    0.584799     0.535628        0.373
    0.584799    -0.535628        0.373
    0.588851    -0.531676     0.379473
   -0.588851    -0.531676     0.379473
   -0.312406    -0.290924      0.47081
   -0.312406    -0.290924     -0.47081
    -0.35144    -0.298427      0.47081
    -0.35144    -0.298427     -0.47081
    -0.27457    -0.230088      0.47081
    -0.27457    -0.230088     -0.47081
   -0.344046    -0.169035      0.47081
   -0.344046    -0.169035     -0.47081
    0.588851     0.338856     0.446597
   -0.588851     0.338856     0.446597
    0.376035     0.535628     0.297556
    0.376035    -0.535628     0.297556
    0.586108     0.535628     0.390116
    0.586108    -0.535628     0.390116
    0.588851    -0.531876      0.39065
   -0.588851    -0.531876      0.39065
    0.588851     0.245441     0.354944
   -0.588851     0.245441     0.354944
   -0.067063    -0.535628     0.443833
   -0.067063     0.535628     0.443833
   -0.227556    -0.357466      0.47081
   -0.227556    -0.357466     -0.47081
   -0.252586    -0.358471      0.47081
   -0.252586    -0.358471     -0.47081
   -0.202121    -0.333094      0.47081
   -0.202121    -0.333094     -0.47081
   -0.220201    -0.430797      0.47081
   -0.220201    -0.430797     -0.47081
   -0.263747    -0.535628    -0.423113
   -0.263747     0.535628    -0.423113
   -0.172932    -0.418164      0.47081
   -0.172932    -0.418164     -0.47081
   -0.115957    -0.535628    -0.402897
   -0.115957     0.535628    -0.402897
   -0.226943    -0.392248      0.47081
   -0.226943    -0.392248     -0.47081
   -0.166774     -0.37514      0.47081
   -0.166774     -0.37514     -0.47081
   -0.170775       -0.362      0.47081
   -0.170775       -0.362     -0.47081
    0.525878     0.313983     0.399709
     1.70358     0.313983     0.399709
    0.525878     0.324498      0.43832
     1.70358     0.324498      0.43832
    0.525878     0.341323      0.44585
     1.70358     0.341323      0.44585
    0.568934     0.535628     0.399118
    0.568934    -0.535628     0.399118
    0.525878     0.305613     0.446349
     1.70358     0.305613     0.446349
    0.538445     0.288093      0.47081
    0.538445     0.288093     -0.47081
    0.525878     0.256587    -0.455844
     1.70358     0.256587    -0.455844
    0.545135     0.361089      0.47081
    0.545135     0.361089     -0.47081
    0.525878     0.401339    -0.435331
     1.70358     0.401339    -0.435331
     0.46163     0.535628     -0.31696
     0.46163    -0.535628     -0.31696
    0.533682     0.318141      0.47081
    0.533682     0.318141     -0.47081
    0.525878     0.312412    -0.463385
     1.70358     0.312412    -0.463385
    0.566842     0.322981      0.47081
    0.566842     0.322981     -0.47081
    0.574004      0.28055      0.47081
    0.574004      0.28055     -0.47081
    0.585595       0.3346      0.47081
    0.585595       0.3346     -0.47081
    0.578824     0.355428      0.47081
    0.578824     0.355428     -0.47081
   -0.404561     0.535628    -0.266787
   -0.404561    -0.535628    -0.266787
   -0.558263     0.241738      0.47081
   -0.558263     0.241738     -0.47081
   -0.588851     0.299448     0.358028
    0.588851     0.299448     0.358028
    -0.23141     0.535628     0.357793
    -0.23141    -0.535628     0.357793
   -0.341139     0.535628     0.311057
   -0.341139    -0.535628     0.311057
   -0.413649     0.330877      0.47081
   -0.413649     0.330877     -0.47081
   -0.468595     0.295847      0.47081
   -0.468595     0.295847     -0.47081
   -0.437664     0.324899      0.47081
   -0.437664     0.324899     -0.47081
   -0.419772     0.142867      0.47081
   -0.419772     0.142867     -0.47081
    0.588851     0.284914     0.264059
   -0.588851     0.284914     0.264059
    0.588851     0.119659     0.280322
   -0.588851     0.119659     0.280322
    0.578938     0.535628      0.38278
    0.578938    -0.535628      0.38278
    0.588851    -0.510778     0.391771
   -0.588851    -0.510778     0.391771
    0.588851     0.331952     0.347237
   -0.588851     0.331952     0.347237
    0.588851     0.235951      0.30883
   -0.588851     0.235951      0.30883
    0.588851     0.019913     0.363332
   -0.588851     0.019913     0.363332
    0.084879    -0.535628     0.417074
    0.084879     0.535628     0.417074
   -0.044903    -0.535628     0.429959
   -0.044903     0.535628     0.429959
    -0.17736    -0.294909      0.47081
    -0.17736    -0.294909     -0.47081
   -0.128967    -0.442083      0.47081
   -0.128967    -0.442083     -0.47081
   -0.101125    -0.535628    -0.411597
   -0.101125     0.535628    -0.411597
   -0.117198    -0.368342      0.47081
   -0.117198    -0.368342     -0.47081
   -0.119747    -0.344297      0.47081
   -0.119747    -0.344297     -0.47081
     0.19308     0.535628      0.13831
     0.19308    -0.535628      0.13831
  -0.0374641     0.535628     0.183393
  -0.0374641    -0.535628     0.183393
    -0.26406     0.535628     0.318798
    -0.26406    -0.535628     0.318798
    0.170429     0.535628     0.188422
    0.170429    -0.535628     0.188422
  -0.0140802     0.535628     0.143238
  -0.0140802    -0.535628     0.143238
   -0.109132     0.535628     0.160193
   -0.109132    -0.535628     0.160193
   -0.477984     0.535628      0.31894
   -0.477984    -0.535628      0.31894
   0.0320402     0.535628     0.140304
   0.0320402    -0.535628     0.140304
   -0.588851    -0.366555     0.154938
    0.588851    -0.366555     0.154938
    0.588851     0.211006     0.358204
   -0.588851     0.211006     0.358204
    0.335932     0.217516      0.47081
    0.335932     0.217516     -0.47081
   -0.588851     0.301145     0.226329
    0.588851     0.301145     0.226329
   -0.533383     0.535628     0.209636
   -0.533383    -0.535628     0.209636
     0.55696     0.535628     0.378191
     0.55696    -0.535628     0.378191
   -0.331082     0.535628     0.301699
   -0.331082    -0.535628     0.301699
    0.588851   -0.0394996     0.264853
   -0.588851   -0.0394996     0.264853
    0.588851     -0.18323     0.321566
   -0.588851     -0.18323     0.321566
    0.588851   -0.0924873     0.368979
   -0.588851   -0.0924873     0.368979
    0.309754    -0.187187      0.47081
    0.309754    -0.187187     -0.47081
  -0.0989937     0.535628     0.291402
  -0.0989937    -0.535628     0.291402
   -0.256062     0.535628     0.345825
   -0.256062    -0.535628     0.345825
   -0.266166     0.363151      0.47081
   -0.266166     0.363151     -0.47081
  -0.0510269     0.386153      0.47081
  -0.0510269     0.386153     -0.47081
   -0.110599     0.413768      0.47081
   -0.110599     0.413768     -0.47081
    0.371244    -0.535628      0.13835
    0.371244     0.535628      0.13835
    0.588851    -0.228597     0.293764
   -0.588851    -0.228597     0.293764
    0.588851    -0.477326     0.174654
   -0.588851    -0.477326     0.174654
  -0.0445366    -0.535628      0.28124
  -0.0445366     0.535628      0.28124
   0.0923718    -0.535628     0.326088
   0.0923718     0.535628     0.326088
   -0.147824    -0.535628     0.280755
   -0.147824     0.535628     0.280755
  -0.0131937    -0.535628     0.331198
  -0.0131937     0.535628     0.331198
    0.352912     0.535628     0.213588
    0.352912    -0.535628     0.213588
   -0.254275    -0.535628     0.350799
   -0.254275     0.535628     0.350799
   -0.248893    -0.535628     0.349117
   -0.248893     0.535628     0.349117
    -0.24415    -0.535628     0.351258
    -0.24415     0.535628     0.351258
   -0.357884    -0.398052      0.47081
   -0.357884    -0.398052     -0.47081
    -0.25058    -0.535628     0.353245
    -0.25058     0.535628     0.353245
   -0.293078     0.442523      0.47081
   -0.293078     0.442523     -0.47081
   -0.244529    -0.535628      0.35594
   -0.244529     0.535628      0.35594
     -0.1531     0.485055      0.47081
     -0.1531     0.485055     -0.47081
   -0.328489      0.53446      0.47081
   -0.328489      0.53446     -0.47081
   -0.111084     0.126621      0.47081
   -0.111084     0.126621     -0.47081
   -0.276622     0.283256      0.47081
   -0.276622     0.283256     -0.47081
   -0.050128     0.332646      0.47081
   -0.050128     0.332646     -0.47081
   -0.139897      0.24413      0.47081
   -0.139897      0.24413     -0.47081
   -0.349011   0.00567913      0.47081
   -0.349011   0.00567913     -0.47081
    0.588851     -0.22712     0.321967
   -0.588851     -0.22712     0.321967
    0.370143    -0.535628     0.265256
    0.370143     0.535628     0.265256
    0.299091    -0.535628     0.318394
    0.299091     0.535628     0.318394
    0.588851    -0.477188     0.220547
   -0.588851    -0.477188     0.220547
    0.588851     0.530124     0.378035
   -0.588851     0.530124     0.378035
    0.300868    -0.535628     0.253829
    0.300868     0.535628     0.253829
      0.3294    -0.311615      0.47081
      0.3294    -0.311615     -0.47081
    0.256008    -0.401189      0.47081
    0.256008    -0.401189     -0.47081
   -0.588851   -0.0114996     0.303633
    0.588851   -0.0114996     0.303633
   -0.588851     -0.19531     0.340968
    0.588851     -0.19531     0.340968
   -0.588851    -0.201427      0.34401
    0.588851    -0.201427      0.34401
    0.427296    -0.229777      0.47081
    0.427296    -0.229777     -0.47081
   -0.456261    -0.277507      0.47081
   -0.456261    -0.277507     -0.47081
   -0.586156    -0.230516      0.47081
   -0.586156    -0.230516     -0.47081
    -0.37411    -0.342008      0.47081
    -0.37411    -0.342008     -0.47081
    0.588851     0.526214     0.397176
   -0.588851     0.526214     0.397176
   -0.561266     0.535628     0.395716
   -0.561266    -0.535628     0.395716
    0.118743     0.535628     0.393834
    0.118743    -0.535628     0.393834
    0.231756     0.403191      0.47081
    0.231756     0.403191     -0.47081
    0.117651     0.395854      0.47081
    0.117651     0.395854     -0.47081
    0.290462     0.439877      0.47081
    0.290462     0.439877     -0.47081
    0.454688     0.535628    -0.331278
    0.454688    -0.535628    -0.331278
    0.219472     0.477468      0.47081
    0.219472     0.477468     -0.47081
    0.214119     0.535628     -0.42856
    0.214119    -0.535628     -0.42856
    0.190476     0.370784      0.47081
    0.190476     0.370784     -0.47081
    0.246006     0.351635      0.47081
    0.246006     0.351635     -0.47081
    0.165941     0.377756      0.47081
    0.165941     0.377756     -0.47081
    0.197622     0.415962      0.47081
    0.197622     0.415962     -0.47081
    0.228141     0.433374      0.47081
    0.228141     0.433374     -0.47081
    0.234005     0.535628    -0.290407
    0.234005    -0.535628    -0.290407
    0.143095     0.481932      0.47081
    0.143095     0.481932     -0.47081
   0.0867941     0.535628    -0.433995
   0.0867941    -0.535628    -0.433995
   -0.242669    -0.535628     0.259129
   -0.242669     0.535628     0.259129
    -0.23604    -0.535628     0.198341
    -0.23604     0.535628     0.198341
   -0.528776    -0.535628     0.240146
   -0.528776     0.535628     0.240146
   -0.475036    -0.535628     0.196131
   -0.475036     0.535628     0.196131
    0.571291     0.525454     0.394317
    0.571291      1.59671     0.394317
   -0.549499    -0.479874      0.47081
   -0.549499    -0.479874     -0.47081
    0.546391    -0.518486     0.408542
     1.72409    -0.518486     0.408542
    0.456893    -0.424776      0.47081
    0.456893    -0.424776     -0.47081
   -0.497662    -0.429299      0.47081
   -0.497662    -0.429299     -0.47081
    0.546391     0.534806     0.437865
     1.72409     0.534806     0.437865
    0.530529    -0.533262      0.47081
    0.530529    -0.533262     -0.47081
    0.546391     -0.53211     0.405984
     1.72409     -0.53211     0.405984
    0.433696    -0.486432      0.47081
    0.433696    -0.486432     -0.47081
   -0.553156     0.529983      0.47081
   -0.553156     0.529983     -0.47081
    0.576937    -0.430311      0.47081
    0.576937    -0.430311     -0.47081
    0.028669       0.1944      0.47081
    0.028669       0.1944     -0.47081
   0.0722042     0.302666      0.47081
   0.0722042     0.302666     -0.47081
   -0.325864     0.535628     0.308151
   -0.325864    -0.535628     0.308151
    -0.46371     0.535628     0.469158
    -0.46371    -0.535628     0.469158
   -0.462313     -0.53117      0.47081
   -0.462313     -0.53117     -0.47081
   -0.449742     0.370011      0.47081
   -0.449742     0.370011     -0.47081
   -0.491137     0.415854      0.47081
   -0.491137     0.415854     -0.47081
   -0.418635     0.535628    -0.267199
   -0.418635    -0.535628    -0.267199
   -0.588851     0.142838     0.374098
    0.588851     0.142838     0.374098
   -0.244853     0.126783      0.47081
   -0.244853     0.126783     -0.47081
   -0.374631     0.258937      0.47081
   -0.374631     0.258937     -0.47081
   -0.395775    0.0205743      0.47081
   -0.395775    0.0205743     -0.47081
   -0.346957     0.181033      0.47081
   -0.346957     0.181033     -0.47081
  0.00452567    -0.535628     0.397361
  0.00452567     0.535628     0.397361
    0.168374    -0.269382      0.47081
    0.168374    -0.269382     -0.47081
   -0.148986    -0.206363      0.47081
   -0.148986    -0.206363     -0.47081
  -0.0596648    -0.117396      0.47081
  -0.0596648    -0.117396     -0.47081
   0.0765409    -0.329589      0.47081
   0.0765409    -0.329589     -0.47081
  -0.0438289    -0.341363      0.47081
  -0.0438289    -0.341363     -0.47081
  -0.0344307    -0.290442      0.47081
  -0.0344307    -0.290442     -0.47081
   -0.392175     0.535628     0.305648
   -0.392175    -0.535628     0.305648
   0.0165041     0.332674      0.47081
   0.0165041     0.332674     -0.47081
   0.0196641     0.380996      0.47081
   0.0196641     0.380996     -0.47081
   0.0111958     0.388954      0.47081
   0.0111958     0.388954     -0.47081
   0.0313896     0.368887      0.47081
   0.0313896     0.368887     -0.47081
   0.0203047     0.428195      0.47081
   0.0203047     0.428195     -0.47081
 -0.00687166     0.535628    -0.411592
 -0.00687166    -0.535628    -0.411592
    0.588851   -0.0672905     0.420341
   -0.588851   -0.0672905     0.420341
    0.313035  -0.00809616      0.47081
    0.313035  -0.00809616     -0.47081
    0.221728     0.076307      0.47081
    0.221728     0.076307     -0.47081
     0.33555    0.0519031      0.47081
     0.33555    0.0519031     -0.47081
    0.266442     0.108325      0.47081
    0.266442     0.108325     -0.47081
    0.312095    0.0880568      0.47081
    0.312095    0.0880568     -0.47081
    0.241687     0.129622      0.47081
    0.241687     0.129622     -0.47081
  -0.0430865    0.0542487      0.47081
  -0.0430865    0.0542487     -0.47081
   -0.346957     0.504815     0.297583
   -0.346957      1.57607     0.297583
   -0.396237    -0.384873      0.47081
   -0.396237    -0.384873     -0.47081
   -0.295807    -0.187964      0.47081
   -0.295807    -0.187964     -0.47081
   -0.255318    -0.111258      0.47081
   -0.255318    -0.111258     -0.47081
   -0.198069   -0.0539273      0.47081
   -0.198069   -0.0539273     -0.47081
   -0.330094   -0.0830471      0.47081
   -0.330094   -0.0830471     -0.47081
   -0.572725    -0.132221      0.47081
   -0.572725    -0.132221     -0.47081
   -0.588851    -0.123409     0.436991
    0.588851    -0.123409     0.436991
    0.520963    -0.152747      0.47081
    0.520963    -0.152747     -0.47081
   -0.484272    -0.192259      0.47081
   -0.484272    -0.192259     -0.47081
   -0.588851   -0.0952581     0.453687
    0.588851   -0.0952581     0.453687
    0.569863   -0.0905409      0.47081
    0.569863   -0.0905409     -0.47081
   -0.533188    -0.107444      0.47081
   -0.533188    -0.107444     -0.47081
    -0.46754   -0.0839407      0.47081
    -0.46754   -0.0839407     -0.47081
   -0.561182    -0.151708      0.47081
   -0.561182    -0.151708     -0.47081
   -0.302452     0.535628    -0.167564
   -0.302452    -0.535628    -0.167564
   -0.449634     0.535628    -0.243105
   -0.449634    -0.535628    -0.243105
   -0.393418    -0.535628     -0.12907
   -0.393418     0.535628     -0.12907
   -0.588851     0.411636    -0.105477
    0.588851     0.411636    -0.105477
    -0.31475    -0.535628    -0.132741
    -0.31475     0.535628    -0.132741
   -0.214258    -0.535628    -0.198036
   -0.214258     0.535628    -0.198036
    -0.33359    -0.535628    -0.141728
    -0.33359     0.535628    -0.141728
    -0.26169    -0.535628    -0.158918
    -0.26169     0.535628    -0.158918
   -0.100371    -0.535628      -0.1724
   -0.100371     0.535628      -0.1724
   -0.248175    -0.535628    -0.136612
   -0.248175     0.535628    -0.136612
   -0.588851    -0.413195    -0.109319
    0.588851    -0.413195    -0.109319
    0.508308    -0.211801     -0.29074
     1.68601    -0.211801     -0.29074
    0.508308    -0.157467    -0.300408
     1.68601    -0.157467    -0.300408
    0.508308    -0.161638    -0.281159
     1.68601    -0.161638    -0.281159
   -0.588851    -0.437043    -0.285387
    0.588851    -0.437043    -0.285387
   -0.588851    -0.369938    -0.204455
    0.588851    -0.369938    -0.204455
    0.588851    -0.196773    -0.306622
   -0.588851    -0.196773    -0.306622
    0.588851    -0.256487    -0.324146
   -0.588851    -0.256487    -0.324146
   -0.138663    -0.535628     -0.33455
   -0.138663     0.535628     -0.33455
    0.384569    -0.535628    -0.104324
    0.384569     0.535628    -0.104324
    0.298354    -0.535628    -0.129221
    0.298354     0.535628    -0.129221
    0.588851     0.234723   -0.0749774
   -0.588851     0.234723   -0.0749774
    0.588851   -0.0757758   -0.0759369
   -0.588851   -0.0757758   -0.0759369
    0.462789     0.535628     -0.23813
    0.462789    -0.535628     -0.23813
    0.588851     0.221703    -0.115786
   -0.588851     0.221703    -0.115786
    0.588851     0.305643    -0.134116
   -0.588851     0.305643    -0.134116
    0.588851      0.39533    -0.139797
   -0.588851      0.39533    -0.139797
   -0.391019     0.535628    -0.228548
   -0.391019    -0.535628    -0.228548
    0.459985     0.535628   -0.0805419
    0.459985    -0.535628   -0.0805419
    0.454895     0.535628    -0.244794
    0.454895    -0.535628    -0.244794
    0.236305     0.535628    -0.191749
    0.236305    -0.535628    -0.191749
   0.0127953     0.063907     -0.47081
   0.0127953     0.063907      0.47081
    0.259747     0.535628    -0.141846
    0.259747    -0.535628    -0.141846
    0.129375     0.535628    -0.174875
    0.129375    -0.535628    -0.174875
    0.227756     0.535628     -0.19221
    0.227756    -0.535628     -0.19221
    0.588851    -0.208472    -0.106053
   -0.588851    -0.208472    -0.106053
   -0.588851    -0.219775   -0.0983357
    0.588851    -0.219775   -0.0983357
   -0.588851    -0.176584   -0.0889877
    0.588851    -0.176584   -0.0889877
   -0.588851    -0.194464    -0.109253
    0.588851    -0.194464    -0.109253
   -0.588851    -0.249306   -0.0781103
    0.588851    -0.249306   -0.0781103
    0.530208     0.335579     -0.47081
    0.530208     0.335579      0.47081
   -0.267614     0.379306     -0.47081
   -0.267614     0.379306      0.47081
   -0.445277     0.535628    -0.250715
   -0.445277    -0.535628    -0.250715
    0.588851     -0.25567     -0.30596
   -0.588851     -0.25567     -0.30596
    0.100964     0.535628    -0.335886
    0.100964    -0.535628    -0.335886
  -0.0268484     0.535628    -0.345485
  -0.0268484    -0.535628    -0.345485
    0.588851    0.0858606    -0.215497
   -0.588851    0.0858606    -0.215497
    0.588851   -0.0862496    -0.285202
   -0.588851   -0.0862496    -0.285202
    0.588851   -0.0515208    -0.322508
   -0.588851   -0.0515208    -0.322508
   0.0846999    -0.535628    -0.220904
   0.0846999     0.535628    -0.220904
    0.455368    -0.535628    -0.271898
    0.455368     0.535628    -0.271898
    0.473238    -0.535628    -0.269501
    0.473238     0.535628    -0.269501
    0.588851     0.342268    -0.216622
   -0.588851     0.342268    -0.216622
    0.491746    -0.535628    -0.273099
    0.491746     0.535628    -0.273099
    0.588851     0.475581    -0.268574
   -0.588851     0.475581    -0.268574
    0.588851    -0.527653    -0.263859
   -0.588851    -0.527653    -0.263859
    0.588851    -0.281385     -0.31265
   -0.588851    -0.281385     -0.31265
     0.12135    -0.535628    -0.244867
     0.12135     0.535628    -0.244867
   -0.588851    -0.317261    -0.115751
    0.588851    -0.317261    -0.115751
   -0.494816     0.535628    -0.249001
   -0.494816    -0.535628    -0.249001
  -0.0590199     0.535628    -0.318663
  -0.0590199    -0.535628    -0.318663
    0.588851     0.034996    -0.204555
   -0.588851     0.034996    -0.204555
    0.588851    -0.116138    -0.264357
   -0.588851    -0.116138    -0.264357
   -0.588851     0.164074     -0.16495
    0.588851     0.164074     -0.16495
   -0.421804     0.535628    -0.235332
   -0.421804    -0.535628    -0.235332
   -0.437736     0.535628    -0.245572
   -0.437736    -0.535628    -0.245572
   -0.588851    -0.456955    -0.172561
    0.588851    -0.456955    -0.172561
    0.207483     0.535628    -0.212565
    0.207483    -0.535628    -0.212565
   0.0505615     0.535628    -0.245621
   0.0505615    -0.535628    -0.245621
   -0.588851    -0.257273    -0.321557
    0.588851    -0.257273    -0.321557
    0.383433     0.535628    0.0649025
    0.383433    -0.535628    0.0649025
    0.588851     0.305754    0.0851037
   -0.588851     0.305754    0.0851037
    0.412196     0.535628    0.0663303
    0.412196    -0.535628    0.0663303
  -0.0831772     0.535628    0.0454902
  -0.0831772    -0.535628    0.0454902
  -0.0116565     0.535628    0.0583063
  -0.0116565    -0.535628    0.0583063
   -0.588851     0.300152     0.187991
    0.588851     0.300152     0.187991
    0.588851    -0.149065    0.0660036
   -0.588851    -0.149065    0.0660036
    0.370676    -0.535628  -0.00543247
    0.370676     0.535628  -0.00543247
     0.21471    -0.535628   -0.0257141
     0.21471     0.535628   -0.0257141
    0.588851    -0.309863    0.0186668
   -0.588851    -0.309863    0.0186668
    0.548106     0.307564    0.0143725
     1.72581     0.307564    0.0143725
   -0.558012    -0.535628     0.167358
   -0.558012     0.535628     0.167358
    0.501818     0.368187  -0.00725621
     1.67952     0.368187  -0.00725621
   -0.518116    -0.535628     0.171081
   -0.518116     0.535628     0.171081
    0.576852    -0.480874    0.0232396
     1.75455    -0.480874    0.0232396
   -0.280645     0.535628   -0.0682076
   -0.280645    -0.535628   -0.0682076
     0.16922    -0.535628   -0.0734482
     0.16922     0.535628   -0.0734482
    0.588851    -0.216055   -0.0403234
   -0.588851    -0.216055   -0.0403234
    0.574443     0.535628    0.0281547
    0.574443    -0.535628    0.0281547
    0.501818     0.388334    0.0280027
     1.67952     0.388334    0.0280027
    0.501818      0.45184    0.0286128
     1.67952      0.45184    0.0286128
    0.397751     0.535628    0.0289779
    0.397751    -0.535628    0.0289779
   -0.565461     0.535628    0.0284642
   -0.565461    -0.535628    0.0284642
    0.501818      0.40855    0.0286962
     1.67952      0.40855    0.0286962
    0.501818     0.422482    0.0285743
     1.67952     0.422482    0.0285743
    0.501818     0.402758     0.028438
     1.67952     0.402758     0.028438
    0.501818     0.361159    0.0286096
     1.67952     0.361159    0.0286096
    0.501818     0.406828    0.0285907
     1.67952     0.406828    0.0285907
   -0.272376    -0.535628    0.0291334
   -0.272376     0.535628    0.0291334
   -0.194635    -0.535628    0.0293119
   -0.194635     0.535628    0.0293119
    0.588851    -0.134158      0.02963
   -0.588851    -0.134158      0.02963
    0.588851   -0.0662557    0.0292202
   -0.588851   -0.0662557    0.0292202
    0.588851    -0.234882    0.0283636
   -0.588851    -0.234882    0.0283636
    0.588851    -0.282939    0.0290909
   -0.588851    -0.282939    0.0290909
    0.588851    -0.267351    0.0293182
   -0.588851    -0.267351    0.0293182
   -0.538021     0.535628    0.0283744
   -0.538021    -0.535628    0.0283744
   -0.270899     0.535628    0.0292508
   -0.270899    -0.535628    0.0292508
  -0.0634292     0.535628     0.030479
  -0.0634292    -0.535628     0.030479
   -0.274188     0.535628    0.0290287
   -0.274188    -0.535628    0.0290287
   -0.273395     0.535628     0.029269
   -0.273395    -0.535628     0.029269
   -0.329856     0.535628    0.0290909
   -0.329856    -0.535628    0.0290909
   -0.342649     0.535628     0.028785
   -0.342649    -0.535628     0.028785
   -0.231369     0.535628    0.0293015
   -0.231369    -0.535628    0.0293015
   -0.160909     0.535628     0.029555
   -0.160909    -0.535628     0.029555
  -0.0802666     0.535628     0.029773
  -0.0802666    -0.535628     0.029773
    -0.31153     0.535628    0.0292791
    -0.31153    -0.535628    0.0292791
    -0.21465     0.535628    0.0294038
    -0.21465    -0.535628    0.0294038
    0.532835    -0.535628    0.0284651
    0.532835     0.535628    0.0284651
    0.588851     0.490442    0.0285976
   -0.588851     0.490442    0.0285976
    0.441785    -0.535628    0.0285204
    0.441785     0.535628    0.0285204
    0.588851    -0.484136    0.0280098
   -0.588851    -0.484136    0.0280098
    0.346891    -0.535628    0.0288569
    0.346891     0.535628    0.0288569
    0.373015    -0.535628     0.028651
    0.373015     0.535628     0.028651
    0.588851    -0.295977    0.0303555
   -0.588851    -0.295977    0.0303555
   -0.397708     0.535628      0.02893
   -0.397708    -0.535628      0.02893
   -0.264304     0.535628    0.0291752
   -0.264304    -0.535628    0.0291752
   -0.475542     0.535628    0.0284993
   -0.475542    -0.535628    0.0284993
   -0.588851     0.425348    0.0289242
    0.588851     0.425348    0.0289242
   -0.567523     0.535628    0.0283204
   -0.567523    -0.535628    0.0283204
   -0.588851     0.470094    0.0285544
    0.588851     0.470094    0.0285544
    0.451993     0.535628    0.0281471
    0.451993    -0.535628    0.0281471
   -0.404733     0.535628    0.0292599
   -0.404733    -0.535628    0.0292599
   -0.529526     0.535628    0.0290379
   -0.529526    -0.535628    0.0290379
   -0.437197     0.535628    0.0289252
   -0.437197    -0.535628    0.0289252
   -0.263492     0.535628    0.0292135
   -0.263492    -0.535628    0.0292135
   -0.541593     0.535628    0.0292803
   -0.541593    -0.535628    0.0292803
    0.588851   -0.0877592    0.0295766
   -0.588851   -0.0877592    0.0295766
    0.588851    -0.214596    0.0282579
   -0.588851    -0.214596    0.0282579
    0.588851   -0.0318865    0.0292165
   -0.588851   -0.0318865    0.0292165
    0.588851     0.115298    0.0294116
   -0.588851     0.115298    0.0294116
  -0.0457062     0.535628     0.029724
  -0.0457062    -0.535628     0.029724
   0.0161459     0.535628    0.0296108
   0.0161459    -0.535628    0.0296108
     0.17067     0.535628    0.0295797
     0.17067    -0.535628    0.0295797
  -0.0205525     0.535628    0.0295444
  -0.0205525    -0.535628    0.0295444
   -0.588851     0.262027     0.029334
    0.588851     0.262027     0.029334
   -0.588851     0.207242    0.0296906
    0.588851     0.207242    0.0296906
   -0.588851     0.269703    0.0291398
    0.588851     0.269703    0.0291398
   -0.588851     0.231737    0.0296924
    0.588851     0.231737    0.0296924
   -0.588851     -0.50781    0.0294697
    0.588851     -0.50781    0.0294697
   -0.448292    -0.535628    0.0297473
   -0.448292     0.535628    0.0297473
   -0.588851     -0.46723    0.0293891
    0.588851     -0.46723    0.0293891
   -0.477356    -0.535628    0.0295985
   -0.477356     0.535628    0.0295985
   -0.468989    -0.535628     0.029597
   -0.468989     0.535628     0.029597
   -0.466953    -0.535628     0.029679
   -0.466953     0.535628     0.029679
   -0.436415    -0.535628    0.0297149
   -0.436415     0.535628    0.0297149
   -0.588851    -0.457025    0.0294723
    0.588851    -0.457025    0.0294723
   -0.466827    -0.535628    0.0296481
   -0.466827     0.535628    0.0296481
   -0.290706     0.535628    0.0292832
   -0.290706    -0.535628    0.0292832
   0.0567392    -0.535628    0.0298995
   0.0567392     0.535628    0.0298995
   0.0180097    -0.535628    0.0298429
   0.0180097     0.535628    0.0298429
   0.0936302    -0.535628    0.0297692
   0.0936302     0.535628    0.0297692
   0.0456332    -0.535628    0.0300246
   0.0456332     0.535628    0.0300246
   -0.588851   -0.0768782    0.0297747
    0.588851   -0.0768782    0.0297747
    0.316852     0.535628    0.0294344
    0.316852    -0.535628    0.0294344
   0.0601546     0.535628    0.0300252
   0.0601546    -0.535628    0.0300252
    0.174883     0.535628    0.0297521
    0.174883    -0.535628    0.0297521
  -0.0955943     0.535628     0.030598
  -0.0955943    -0.535628     0.030598
 -0.00909173     0.535628    0.0304147
 -0.00909173    -0.535628    0.0304147
    -0.24271     0.535628    0.0294085
    -0.24271    -0.535628    0.0294085
   -0.265379     0.535628    0.0293244
   -0.265379    -0.535628    0.0293244
  -0.0676065     0.535628     0.030538
  -0.0676065    -0.535628     0.030538
   -0.446374     0.514061    0.0288942
   -0.446374      1.58532    0.0288942
   -0.382223     0.514061    0.0290085
   -0.382223      1.58532    0.0290085
   -0.447495     0.514061    0.0288994
   -0.447495      1.58532    0.0288994
   -0.415912     0.514061    0.0289366
   -0.415912      1.58532    0.0289366
    -0.40876     0.514061    0.0289352
    -0.40876      1.58532    0.0289352
   -0.395251     0.514061    0.0290002
   -0.395251      1.58532    0.0290002
    0.588851      0.30575    0.0280904
   -0.588851      0.30575    0.0280904
    0.441818    -0.535628    0.0287656
    0.441818     0.535628    0.0287656
    0.588851     0.389564     0.028454
   -0.588851     0.389564     0.028454
    0.383858    -0.535628    0.0286212
    0.383858     0.535628    0.0286212
    0.265188    -0.535628     0.029223
    0.265188     0.535628     0.029223
    0.588851    -0.516824    0.0285542
   -0.588851    -0.516824    0.0285542
    0.534806    -0.535628    0.0288434
    0.534806     0.535628    0.0288434
    0.588851     0.514902     0.028827
   -0.588851     0.514902     0.028827
    0.393474    -0.535628    0.0284998
    0.393474     0.535628    0.0284998
    0.588851    -0.468181     0.028622
   -0.588851    -0.468181     0.028622
    0.338797    -0.535628    0.0292699
    0.338797     0.535628    0.0292699
    0.307352    -0.535628    0.0291285
    0.307352     0.535628    0.0291285
    0.397385    -0.535628    0.0286448
    0.397385     0.535628    0.0286448
  -0.0562162     0.535628    0.0297466
  -0.0562162    -0.535628    0.0297466
  -0.0654131     0.535628    0.0297884
  -0.0654131    -0.535628    0.0297884
  -0.0386036     0.535628    0.0297263
  -0.0386036    -0.535628    0.0297263
  -0.0370451     0.535628    0.0297571
  -0.0370451    -0.535628    0.0297571
   -0.343621     0.535628    0.0292476
   -0.343621    -0.535628    0.0292476
   -0.185194     0.535628    0.0294677
   -0.185194    -0.535628    0.0294677
   -0.588851     -0.22135    0.0296954
    0.588851     -0.22135    0.0296954
   -0.588851     -0.04709    0.0292207
    0.588851     -0.04709    0.0292207
    0.588851    -0.213654    0.0283048
   -0.588851    -0.213654    0.0283048
    0.588851    -0.150559    0.0304164
   -0.588851    -0.150559    0.0304164
    0.588851   -0.0317346    0.0292661
   -0.588851   -0.0317346    0.0292661
    0.588851    -0.478605    0.0282605
   -0.588851    -0.478605    0.0282605
    0.588851    -0.323865    0.0292396
   -0.588851    -0.323865    0.0292396
    0.588851    -0.280863    0.0294043
   -0.588851    -0.280863    0.0294043
    0.588851    -0.330249    0.0300406
   -0.588851    -0.330249    0.0300406
   -0.588851   0.00549836    0.0292184
    0.588851   0.00549836    0.0292184
   -0.588851   -0.0124299     0.029253
    0.588851   -0.0124299     0.029253
   -0.588851    0.0309029    0.0291822
    0.588851    0.0309029    0.0291822
   -0.588851     0.011115    0.0292167
    0.588851     0.011115    0.0292167
   -0.588851    -0.057868    0.0293037
    0.588851    -0.057868    0.0293037
    0.588851     0.296492    0.0276522
   -0.588851     0.296492    0.0276522
    0.245608     0.535628    0.0286927
    0.245608    -0.535628    0.0286927
   0.0771454     0.535628    0.0292123
   0.0771454    -0.535628    0.0292123
    0.588851     0.428319    0.0282559
   -0.588851     0.428319    0.0282559
    0.588851     0.329929    0.0282904
   -0.588851     0.329929    0.0282904
    0.588851      0.29605    0.0281148
   -0.588851      0.29605    0.0281148
   -0.588851      0.46827      0.02873
    0.588851      0.46827      0.02873
     0.58834     0.535628    0.0283422
     0.58834    -0.535628    0.0283422
   -0.540603     0.535628    0.0286398
   -0.540603    -0.535628    0.0286398
   -0.479658     0.535628     0.028833
   -0.479658    -0.535628     0.028833
   -0.588851     0.465387    0.0287056
    0.588851     0.465387    0.0287056
   -0.242526     0.535628    0.0293725
   -0.242526    -0.535628    0.0293725
  -0.0968428     0.535628    0.0296868
  -0.0968428    -0.535628    0.0296868
   -0.116722     0.535628     0.029531
   -0.116722    -0.535628     0.029531
   -0.588851    -0.351418    0.0290235
    0.588851    -0.351418    0.0290235
   -0.237127    -0.535628    0.0293112
   -0.237127     0.535628    0.0293112
   -0.207322    -0.535628     0.029375
   -0.207322     0.535628     0.029375
   -0.251089    -0.535628    0.0293402
   -0.251089     0.535628    0.0293402
    0.588851    -0.477935    0.0281674
   -0.588851    -0.477935    0.0281674
    0.588851    -0.256267    0.0283284
   -0.588851    -0.256267    0.0283284
    0.588851    -0.432025    0.0287095
   -0.588851    -0.432025    0.0287095
    0.588851    -0.320795      0.02905
   -0.588851    -0.320795      0.02905
    0.588851    -0.279785    0.0292969
   -0.588851    -0.279785    0.0292969
    0.588851     0.373271    0.0291343
   -0.588851     0.373271    0.0291343
    0.257022     0.535628     0.028752
    0.257022    -0.535628     0.028752
    0.407523     0.535628    0.0277935
    0.407523    -0.535628    0.0277935
    0.588851     0.308452    0.0278896
   -0.588851     0.308452    0.0278896
    0.588851     0.407131    0.0283881
   -0.588851     0.407131    0.0283881
   -0.588851    -0.255312    0.0282114
    0.588851    -0.255312    0.0282114
   -0.588851    -0.270235    0.0300418
    0.588851    -0.270235    0.0300418
   -0.588851    -0.271293     0.030057
    0.588851    -0.271293     0.030057
   -0.588851    -0.233993    0.0301348
    0.588851    -0.233993    0.0301348
   -0.588851    -0.246726    0.0301097
    0.588851    -0.246726    0.0301097
    0.214568    -0.535628    0.0294201
    0.214568     0.535628    0.0294201
     0.11203    -0.535628    0.0294663
     0.11203     0.535628    0.0294663
    0.588851     -0.20158    0.0283533
   -0.588851     -0.20158    0.0283533
    0.588851     0.316707     0.028032
   -0.588851     0.316707     0.028032
    0.588851   -0.0210877    0.0292943
   -0.588851   -0.0210877    0.0292943
    0.588851    -0.247964    0.0293152
   -0.588851    -0.247964    0.0293152
    0.588851     0.124773     0.029456
   -0.588851     0.124773     0.029456
   -0.588851     0.237529     0.028148
    0.588851     0.237529     0.028148
   -0.588851     0.301104    0.0276058
    0.588851     0.301104    0.0276058
   -0.588851      0.27423    0.0277978
    0.588851      0.27423    0.0277978
   -0.588851     0.282301    0.0278722
    0.588851     0.282301    0.0278722
    0.558576     0.461463    0.0287513
     1.73628     0.461463    0.0287513
    0.579654     0.535628    0.0283337
    0.579654    -0.535628    0.0283337
   -0.549733     0.535628    0.0286423
   -0.549733    -0.535628    0.0286423
    0.558576     0.471095    0.0287588
     1.73628     0.471095    0.0287588
    0.422262     0.535628    0.0290201
    0.422262    -0.535628    0.0290201
   -0.565959     0.535628     0.028614
   -0.565959    -0.535628     0.028614
    0.558576     0.463278    0.0287529
     1.73628     0.463278    0.0287529
    0.558576     0.455639    0.0287018
     1.73628     0.455639    0.0287018
   -0.498961     0.535628    0.0283639
   -0.498961    -0.535628    0.0283639
    0.588851     0.305005     0.028093
   -0.588851     0.305005     0.028093
    0.588851     0.103266    0.0294254
   -0.588851     0.103266    0.0294254
      0.5466     0.535628    0.0283831
      0.5466    -0.535628    0.0283831
    0.588851    -0.492906    0.0281266
   -0.588851    -0.492906    0.0281266
    0.588851     0.341807    0.0290222
   -0.588851     0.341807    0.0290222
    0.416721     0.535628      0.02821
    0.416721    -0.535628      0.02821
    0.588851     0.300548    0.0279577
   -0.588851     0.300548    0.0279577
    0.389676     0.535628    0.0291146
    0.389676    -0.535628    0.0291146
      0.4829     0.535628    0.0292393
      0.4829    -0.535628    0.0292393
    0.588851    -0.187408    0.0303531
   -0.588851    -0.187408    0.0303531
   -0.187344    -0.535628    0.0294212
   -0.187344     0.535628    0.0294212
   -0.163029    -0.535628    0.0293909
   -0.163029     0.535628    0.0293909
    -0.15403    -0.535628     0.029424
    -0.15403     0.535628     0.029424
     -0.5304     0.535628    0.0284805
     -0.5304    -0.535628    0.0284805
   -0.419346     0.535628    0.0294336
   -0.419346    -0.535628    0.0294336
   -0.296651     0.535628    0.0293077
   -0.296651    -0.535628    0.0293077
    0.576852    -0.486563    0.0279964
     1.75455    -0.486563    0.0279964
   -0.588851    -0.390337    0.0288565
    0.588851    -0.390337    0.0288565
   -0.588851    -0.239417    0.0281085
    0.588851    -0.239417    0.0281085
   -0.588851    -0.249351    0.0281293
    0.588851    -0.249351    0.0281293
    0.588851    -0.153576     0.030491
   -0.588851    -0.153576     0.030491
    0.588851     0.239629    0.0287433
   -0.588851     0.239629    0.0287433
    0.588851 -0.000974213    0.0293322
   -0.588851 -0.000974213    0.0293322
    0.588851    -0.094056    0.0298602
   -0.588851    -0.094056    0.0298602
    0.588851     0.137769    0.0290273
   -0.588851     0.137769    0.0290273
   -0.588851   -0.0669913      0.02959
    0.588851   -0.0669913      0.02959
   -0.588851   -0.0486384    0.0295755
    0.588851   -0.0486384    0.0295755
   -0.588851   -0.0554591    0.0295455
    0.588851   -0.0554591    0.0295455
   -0.588851    -0.107198    0.0295958
    0.588851    -0.107198    0.0295958
  0.00926329    -0.535628    0.0297162
  0.00926329     0.535628    0.0297162
   -0.182314    -0.535628    0.0295685
   -0.182314     0.535628    0.0295685
    0.247108    -0.535628    0.0295161
    0.247108     0.535628    0.0295161
    0.297532    -0.535628    0.0291731
    0.297532     0.535628    0.0291731
    0.588851    -0.152436    0.0304954
   -0.588851    -0.152436    0.0304954
    0.588851   -0.0968075    0.0298759
   -0.588851   -0.0968075    0.0298759
    0.239878     0.535628    0.0294325
    0.239878    -0.535628    0.0294325
   0.0727529     0.535628    0.0296896
   0.0727529    -0.535628    0.0296896
    0.166034     0.535628    0.0296059
    0.166034    -0.535628    0.0296059
    0.380641     0.535628    0.0284992
    0.380641    -0.535628    0.0284992
    0.303734     0.535628    0.0297843
    0.303734    -0.535628    0.0297843
    0.259302     0.535628    0.0295496
    0.259302    -0.535628    0.0295496
   -0.492439     0.535628    0.0287424
   -0.492439    -0.535628    0.0287424
   -0.286316     0.535628    0.0291168
   -0.286316    -0.535628    0.0291168
    -0.51421     0.535628    0.0287056
    -0.51421    -0.535628    0.0287056
   -0.391368     0.535628    0.0288416
   -0.391368    -0.535628    0.0288416
   -0.427279     0.535628    0.0283922
   -0.427279    -0.535628    0.0283922
  -0.0184951     0.535628    0.0298358
  -0.0184951    -0.535628    0.0298358
  -0.0705898     0.535628    0.0305294
  -0.0705898    -0.535628    0.0305294
   -0.207919     0.535628    0.0294895
   -0.207919    -0.535628    0.0294895
   -0.303984     0.535628    0.0292121
   -0.303984    -0.535628    0.0292121
   -0.210985     0.535628    0.0294096
   -0.210985    -0.535628    0.0294096
    0.197483     0.535628    0.0294701
    0.197483    -0.535628    0.0294701
   0.0577386     0.535628    0.0299055
   0.0577386    -0.535628    0.0299055
   0.0186525     0.535628    0.0297297
   0.0186525    -0.535628    0.0297297
    0.039694     0.535628    0.0297662
    0.039694    -0.535628    0.0297662
    0.194247     0.535628    0.0294904
    0.194247    -0.535628    0.0294904
    0.176655     0.535628    0.0293228
    0.176655    -0.535628    0.0293228
   -0.173641     0.535628    0.0294475
   -0.173641    -0.535628    0.0294475
    0.491967     0.437696    0.0286526
     1.66967     0.437696    0.0286526
    0.420007     0.535628    0.0281275
    0.420007    -0.535628    0.0281275
    0.491967     0.354561    0.0285775
     1.66967     0.354561    0.0285775
    0.491967     0.233104    0.0290285
     1.66967     0.233104    0.0290285
    0.491967     0.372496     0.028799
     1.66967     0.372496     0.028799
    0.491967     0.346515    0.0284242
     1.66967     0.346515    0.0284242
   -0.504903     0.528773    0.0283021
   -0.504903      1.60003    0.0283021
    -0.50157     0.528773    0.0283157
    -0.50157      1.60003    0.0283157
   -0.491524     0.528773    0.0283302
   -0.491524      1.60003    0.0283302
   -0.588851    -0.479956    0.0285187
    0.588851    -0.479956    0.0285187
   -0.491637     0.528773    0.0283294
   -0.491637      1.60003    0.0283294
    0.588851    -0.259238    0.0282577
   -0.588851    -0.259238    0.0282577
    0.588851    -0.448096    0.0286092
   -0.588851    -0.448096    0.0286092
    0.245579    -0.535628    0.0292528
    0.245579     0.535628    0.0292528
    0.551696    -0.535628    0.0286322
    0.551696     0.535628    0.0286322
    0.588851     0.492179    0.0286056
   -0.588851     0.492179    0.0286056
    0.588851    -0.326494    0.0292643
   -0.588851    -0.326494    0.0292643
    0.588851    -0.153518    0.0304216
   -0.588851    -0.153518    0.0304216
    0.588851    -0.532456    0.0288214
   -0.588851    -0.532456    0.0288214
   -0.585331    -0.535628    0.0288232
   -0.585331     0.535628    0.0288232
    0.588851     0.241294    0.0287388
   -0.588851     0.241294    0.0287388
    0.588851   -0.0927549    0.0298595
   -0.588851   -0.0927549    0.0298595
    0.588851     0.137057    0.0290262
   -0.588851     0.137057    0.0290262
    0.258411    -0.535628    0.0288761
    0.258411     0.535628    0.0288761
    0.272828    -0.535628    0.0289258
    0.272828     0.535628    0.0289258
  -0.0871049    -0.535628     0.029719
  -0.0871049     0.535628     0.029719
  -0.0679001    -0.535628    0.0297611
  -0.0679001     0.535628    0.0297611
  -0.0833177    -0.535628    0.0297334
  -0.0833177     0.535628    0.0297334
  -0.0540021    -0.535628     0.029731
  -0.0540021     0.535628     0.029731
   0.0265115    -0.535628    0.0300317
   0.0265115     0.535628    0.0300317
   0.0828444    -0.535628    0.0300406
   0.0828444     0.535628    0.0300406
    0.154354    -0.535628    0.0295734
    0.154354     0.535628    0.0295734
    0.172968    -0.535628    0.0295644
    0.172968     0.535628    0.0295644
    0.174548    -0.535628    0.0295552
    0.174548     0.535628    0.0295552
    0.181288    -0.535628    0.0295381
    0.181288     0.535628    0.0295381
    0.159843    -0.535628    0.0296325
    0.159843     0.535628    0.0296325
   -0.588851     0.460462    0.0285792
    0.588851     0.460462    0.0285792
    0.460485     0.535628    0.0287317
    0.460485    -0.535628    0.0287317
   -0.588851     0.459938    0.0285083
    0.588851     0.459938    0.0285083
    0.452165     0.535628    0.0280829
    0.452165    -0.535628    0.0280829
   -0.588851     0.440789    0.0284368
    0.588851     0.440789    0.0284368
   -0.588851     0.461482    0.0285702
    0.588851     0.461482    0.0285702
    0.474331     0.535628    0.0286436
    0.474331    -0.535628    0.0286436
   -0.588851       0.4744    0.0285994
    0.588851       0.4744    0.0285994
    0.546071     0.535628    0.0287025
    0.546071    -0.535628    0.0287025
   -0.588851     0.438324     0.028478
    0.588851     0.438324     0.028478
   -0.588851     0.148081    0.0290676
    0.588851     0.148081    0.0290676
   -0.270918    -0.535628    0.0292432
   -0.270918     0.535628    0.0292432
   -0.268271    -0.535628    0.0292554
   -0.268271     0.535628    0.0292554
   -0.277964    -0.535628    0.0291882
   -0.277964     0.535628    0.0291882
  -0.0581559    -0.535628    0.0296319
  -0.0581559     0.535628    0.0296319
   -0.309279     0.535628    0.0292687
   -0.309279    -0.535628    0.0292687
  -0.0788686     0.535628    0.0305422
  -0.0788686    -0.535628    0.0305422
  -0.0667168     0.535628    0.0296457
  -0.0667168    -0.535628    0.0296457
   -0.588851     0.425458    0.0282465
    0.588851     0.425458    0.0282465
   -0.518861     0.535628    0.0286467
   -0.518861    -0.535628    0.0286467
   -0.420289     0.535628    0.0287588
   -0.420289    -0.535628    0.0287588
   -0.453247     0.535628    0.0284085
   -0.453247    -0.535628    0.0284085
   -0.588851    -0.278837    0.0292073
    0.588851    -0.278837    0.0292073
   -0.588851     0.129882    0.0291034
    0.588851     0.129882    0.0291034
    0.588851    -0.329611    0.0293779
   -0.588851    -0.329611    0.0293779
    0.588851    -0.334242    0.0299948
   -0.588851    -0.334242    0.0299948
    0.588851    -0.317643    0.0292078
   -0.588851    -0.317643    0.0292078
    0.401858    -0.535628     0.027712
    0.401858     0.535628     0.027712
    0.381011    -0.535628    0.0281611
    0.381011     0.535628    0.0281611
    0.412617    -0.535628    0.0277587
    0.412617     0.535628    0.0277587
   -0.283454     0.535628    0.0292395
   -0.283454    -0.535628    0.0292395
   -0.588851     0.336514    0.0284277
    0.588851     0.336514    0.0284277
    0.197526    -0.535628    0.0296887
    0.197526     0.535628    0.0296887
    0.208986    -0.535628    0.0294609
    0.208986     0.535628    0.0294609
   -0.401784    -0.535628    0.0293284
   -0.401784     0.535628    0.0293284
   -0.412263    -0.535628    0.0293065
   -0.412263     0.535628    0.0293065
    0.588851     -0.27164     0.029636
   -0.588851     -0.27164     0.029636
    0.588851    -0.359171     0.029889
   -0.588851    -0.359171     0.029889
  -0.0791417     0.535628    0.0306925
  -0.0791417    -0.535628    0.0306925
  -0.0120158     0.535628    0.0305702
  -0.0120158    -0.535628    0.0305702
    0.588851     0.337347      0.02795
   -0.588851     0.337347      0.02795
    0.352717     0.535628     0.029359
    0.352717    -0.535628     0.029359
  -0.0862616     0.535628     0.030544
  -0.0862616    -0.535628     0.030544
  -0.0114016     0.535628    0.0303471
  -0.0114016    -0.535628    0.0303471
  -0.0774626    -0.535628    0.0306451
  -0.0774626     0.535628    0.0306451
  -0.0802085    -0.535628    0.0306442
  -0.0802085     0.535628    0.0306442
   -0.076034    -0.535628    0.0306492
   -0.076034     0.535628    0.0306492
    0.588851    -0.328314     0.029329
   -0.588851    -0.328314     0.029329
    0.588851    -0.326353    0.0300107
   -0.588851    -0.326353    0.0300107
    0.588851    -0.256511    0.0293543
   -0.588851    -0.256511    0.0293543
    0.362035    -0.535628    0.0283973
    0.362035     0.535628    0.0283973
   -0.305961     0.535628    0.0292579
   -0.305961    -0.535628    0.0292579
   -0.218591     0.535628    0.0293478
   -0.218591    -0.535628    0.0293478
    0.548106     0.275137    0.0280565
     1.72581     0.275137    0.0280565
    0.548106     0.318272    0.0279524
     1.72581     0.318272    0.0279524
    0.548106     0.296739    0.0280047
     1.72581     0.296739    0.0280047
     0.45441    -0.535628    0.0290669
     0.45441     0.535628    0.0290669
    0.588851     0.482049    0.0288317
   -0.588851     0.482049    0.0288317
    0.588851    -0.475406    0.0287339
   -0.588851    -0.475406    0.0287339
    0.326593    -0.535628    0.0292838
    0.326593     0.535628    0.0292838
    0.361627    -0.535628    0.0292028
    0.361627     0.535628    0.0292028
     0.38422    -0.535628    0.0290874
     0.38422     0.535628    0.0290874
   0.0744118    -0.535628    0.0295878
   0.0744118     0.535628    0.0295878
  -0.0918237    -0.535628    0.0295299
  -0.0918237     0.535628    0.0295299
    0.588851    -0.157277    0.0306073
   -0.588851    -0.157277    0.0306073
   -0.588851    -0.440313    0.0285927
    0.588851    -0.440313    0.0285927
    0.588851    -0.149296     0.030488
   -0.588851    -0.149296     0.030488
    0.532796    -0.280397    0.0293826
      1.7105    -0.280397    0.0293826
   -0.530228    -0.535628    0.0290625
   -0.530228     0.535628    0.0290625
    0.532796    -0.299372    0.0293456
      1.7105    -0.299372    0.0293456
    0.130609     0.535628    0.0298476
    0.130609    -0.535628    0.0298476
  -0.0106476     0.535628    0.0304311
  -0.0106476    -0.535628    0.0304311
   -0.183582     0.535628    0.0296009
   -0.183582    -0.535628    0.0296009
    0.557197    -0.152032    0.0305407
      1.7349    -0.152032    0.0305407
   -0.310111     0.521296    0.0292127
   -0.310111      1.59255    0.0292127
   -0.588851     0.296644    0.0283127
    0.588851     0.296644    0.0283127
    0.588851     0.224799    0.0277257
   -0.588851     0.224799    0.0277257
   -0.588851  -0.00245608    0.0293275
    0.588851  -0.00245608    0.0293275
  0.00882128     0.535628    0.0302028
  0.00882128    -0.535628    0.0302028
   -0.328245     0.535628    0.0290937
   -0.328245    -0.535628    0.0290937
   -0.219008     0.535628    0.0293398
   -0.219008    -0.535628    0.0293398
    0.565748    -0.102622    0.0299298
     1.74345    -0.102622    0.0299298
 0.000272945    -0.535628    0.0304887
 0.000272945     0.535628    0.0304887
   -0.588851    -0.272165    0.0293446
    0.588851    -0.272165    0.0293446
    0.300499     0.535628    0.0291384
    0.300499    -0.535628    0.0291384
    0.588851      0.12255    0.0287334
   -0.588851      0.12255    0.0287334
    0.588851     0.111112    0.0295044
   -0.588851     0.111112    0.0295044
    0.588851    0.0460699    0.0295255
   -0.588851    0.0460699    0.0295255
   -0.588851      0.12948     0.028608
    0.588851      0.12948     0.028608
   -0.588851     0.108034    0.0285829
    0.588851     0.108034    0.0285829
   -0.588851     0.228635     0.028013
    0.588851     0.228635     0.028013
    0.481682     -0.39879    0.0292635
     1.65938     -0.39879    0.0292635
    0.481682    -0.251819    0.0297145
     1.65938    -0.251819    0.0297145
    0.588851    0.0982169    0.0294451
   -0.588851    0.0982169    0.0294451
   -0.588851     0.475648    0.0286088
    0.588851     0.475648    0.0286088
    0.458274     0.535628    0.0281797
    0.458274    -0.535628    0.0281797
   -0.588851     0.393466    0.0284928
    0.588851     0.393466    0.0284928
    0.588851   -0.0954653     0.029841
   -0.588851   -0.0954653     0.029841
    0.588851   -0.0294382    0.0292919
   -0.588851   -0.0294382    0.0292919
    0.588851     0.235664    0.0281796
   -0.588851     0.235664    0.0281796
    0.588851   -0.0983563    0.0299011
   -0.588851   -0.0983563    0.0299011
    0.588851    -0.138253    0.0294658
   -0.588851    -0.138253    0.0294658
  -0.0151302     0.535628    0.0301129
  -0.0151302    -0.535628    0.0301129
    0.501818     0.428055    0.0286448
     1.67952     0.428055    0.0286448
   -0.452412     0.535628    0.0289061
   -0.452412    -0.535628    0.0289061
    -0.25142     0.535628    0.0293235
    -0.25142    -0.535628    0.0293235
    -0.29734     0.535628    0.0292376
    -0.29734    -0.535628    0.0292376
   -0.231369     0.535628    0.0293015
   -0.231369    -0.535628    0.0293015
    0.588851    -0.484136    0.0280098
   -0.588851    -0.484136    0.0280098
    0.588851    -0.295977    0.0303555
   -0.588851    -0.295977    0.0303555
   -0.468989    -0.535628     0.029597
   -0.468989     0.535628     0.029597
   0.0456332    -0.535628    0.0300246
   0.0456332     0.535628    0.0300246
    -0.42931     0.514061    0.0289043
    -0.42931      1.58532    0.0289043
  -0.0160167     0.535628    0.0302952
  -0.0160167    -0.535628    0.0302952
     0.58834     0.535628    0.0283422
     0.58834    -0.535628    0.0283422
    -0.48909     0.535628    0.0283232
    -0.48909    -0.535628    0.0283232
   -0.218634     0.535628     0.029352
   -0.218634    -0.535628     0.029352
    0.588851   -0.0959395    0.0298405
   -0.588851   -0.0959395    0.0298405
    0.558576     0.461463    0.0287513
     1.73628     0.461463    0.0287513
    0.579654     0.535628    0.0283337
    0.579654    -0.535628    0.0283337
      0.5466     0.535628    0.0283831
      0.5466    -0.535628    0.0283831
    0.588851    -0.492906    0.0281266
   -0.588851    -0.492906    0.0281266
    0.588851     0.341807    0.0290222
   -0.588851     0.341807    0.0290222
    0.416721     0.535628      0.02821
    0.416721    -0.535628      0.02821
    0.576852    -0.486504    0.0279628
     1.75455    -0.486504    0.0279628
   -0.588851    -0.235678    0.0281833
    0.588851    -0.235678    0.0281833
    0.588851   -0.0968075    0.0298759
   -0.588851   -0.0968075    0.0298759
   -0.397719     0.535628    0.0289331
   -0.397719    -0.535628    0.0289331
  -0.0705898     0.535628    0.0305294
  -0.0705898    -0.535628    0.0305294
   -0.210985     0.535628    0.0294096
   -0.210985    -0.535628    0.0294096
    0.173092     0.535628    0.0296201
    0.173092    -0.535628    0.0296201
    0.491967     0.372496     0.028799
     1.66967     0.372496     0.028799
    0.491967     0.346515    0.0284242
     1.66967     0.346515    0.0284242
    -0.50157     0.528773    0.0283157
    -0.50157      1.60003    0.0283157
    0.230186    -0.535628    0.0292841
    0.230186     0.535628    0.0292841
    0.270259    -0.535628    0.0291791
    0.270259     0.535628    0.0291791
    0.174548    -0.535628    0.0295552
    0.174548     0.535628    0.0295552
    0.159843    -0.535628    0.0296325
    0.159843     0.535628    0.0296325
    0.588851    -0.359171     0.029889
   -0.588851    -0.359171     0.029889
   -0.078376    -0.535628     0.030636
   -0.078376     0.535628     0.030636
    0.548106     0.311103    0.0278536
     1.72581     0.311103    0.0278536
    0.397524    -0.535628    0.0291464
    0.397524     0.535628    0.0291464
    0.361627    -0.535628    0.0292028
    0.361627     0.535628    0.0292028
    0.588851    -0.324548    0.0302568
   -0.588851    -0.324548    0.0302568
  -0.0106476     0.535628    0.0304311
  -0.0106476    -0.535628    0.0304311
    0.557197    -0.152032    0.0305407
      1.7349    -0.152032    0.0305407
    0.557197    -0.161622    0.0305216
      1.7349    -0.161622    0.0305216
   -0.588851  -0.00530358    0.0292949
    0.588851  -0.00530358    0.0292949
   -0.588851     -0.01891    0.0293201
    0.588851     -0.01891    0.0293201
    0.565748    -0.102622    0.0299298
     1.74345    -0.102622    0.0299298
    0.565748   -0.0915769    0.0299099
     1.74345   -0.0915769    0.0299099
 0.000272945    -0.535628    0.0304887
 0.000272945     0.535628    0.0304887
   -0.588851    -0.272165    0.0293446
    0.588851    -0.272165    0.0293446
    0.588851     0.111112    0.0295044
   -0.588851     0.111112    0.0295044
    0.481682    -0.251819    0.0297145
     1.65938    -0.251819    0.0297145
    0.588851    0.0982169    0.0294451
   -0.588851    0.0982169    0.0294451
    0.504925     0.183778    0.0288316
     1.68263     0.183778    0.0288316
    0.588851    -0.350769    0.0292828
   -0.588851    -0.350769    0.0292828