        25          0          0
        25          0          0
        25          0          0
        25          0          0
        25          0          0
        25          1          0
        25          1          0
        25          2          0
        25          3          0
        25         10          0
        25         13          0
        25         14          0
        25         18          0
        25         33          0
        25         48          0
        25         61          0
        25         83          0
        25        161          0
        25        257          0
        25        271          0
        25        283          0
        25        380          4
        25        386          4
        25        486          9
-842150451 -842150451 -842150451
-842150451 -842150451 -842150451
-842150451 -842150451 -842150451
-842150451 -842150451 -842150451
-842150451 -842150451 -842150451
-842150451 -842150451 -842150451
-842150451 -842150451 -842150451
-842150451 -842150451 -842150451
-842150451 -842150451 -842150451
-842150451 -842150451 -842150451
-842150451 -842150451 -842150451
-842150451 -842150451 -842150451
-842150451 -842150451 -842150451
-842150451 -842150451 -842150451
-842150451 -842150451 -842150451
-842150451 -842150451 -842150451
-842150451 -842150451 -842150451
-842150451 -842150451 -842150451
-842150451 -842150451 -842150451
-842150451 -842150451 -842150451
-842150451 -842150451 -842150451
-842150451 -842150451 -842150451
-842150451 -842150451 -842150451
-842150451 -842150451 -842150451
-842150451 -842150451 -842150451
-842150451 -842150451 -842150451
-842150451 -842150451 -842150451
-842150451 -842150451 -842150451
-842150451 -842150451 -842150451
-842150451 -842150451 -842150451
-842150451 -842150451 -842150451
-842150451 -842150451 -842150451
-842150451 -842150451 -842150451
-842150451 -842150451 -842150451
-842150451 -842150451 -842150451
-842150451 -842150451 -842150451
-842150451 -842150451 -842150451
-842150451 -842150451 -842150451
-842150451 -842150451 -842150451
-842150451 -842150451 -842150451
-842150451 -842150451 -842150451
-842150451 -842150451 -842150451
-842150451 -842150451 -842150451
-842150451 -842150451 -842150451
-842150451 -842150451 -842150451
-842150451 -842150451 -842150451
-842150451 -842150451 -842150451
-842150451 -842150451 -842150451
-842150451 -842150451 -842150451
-842150451 -842150451 -842150451
-842150451 -842150451 -842150451
-842150451 -842150451 -842150451
-842150451 -842150451 -842150451
-842150451 -842150451 -842150451
-842150451 -842150451 -842150451
-842150451 -842150451 -842150451
-842150451 -842150451 -842150451
-842150451 -842150451 -842150451
-842150451 -842150451 -842150451
-842150451 -842150451 -842150451
-842150451 -842150451 -842150451
-842150451 -842150451 -842150451
-842150451 -842150451 -842150451
-842150451 -842150451 -842150451
-842150451 -842150451 -842150451
-842150451 -842150451 -842150451
-842150451 -842150451 -842150451
-842150451 -842150451 -842150451
-842150451 -842150451 -842150451
-842150451 -842150451 -842150451
-842150451 -842150451 -842150451
-842150451 -842150451 -842150451
-842150451 -842150451 -842150451
-842150451 -842150451 -842150451
-842150451 -842150451 -842150451
-842150451 -842150451 -842150451
-842150451 -842150451 -842150451
-842150451 -842150451 -842150451
-842150451 -842150451 -842150451
-842150451 -842150451 -842150451
-842150451 -842150451 -842150451
-842150451 -842150451 -842150451
-842150451 -842150451 -842150451
-842150451 -842150451 -842150451
-842150451 -842150451 -842150451
-842150451 -842150451 -842150451
-842150451 -842150451 -842150451
-842150451 -842150451 -842150451
-842150451 -842150451 -842150451
-842150451 -842150451 -842150451
-842150451 -842150451 -842150451
-842150451 -842150451 -842150451
-842150451 -842150451 -842150451
-842150451 -842150451 -842150451
-842150451 -842150451 -842150451
-842150451 -842150451 -842150451
-842150451 -842150451 -842150451
-842150451 -842150451 -842150451
-842150451 -842150451 -842150451
-842150451 -842150451 -842150451
-842150451 -842150451 -842150451
-842150451 -842150451 -842150451
-842150451 -842150451 -842150451
-842150451 -842150451 -842150451
-842150451 -842150451 -842150451
-842150451 -842150451 -842150451
-842150451 -842150451 -842150451
-842150451 -842150451 -842150451
-842150451 -842150451 -842150451
-842150451 -842150451 -842150451
-842150451 -842150451 -842150451
-842150451 -842150451 -842150451
-842150451 -842150451 -842150451
-842150451 -842150451 -842150451
-842150451 -842150451 -842150451
-842150451 -842150451 -842150451
-842150451 -842150451 -842150451
-842150451 -842150451 -842150451
-842150451 -842150451 -842150451
-842150451 -842150451 -842150451
-842150451 -842150451 -842150451
-842150451 -842150451 -842150451
-842150451 -842150451 -842150451
-842150451 -842150451 -842150451
-842150451 -842150451 -842150451
-842150451 -842150451 -842150451