         0         22          0
         0         22          0
         0         22          0
         0         22          0
         0         22          0
         0         22          0
         0         22          0
         0         22          0
         0         22          0
         0         22          0
         0         22          0
         0         22          0
         0         22          0
         0         22          0
         0         22          0
         0         22          0
         1         22          0
         1         23          0
         1         24          0
         5         24          0
         5         24          0
         7         24          0
        12         24          0
        51         27          0
        54         27          0
        58         27          0
        64         28          0
        64         28          0
        66         28          0
        97         34          0
-842150451 -842150451 -842150451
-842150451 -842150451 -842150451
-842150451 -842150451 -842150451
-842150451 -842150451 -842150451
-842150451 -842150451 -842150451
-842150451 -842150451 -842150451
-842150451 -842150451 -842150451
-842150451 -842150451 -842150451
-842150451 -842150451 -842150451
-842150451 -842150451 -842150451
-842150451 -842150451 -842150451
-842150451 -842150451 -842150451
-842150451 -842150451 -842150451
-842150451 -842150451 -842150451
-842150451 -842150451 -842150451
-842150451 -842150451 -842150451
-842150451 -842150451 -842150451
-842150451 -842150451 -842150451
-842150451 -842150451 -842150451
-842150451 -842150451 -842150451
-842150451 -842150451 -842150451
-842150451 -842150451 -842150451
-842150451 -842150451 -842150451
-842150451 -842150451 -842150451
-842150451 -842150451 -842150451
-842150451 -842150451 -842150451
-842150451 -842150451 -842150451
-842150451 -842150451 -842150451
-842150451 -842150451 -842150451
-842150451 -842150451 -842150451
-842150451 -842150451 -842150451
-842150451 -842150451 -842150451
-842150451 -842150451 -842150451
-842150451 -842150451 -842150451
-842150451 -842150451 -842150451
-842150451 -842150451 -842150451
-842150451 -842150451 -842150451
-842150451 -842150451 -842150451
-842150451 -842150451 -842150451
-842150451 -842150451 -842150451
-842150451 -842150451 -842150451
-842150451 -842150451 -842150451
-842150451 -842150451 -842150451
-842150451 -842150451 -842150451
-842150451 -842150451 -842150451
-842150451 -842150451 -842150451
-842150451 -842150451 -842150451
-842150451 -842150451 -842150451
-842150451 -842150451 -842150451
-842150451 -842150451 -842150451
-842150451 -842150451 -842150451
-842150451 -842150451 -842150451
-842150451 -842150451 -842150451
-842150451 -842150451 -842150451
-842150451 -842150451 -842150451
-842150451 -842150451 -842150451
-842150451 -842150451 -842150451
-842150451 -842150451 -842150451
-842150451 -842150451 -842150451
-842150451 -842150451 -842150451
-842150451 -842150451 -842150451
-842150451 -842150451 -842150451
-842150451 -842150451 -842150451
-842150451 -842150451 -842150451
-842150451 -842150451 -842150451
-842150451 -842150451 -842150451
-842150451 -842150451 -842150451
-842150451 -842150451 -842150451
-842150451 -842150451 -842150451
-842150451 -842150451 -842150451
-842150451 -842150451 -842150451
-842150451 -842150451 -842150451
-842150451 -842150451 -842150451
-842150451 -842150451 -842150451
-842150451 -842150451 -842150451
-842150451 -842150451 -842150451
-842150451 -842150451 -842150451
-842150451 -842150451 -842150451
-842150451 -842150451 -842150451
-842150451 -842150451 -842150451
-842150451 -842150451 -842150451
-842150451 -842150451 -842150451
-842150451 -842150451 -842150451
-842150451 -842150451 -842150451
-842150451 -842150451 -842150451
-842150451 -842150451 -842150451
-842150451 -842150451 -842150451
-842150451 -842150451 -842150451
-842150451 -842150451 -842150451
-842150451 -842150451 -842150451
-842150451 -842150451 -842150451
-842150451 -842150451 -842150451
-842150451 -842150451 -842150451
-842150451 -842150451 -842150451
-842150451 -842150451 -842150451
-842150451 -842150451 -842150451
-842150451 -842150451 -842150451
-842150451 -842150451 -842150451
-842150451 -842150451 -842150451
-842150451 -842150451 -842150451
-842150451 -842150451 -842150451
-842150451 -842150451 -842150451
-842150451 -842150451 -842150451
-842150451 -842150451 -842150451
-842150451 -842150451 -842150451
-842150451 -842150451 -842150451
-842150451 -842150451 -842150451
-842150451 -842150451 -842150451
-842150451 -842150451 -842150451
-842150451 -842150451 -842150451
-842150451 -842150451 -842150451
-842150451 -842150451 -842150451
-842150451 -842150451 -842150451
-842150451 -842150451 -842150451
-842150451 -842150451 -842150451
-842150451 -842150451 -842150451
-842150451 -842150451 -842150451
-842150451 -842150451 -842150451
-842150451 -842150451 -842150451
-842150451 -842150451 -842150451