     1.28597            0            0
           0      1.16109            0
           0            0      2.30953
         350         1368            0
   -0.600326    -0.498841     0.245793
   -0.197686     0.365533     0.847772
   -0.289994     0.476188     0.700439
   -0.234154     0.258711     0.669982
    -0.41366     0.414114     0.405599
   -0.313724   -0.0278899     0.525039
  -0.0476202    -0.200007     0.403572
    -0.22487    -0.135375     0.967018
    0.215538    -0.430646     0.517376
    0.527322   -0.0761091     0.698888
    0.528556    -0.100923     0.702784
    0.519203    -0.136465     0.522139
    0.287391    -0.187007     0.255711
   -0.442417    -0.119608     0.731725
  -0.0684259    -0.470985      0.59015
   -0.581557     0.114473     0.686872
   -0.282057     0.280727    -0.315725
    0.271283     0.329578    -0.413554
  -0.0157687    -0.413962    -0.407013
  -0.0281951    -0.484025    -0.536536
    0.165244     0.534735    -0.504842
     0.14423     0.518204    -0.217356
    0.196088    -0.246983     0.977018
    0.181231    -0.390379    -0.947421
    0.630163     0.551695    -0.555649
    0.250555    -0.511831    -0.620847
    0.147217    -0.437159    -0.812921
   -0.401959     0.503166    -0.237796
    0.288213     0.284248     -1.00045
    0.205494     0.202508    -0.979365
    0.129472     0.224095     0.402519
    0.304453     0.305482     0.306611
     0.21561      0.16021      0.57224
    0.261903     0.268312     0.601992
     0.37022    0.0127168    -0.355352
    0.354541    0.0318017    -0.213757
   0.0539651    0.0266164    -0.747371
    0.166531   -0.0482008    -0.424271
    0.452026   -0.0788135    -0.236427
    0.281594     0.156822    -0.686928
    0.419753      0.19351     -1.01723
    0.414527     0.417991    -0.885483
    0.429498   -0.0940997    -0.629156
    0.149268     0.321558    -0.840321
    0.553902     0.272927    -0.696955
    0.287628     0.247365    -0.641473
   -0.037803     0.153386    -0.611655
    0.343875     -0.15789      0.65482
     0.53274    -0.409298      0.93595
   -0.200462    0.0116449     0.648285
   0.0100507     0.117103     0.897584
    0.260751    -0.344135     0.617625
    0.379101   -0.0726387     0.957789
   -0.461102     0.574765     0.706936
  -0.0237787     0.372586     0.785075
   -0.616463     0.160451     0.868238
   0.0236148    -0.536532      0.76759
    0.200476     0.510914     0.520893
    0.134261     -0.16643     0.758477
    -0.32523     0.428234    -0.750266
  -0.0437439     0.290416     -0.66164
      0.1061   -0.0454585    -0.914047
    -0.11109    -0.351394    -0.867744
  0.00701932    -0.187407    -0.861163
     -0.1745     0.501977    -0.832149
   -0.118885     0.159844    -0.786751
    0.457208     0.138444     0.655732
    0.188379     0.498571     0.420924
  -0.0186739     0.341891   -0.0115768
    0.118386     0.275759 -0.000623255
    0.054602     0.320669   -0.0107397
    0.484082     0.302748   -0.0125603
     0.40868     0.399466   -0.0107123
    0.456028    -0.440698  -0.00961706
    0.311358    -0.332765  -0.00604771
    0.404638    -0.410401    -0.020837
    0.331523    -0.452711   -0.0135249
    0.427315    -0.461016  -0.00135393
    0.314309     0.511935  -0.00779459
 0.000758389     0.203689  -0.00186859
  -0.0383509      0.19519   0.00288646
    0.241094  -0.00431974  -0.00737743
     0.17618    0.0730603  -0.00375216
   0.0731481     0.175493  -0.00496904
  -0.0330959     0.169492  2.05229e-05
    0.608657     0.388416  -0.00185715
     0.59195     0.377417   -0.0199778
   -0.530403     0.437071   -0.0135294
    0.604581     0.336716 -0.000949072
    0.455862     0.331948  -0.00522103
    0.490485     0.226141    -0.015757
    0.593888     0.458542   -0.0320698
    0.112757     0.238694  -0.00550264
     0.36103    0.0809322  -0.00958545
    0.410701     0.484606  -0.00951489
    0.505349     0.458527  -0.00124845
    0.203924     0.189414  -0.00406243
    0.247791     0.404626   -0.0103239
   0.0958289    -0.187612   0.00440839
   0.0540987    -0.277873   -0.0264903
  -0.0554703    -0.191186  -0.00268772
    0.134717    0.0719143   -0.0195358
    0.243617   -0.0284038   -0.0167639
   0.0915174    0.0206923   -0.0246929
    0.145295   -0.0518526    -0.029483
   0.0994424    0.0027773   -0.0217237
    0.256317     0.221255   -0.0139225
  -0.0346245     0.375847   -0.0219739
   -0.243924     0.172737   -0.0120392
   -0.229483     0.343115  -0.00580664
   -0.238229     0.294483  -0.00881634
   -0.374647     0.180382  -0.00180603
   -0.210629     0.311771   -0.0132722
 -0.00863962     0.335975   -0.0144641
    0.184654     0.177008   -0.0194418
   -0.413495   -0.0377203    -0.318754
   -0.310232  -0.00922807   -0.0147582
    -0.22469    -0.108802   -0.0124309
   -0.448157     0.268485  -0.00619087
   -0.389728     0.181984   -0.0135416
   -0.342222     0.023594   -0.0110784
   -0.590742     0.151116  -0.00256456
    0.617948   -0.0194588   0.00159337
   -0.541879    0.0598445 -0.000456304
    0.617221     0.122971   0.00622113
    0.571542   -0.0244782   -0.0100106
    0.563668    0.0567416   -0.0172707
    0.558879     0.119566   -0.0130913
   -0.557835     0.121641   -0.0188941
   -0.430536    -0.337358   0.00756761
   -0.546449   -0.0964956   0.00138074
   -0.512678    -0.183058  -0.00254546
    0.608692   -0.0784517  -0.00694679
     0.59295    0.0301479   -0.0187237
   -0.458891     0.112103  -0.00507374
   -0.575373     0.157452   -0.0179245
    -0.31034   -0.0729389    0.0181125
   -0.235788    -0.103484     0.010813
   -0.456839    -0.435284  -0.00201753
   -0.499067    -0.438434   -0.0145119
   -0.439504    -0.349154   0.00181983
    0.492553    -0.147151  -0.00290191
    0.505974    -0.242635  -0.00482705
    0.591097    -0.116902   0.00726519
    0.553306    -0.214018  -0.00287409
   -0.495848    -0.183801  -0.00359738
   -0.548977     -0.35548   0.00125958
   -0.548156    -0.281565    0.0146686
   -0.373024    -0.211768   0.00389711
   -0.485095     -0.15521    0.0102388
    0.383787    -0.363253  -0.00732224
    0.364571    -0.393238  -0.00613912
    0.318384    -0.223997  -0.00736105
    0.256422    -0.350764  -0.00657295
   -0.242969    -0.247949  -0.00906448
    -0.32272    -0.388257  -0.00405901
   -0.273626    -0.435435  -0.00668309
   -0.273575    -0.497746   -0.0105913
   -0.225241     -0.27398   0.00169636
  -0.0897306    -0.533265  -0.00290349
  -0.0830641     -0.54962   0.00111141
  -0.0687661    -0.375317   0.00268062
  -0.0304705     -0.26152   0.00949142
  -0.0657859    -0.391422   -0.0119587
  -0.0679367    -0.476811   0.00349778
   -0.176646    -0.364276    0.0106563
   -0.142726    -0.500248 -0.000341041
   -0.241931    -0.361424   -0.0332747
    0.115506    -0.363481  -0.00714828
    -0.18302    -0.306211    0.0075572
   -0.374926    -0.456793  0.000617091
   -0.158152    -0.454673    0.0131196
   -0.345014    -0.523557   0.00467747
    0.609111    -0.186608  -0.00690332
   -0.328255    -0.249361  -0.00967793
   -0.408104   -0.0354637   -0.0412008
   -0.593583   -0.0899069    0.0172394
   -0.377841   -0.0930505   -0.0140858
   -0.389341    -0.394269  -0.00176459
    0.629229   -0.0485576    -0.015733
   -0.507358   -0.0490883   -0.0259662
   -0.382938    -0.107334    0.0207894
   -0.509422    -0.287305  -0.00772041
   -0.262519    -0.139403  -0.00218464
   -0.542823    -0.103271   0.00439784
   -0.319223    -0.349525   -0.0230343
   -0.352685     -0.21583  -0.00670564
   -0.283687    -0.405613   -0.0108948
  -0.0636339    -0.214874   -0.0077692
   -0.174395    -0.161517       0.0113
   -0.123229    -0.331487   -0.0118899
    -0.19946   -0.0433991   -0.0264296
   -0.303755    0.0867142   -0.0138479
     -0.2028    -0.215815  -0.00967716
    0.561093   -0.0408466  -0.00755769
   -0.194883    -0.328474   0.00206673
 -0.00953244    -0.505624  -0.00848544
   -0.357868    0.0754016   -0.0161496
   -0.358179      -0.2351   0.00033648
   -0.124206    -0.444094   -0.0129348
  -0.0727195    0.0509195   -0.0191963
    0.125153     -0.31962    -0.012338
  -0.0747621    -0.277669   -0.0127342
   -0.214925     0.530451   0.00426634
  -0.0294469     0.514431  -0.00904957
  -0.0592662   -0.0425142   -0.0223232
   -0.130805    -0.252923    0.0022682
   -0.388128   -0.0736804   -0.0150259
   -0.273106    -0.139783   -0.0111851
   -0.171212     0.491237   -0.0135904
    -0.27625     0.333863  -0.00229096
    0.516853     0.227172  -0.00181847
   -0.439372     0.228268  -0.00913575
    0.240532    -0.246899  -0.00926628
    0.629494     0.278482   -0.0249374
     0.34728     0.227922   -0.0081637
   -0.552868     0.548846  -0.00309469
   -0.469238    -0.445356  -0.00481574
    -0.25662     0.119508  -0.00888159
   0.0132156    -0.325186     0.013563
    0.550477     0.217499   -0.0294485
     0.50335      0.10584   -0.0165288
    0.625022    -0.410781  -0.00642247
  -0.0526974     0.149101   -0.0106666
   0.0878543     0.132411     -0.01138
    0.492014    -0.304239  -0.00127956
   0.0348852    0.0122569  9.95386e-06
    0.595215    -0.214791  -0.00381999
   0.0815815     0.164546   -0.0242885
   0.0158952    -0.548129  -0.00385799
    0.577567    -0.207972  -0.00484224
    0.546726     0.128133  -0.00589748
    0.577294    -0.513329  -0.00610451
   -0.415524     0.113672   0.00370863
   -0.584816   -0.0153053     0.000825
    0.509898     -0.25448  -0.00544593
     0.62977     0.323366   0.00881908
   -0.229043   -0.0345623    0.0248459
    0.192462   -0.0113687  -0.00570205
    0.462733     0.463031   -0.0136017
    -0.17896     0.233408  -0.00163541
    0.567103     0.312527   -0.0146347
    0.206835     0.187204  -0.00727244
     0.43393   -0.0322471   -0.0102744
    0.453935     0.266146   -0.0149335
    0.501051     -0.23059  -0.00613224
   -0.490934     0.238177   -0.0157818
    0.388429    -0.337566  -0.00532677
    0.280572    -0.351288  -0.00533104
   -0.311587     0.510257    0.0235733
   -0.128558     0.481294   -0.0105272
   0.0170825     0.267426  -0.00555457
    0.527615      0.28103  -0.00259985
    0.579118      0.36784  -0.00566509
   -0.577214     0.165668   -0.0111419
   -0.206816   -0.0556979   -0.0061359
    0.514325    -0.038524  -0.00282676
   -0.531175     0.263684   -0.0070724
    0.107364     0.376204    0.0121214
    0.418537     0.564981    -0.014242
   -0.416912     0.527908  -0.00691343
    0.441392     0.108271   -0.0141399
    0.165624      0.54529   -0.0226651
 -0.00693571   -0.0673955    0.0145897
    0.174836    -0.359189   -0.0098951
  -0.0182286     0.285542  -0.00782558
    0.124773      0.52214  -0.00815773
   -0.322804      0.30799   -0.0121988
    0.215788    0.0775806   -0.0140465
    0.552929    -0.441083    0.0147773
     0.23991     0.258401   -0.0146134
  -0.0232538     0.233275   -0.0264806
    0.342683    -0.453224   0.00080571
    0.173076     0.459246   -0.0192963
   -0.497468     0.371618   -0.0014122
    0.085262    -0.485748    0.0147575
    0.108012     0.242861  -0.00157251
    0.425775     0.363533  -0.00182667
    0.167696    -0.468071   0.00194511
    0.184423    -0.332281   -0.0115572
     0.14612     0.478486   -0.0290902
   -0.280337     0.355117   -0.0146841
    0.291399     0.175652   -0.0211195
     0.32552    -0.254417    0.0122227
   -0.582178     0.351873   -0.0172498
    0.319967    -0.056474   -0.0155831
   -0.283366     0.184149   -0.0147623
    0.300237   -0.0487717   -0.0121418
   -0.538689      0.19222  -0.00367718
     0.42446    -0.170927  -0.00247583
    -0.58363    -0.541065  -0.00642494
    0.239174   -0.0617224   -0.0147331
    0.417427     0.138198   0.00484464
   -0.167214    0.0213067     0.003884
   -0.387187     0.379034  -0.00500135
    -0.34162     0.249134   0.00245749
   -0.581869    -0.517217  -0.00727075
   -0.401083     0.404374   -0.0288632
    0.421951    -0.154374   -0.0231678
    0.153316    -0.198444  -0.00202538
    0.160847    0.0878541  -0.00603016
    0.429069    0.0631551     0.477558
    0.376214    -0.332619    -0.216383
    0.264489     0.202431    -0.378318
    0.291928    -0.193527  -0.00574126
    0.350048     0.386637   -0.0290975
    0.361663     -0.38082  -0.00696453
    0.572582      0.46905  -0.00401534
   0.0584238      0.24555     0.253885
    0.505667      0.33755      0.31461
    0.209491    0.0923193     0.569213
     0.44092     0.351306    -0.392087
   -0.331735    -0.444001  -0.00308055
     0.24568    -0.186501  -0.00758148
   -0.358024   -0.0276441   0.00267577
    0.446758   -0.0619241   -0.0122177
   -0.486251   -0.0444149   0.00393556
    0.133851     0.559776   -0.0191889
   -0.514788    -0.438477  -0.00398929
  -0.0959844    -0.266194   0.00110269
   -0.427535    -0.519558    0.0219837
   -0.547842    0.0283389  -0.00722521
   -0.232456     0.535318   0.00375815
   -0.371685     0.194209   -0.0145858
     0.50399     -0.12252    -0.017936
    0.608315    -0.139814   -0.0130635
   -0.307008     0.018747     0.535692
   -0.332136    -0.308906     0.191075
    0.496424    -0.489669     0.554151
    0.605583    -0.187808     0.312682
   -0.114174     0.573178     0.417999
   0.0761169    -0.232693     0.194268
   -0.353496     0.358599      0.62225
   -0.586211    -0.113456     0.272799
  -0.0663208   -0.0982725     0.470685
   -0.238059      0.35976    -0.301411
   -0.499401    0.0284452     -1.07052
    0.109034    -0.409373    -0.224569
   0.0642066    -0.302729     -0.47948
    -0.21607    0.0306678    -0.666572
   -0.232133     0.182562     -0.38186
   -0.598314    -0.139592    -0.771353
   -0.129115    -0.327338    -0.219804
-0.000669724    -0.249868    -0.510118
   -0.561328  0.000189722    -0.271693
   -0.393873     0.204709    -0.852767
   -0.375853    -0.377687    -0.301915
    0.119168    0.0176478    -0.274378
    -0.57162     0.271793    -0.343301
   -0.373222    -0.261916     0.270201
    0.217669    -0.223796      1.15477
    0.217669    -0.223796     -1.15477
    0.127962    -0.321185      1.15477
    0.127962    -0.321185     -1.15477
    0.175117    -0.266978      1.15477
    0.175117    -0.266978     -1.15477
    0.383684    -0.216542      1.15477
    0.383684    -0.216542     -1.15477
    0.246674    -0.329961      1.15477
    0.246674    -0.329961     -1.15477
    0.642985    -0.154054       1.0175
   -0.642985    -0.154054       1.0175
   -0.402914    0.0221003      1.15477
   -0.402914    0.0221003     -1.15477
   0.0759779    -0.580545    -0.178829
   0.0759779     0.580545    -0.178829
    0.557113    -0.580545      2.02468
    0.557113     0.580545      2.02468
   -0.507226    -0.580545      1.12121
   -0.507226     0.580545      1.12121
   -0.230675     0.580545    -0.920226
   -0.230675    -0.580545    -0.920226
    0.463307     0.525248    -0.114313
    0.463307    -0.635842    -0.114313
   -0.384144     0.540448      1.15477
   -0.384144     0.540448     -1.15477
   -0.337732     0.580545     -1.05233
   -0.337732    -0.580545     -1.05233
   -0.327733    -0.572689      1.15477
   -0.327733    -0.572689     -1.15477
     -0.3418     0.558562      1.15477
     -0.3418     0.558562     -1.15477
   -0.399874      0.49548      1.15477
   -0.399874      0.49548     -1.15477
    0.239274    -0.580545      0.76075
    0.239274     0.580545      0.76075
    -6.95492    -0.419492     -4.77646
    -6.95492     0.741598     -4.77646
    0.251716    -0.580545     -1.09546
    0.251716     0.580545     -1.09546
    0.252948    -0.580545     0.742156
    0.252948     0.580545     0.742156
    0.624128    -0.580545     -1.02032
    0.624128     0.580545     -1.02032
    0.639173    -0.580545      -1.0955
    0.639173     0.580545      -1.0955
    0.633787    -0.568905     -1.07698
   -0.652183    -0.568905     -1.07698
    0.642985    -0.572562     -1.05421
   -0.642985    -0.572562     -1.05421
   -0.633834    -0.580545     -1.10297
   -0.633834     0.580545     -1.10297
     -5.5388    -0.556555     0.884167
     -5.5388     0.604535     0.884167
    0.631163    -0.575189      1.15477
    0.631163    -0.575189     -1.15477
    0.625336    -0.580545      1.05388
    0.625336     0.580545      1.05388
    0.283826     0.195151      1.15477
    0.283826     0.195151     -1.15477
    0.276319     0.189252      1.15477
    0.276319     0.189252     -1.15477
    0.295182       0.1884      1.15477
    0.295182       0.1884     -1.15477
    0.225084     0.580545      1.00862
    0.225084    -0.580545      1.00862
    0.642985   -0.0607951      2.23586
   -0.642985   -0.0607951      2.23586
    0.642985    -0.385258     0.579886
   -0.642985    -0.385258     0.579886
   -0.558779   -0.0750004      1.04525
    -1.84475   -0.0750004      1.04525
   -0.558779    -0.421439     -1.10933
    -1.84475    -0.421439     -1.10933
   -0.558779    -0.564061    -0.579418
    -1.84475    -0.564061    -0.579418
   -0.550966    -0.580545     -1.51662
   -0.550966     0.580545     -1.51662
    0.642985    -0.498328    -0.852261
   -0.642985    -0.498328    -0.852261
   -0.558779    -0.436444    -0.130519
    -1.84475    -0.436444    -0.130519
    0.642985    -0.389868    -0.905004
   -0.642985    -0.389868    -0.905004
    0.147115    -0.580545  -0.00595479
    0.147115     0.580545  -0.00595479
   -0.558779    -0.514494    -0.804039
    -1.84475    -0.514494    -0.804039
   -0.536273    -0.535481      1.15477
   -0.536273    -0.535481     -1.15477
   -0.487948    -0.580545     0.401691
   -0.487948     0.580545     0.401691
    -0.53902    -0.495424      1.15477
    -0.53902    -0.495424     -1.15477
   -0.278232    -0.580545    -0.780181
   -0.278232     0.580545    -0.780181
    0.640165    -0.528737      1.15477
    0.640165    -0.528737     -1.15477
    0.596666    -0.580545     0.179852
    0.596666     0.580545     0.179852
    0.642985    -0.404597    -0.880837
   -0.642985    -0.404597    -0.880837
    0.627249    -0.378196      1.15477
    0.627249    -0.378196     -1.15477
    0.526886    -0.522093      1.15477
    0.526886    -0.522093     -1.15477
   -0.558779    -0.485634    -0.504215
    -1.84475    -0.485634    -0.504215
   -0.481903    -0.504627      1.15477
   -0.481903    -0.504627     -1.15477
   -0.174619    -0.580545     0.863946
   -0.174619     0.580545     0.863946
    0.628058    -0.333294      1.15477
    0.628058    -0.333294     -1.15477
    0.560875    -0.469782      1.15477
    0.560875    -0.469782     -1.15477
   -0.301946    0.0155438      1.15477
   -0.301946    0.0155438     -1.15477
   -0.237878    0.0430075      1.15477
   -0.237878    0.0430075     -1.15477
   -0.602058    -0.580545    -0.761325
   -0.602058     0.580545    -0.761325
   -0.642985    -0.100017    -0.857724
    0.642985    -0.100017    -0.857724
   -0.620353    -0.144249      1.15477
   -0.620353    -0.144249     -1.15477
  -0.0446595    -0.410613      0.57795
  -0.0446595      -1.5717      0.57795
  -0.0388577     0.580545   -0.0337241
  -0.0388577    -0.580545   -0.0337241
  -0.0159226     0.580545    -0.272931
  -0.0159226    -0.580545    -0.272931
   -0.642985    -0.279997      -2.7676
    0.642985    -0.279997      -2.7676
   -0.642985     0.185785     -0.99492
    0.642985     0.185785     -0.99492
   -0.642985     0.351581       0.1426
    0.642985     0.351581       0.1426
   -0.642985   -0.0167445    -0.685846
    0.642985   -0.0167445    -0.685846
   -0.642985   -0.0343343    -0.674294
    0.642985   -0.0343343    -0.674294
    0.460555     0.374975     -0.52992
   -0.825415     0.374975     -0.52992
    0.532926     0.174147    -0.283111
   -0.753044     0.174147    -0.283111
    0.581749     0.168185      1.15477
    0.581749     0.168185     -1.15477
    0.032309     0.103407      1.15477
    0.032309     0.103407     -1.15477
  -0.0144605     0.207893      1.15477
  -0.0144605     0.207893     -1.15477
    0.101105     0.179163      1.15477
    0.101105     0.179163     -1.15477
   0.0466151    0.0894843      1.15477
   0.0466151    0.0894843     -1.15477
   -0.101181      0.10041      1.15477
   -0.101181      0.10041     -1.15477
   0.0763721     0.158569      1.15477
   0.0763721     0.158569     -1.15477
   0.0666355     0.200271      1.15477
   0.0666355     0.200271     -1.15477
  -0.0407129     0.150462      1.15477
  -0.0407129     0.150462     -1.15477
    0.623553    -0.580545      1.23929
    0.623553     0.580545      1.23929
    0.243005    -0.580545     0.948584
    0.243005     0.580545     0.948584
    0.323465    -0.405191      1.15477
    0.323465    -0.405191     -1.15477
    0.339989     0.313109      1.15477
    0.339989     0.313109     -1.15477
    0.359665     0.329814      1.15477
    0.359665     0.329814     -1.15477
    0.355417     0.304342      1.15477
    0.355417     0.304342     -1.15477
   -0.442687    -0.513167    -0.606313
   -0.442687     0.647923    -0.606313
  -0.0761988    -0.580545    -0.780468
  -0.0761988     0.580545    -0.780468
   -0.120668    -0.580545    -0.736515
   -0.120668     0.580545    -0.736515
    0.525937    -0.580545     0.852961
    0.525937     0.580545     0.852961
  -0.0940082    -0.533112      1.15477
  -0.0940082    -0.533112     -1.15477
    0.642985       5.4134     -5.60033
   -0.642985       5.4134     -5.60033
    0.384869   -0.0760091      1.15477
    0.384869   -0.0760091     -1.15477
    0.526242   -0.0580718      1.15477
    0.526242   -0.0580718     -1.15477
    0.642985    0.0211079      0.27736
   -0.642985    0.0211079      0.27736
    0.497666    -0.108878      1.15477
    0.497666    -0.108878     -1.15477
    0.642985    -0.460074      -11.668
   -0.642985    -0.460074      -11.668
    0.426788  -0.00588388      1.15477
    0.426788  -0.00588388     -1.15477
    0.515658   -0.0941108      1.15477
    0.515658   -0.0941108     -1.15477
    0.501179   -0.0113971      1.15477
    0.501179   -0.0113971     -1.15477
   -0.628411     0.434331      1.00408
    -1.91438     0.434331      1.00408
    0.642985     0.401096     0.711341
   -0.642985     0.401096     0.711341
    0.500379     0.580545     0.412702
    0.500379    -0.580545     0.412702
    0.642985     0.383312     0.833147
   -0.642985     0.383312     0.833147
   -0.628411     0.397564     0.753111
    -1.91438     0.397564     0.753111
    0.589808     0.435431     0.298438
    0.589808     0.435431     -2.01109
    0.615904     0.344954     0.298438
    0.615904     0.344954     -2.01109
   -0.642985    -0.555597      1.05233
    0.642985    -0.555597      1.05233
    0.622812     0.580545     0.818279
    0.622812    -0.580545     0.818279
    0.491591     0.580545    -0.519105
    0.491591    -0.580545    -0.519105
   -0.506178    -0.406926     -0.36866
   -0.506178     -1.56802     -0.36866
   -0.548928     -0.53245      1.15477
   -0.548928     -0.53245     -1.15477
   -0.542942    -0.504044     -1.14104
    0.743028    -0.504044     -1.14104
   -0.541463    -0.504348      1.15477
   -0.541463    -0.504348     -1.15477
   -0.624071    -0.525702      1.15477
   -0.624071    -0.525702     -1.15477
   -0.642985    -0.545138     0.864175
    0.642985    -0.545138     0.864175
   -0.635472    -0.421596      1.15477
   -0.635472    -0.421596     -1.15477
    0.641854    -0.406926      1.05758
    0.641854     -1.56802      1.05758
   -0.502717    -0.478215      1.15477
   -0.502717    -0.478215     -1.15477
  -0.0882044    -0.406926      -1.0404
  -0.0882044     -1.56802      -1.0404
   -0.514187    -0.510046      1.15477
   -0.514187    -0.510046     -1.15477
   -0.575165      -0.5736      1.15477
   -0.575165      -0.5736     -1.15477
   -0.587459     0.577082      1.15477
   -0.587459     0.577082     -1.15477
   -0.542942    -0.153015    -0.401023
    0.743028    -0.153015    -0.401023
    0.642985   -0.0412453    -0.561951
   -0.642985   -0.0412453    -0.561951
    0.642985   -0.0977915     -1.12074
   -0.642985   -0.0977915     -1.12074
    0.517509    -0.580545      0.57744
    0.517509     0.580545      0.57744
   0.0640562     0.580545    -0.608986
   0.0640562    -0.580545    -0.608986
  -0.0397017     0.401997      1.15477
  -0.0397017     0.401997     -1.15477
   0.0504949     0.413892      1.15477
   0.0504949     0.413892     -1.15477
  -0.0804246      0.46749      1.15477
  -0.0804246      0.46749     -1.15477
  -0.0645288     0.370696      1.15477
  -0.0645288     0.370696     -1.15477
   -0.642985    -0.033754    -0.855439
    0.642985    -0.033754    -0.855439
    0.526097     0.156073      1.15477
    0.526097     0.156073     -1.15477
    0.504059     0.259744      1.15477
    0.504059     0.259744     -1.15477
   -0.642985    0.0398721     -7.43435
    0.642985    0.0398721     -7.43435
    0.504002     0.194323      1.15477
    0.504002     0.194323     -1.15477
   -0.642985     0.297747     -7.49606
    0.642985     0.297747     -7.49606
    0.574619     0.199492      1.15477
    0.574619     0.199492     -1.15477
    0.572696     0.229074      1.15477
    0.572696     0.229074     -1.15477
   -0.642985     0.266904     0.402636
    0.642985     0.266904     0.402636
   -0.327493     0.340412      1.15477
   -0.327493     0.340412     -1.15477
   -0.344713     0.269533      1.15477
   -0.344713     0.269533     -1.15477
   -0.338304     0.290137      1.15477
   -0.338304     0.290137     -1.15477
   -0.270398     0.278909      1.15477
   -0.270398     0.278909     -1.15477
   -0.163557    -0.129361      1.15477
   -0.163557    -0.129361     -1.15477
   -0.377658    -0.114139      1.15477
   -0.377658    -0.114139     -1.15477
   -0.284531   -0.0857404      1.15477
   -0.284531   -0.0857404     -1.15477
   -0.458307    -0.158739      1.15477
   -0.458307    -0.158739     -1.15477
   -0.243596    -0.227728      1.15477
   -0.243596    -0.227728     -1.15477
   -0.195543     -0.17431      1.15477
   -0.195543     -0.17431     -1.15477
   -0.242156   -0.0504126      1.15477
   -0.242156   -0.0504126     -1.15477
   -0.642985    -0.166769     0.704397
    0.642985    -0.166769     0.704397
   -0.642985    -0.121863    -0.339772
    0.642985    -0.121863    -0.339772
    0.178549     0.580545    -0.857321
    0.178549    -0.580545    -0.857321
   -0.307327       0.4457      1.15477
   -0.307327       0.4457     -1.15477
   -0.178966     0.394482      1.15477
   -0.178966     0.394482     -1.15477
   -0.245727     0.465154      1.15477
   -0.245727     0.465154     -1.15477
   -0.323957     0.377812      1.15477
   -0.323957     0.377812     -1.15477
   -0.223293      0.35861      1.15477
   -0.223293      0.35861     -1.15477
  -0.0102566    -0.577445      1.15477
  -0.0102566    -0.577445     -1.15477
   0.0711645     0.564867      1.15477
   0.0711645     0.564867     -1.15477
  -0.0329261     0.548158      1.15477
  -0.0329261     0.548158     -1.15477
   -0.237318    -0.580545    -0.840927
   -0.237318     0.580545    -0.840927
   0.0726054     0.570057      1.15477
   0.0726054     0.570057     -1.15477
   0.0699723     0.501666      1.15477
   0.0699723     0.501666     -1.15477
   0.0764386     0.495712      1.05386
   0.0764386       1.6568      1.05386
   -0.611512   -0.0973788      1.15477
   -0.611512   -0.0973788     -1.15477
    0.642985    0.0213445     0.656435
   -0.642985    0.0213445     0.656435
    0.642985    -0.126306     -1.12908
   -0.642985    -0.126306     -1.12908
    0.640854    -0.126835      1.15477
    0.640854    -0.126835     -1.15477
    0.199859     0.580545     -0.84581
    0.199859    -0.580545     -0.84581
    0.260323    -0.573175      1.15477
    0.260323    -0.573175     -1.15477
    0.265686    -0.570661      1.15477
    0.265686    -0.570661     -1.15477
    0.255419    -0.565975      1.15477
    0.255419    -0.565975     -1.15477
    0.241862      -0.5552      0.88069
    0.241862     -1.71629      0.88069
    0.257191    -0.565302      1.15477
    0.257191    -0.565302     -1.15477
    0.254775      -0.5552     0.965131
    0.254775     -1.71629     0.965131
    0.255685    -0.574266      1.15477
    0.255685    -0.574266     -1.15477
    0.164906    -0.166101      1.15477
    0.164906    -0.166101     -1.15477
    0.100142    -0.237805      1.15477
    0.100142    -0.237805     -1.15477
     0.13465    -0.198348      1.15477
     0.13465    -0.198348     -1.15477
   -0.642985    -0.156771    -0.879576
    0.642985    -0.156771    -0.879576
   -0.482824     0.580545     0.560683
   -0.482824    -0.580545     0.560683
   -0.444897     0.580545    -0.971141
   -0.444897    -0.580545    -0.971141
   -0.642985     0.261796     0.896498
    0.642985     0.261796     0.896498
    0.272439     0.580545     0.262249
    0.272439    -0.580545     0.262249
    0.523655     0.580545    -0.525815
    0.523655    -0.580545    -0.525815
    0.491036    0.0151977    0.0477665
   -0.794934    0.0151977    0.0477665
  -0.0377985     0.580545     0.643731
  -0.0377985    -0.580545     0.643731
   -0.613198   -0.0284325     -1.15477
   -0.613198   -0.0284325      1.15477
   -0.641445    0.0305723   -0.0913939
    0.644525    0.0305723   -0.0913939
   -0.628026   -0.0122274     -1.15477
   -0.628026   -0.0122274      1.15477
   -0.642985    0.0319459    -0.147467
    0.642985    0.0319459    -0.147467
   -0.642985    0.0343087    -0.161243
    0.642985    0.0343087    -0.161243
   -0.641445    0.0359057    -0.145478
    0.644525    0.0359057    -0.145478
    0.162745    -0.499884    -0.365776
    0.162745     -1.66097    -0.365776
   0.0379444    -0.499884    -0.861667
   0.0379444     -1.66097    -0.861667
   -0.297626     0.580545     0.873998
   -0.297626    -0.580545     0.873998
    0.303135     0.580545     0.746062
    0.303135    -0.580545     0.746062
    0.180767    -0.499884    -0.605537
    0.180767     -1.66097    -0.605537
    0.291184    -0.499884     -0.81894
    0.291184     -1.66097     -0.81894
    0.317137     0.580545     0.331091
    0.317137    -0.580545     0.331091
    0.202943    -0.580545    -0.477184
    0.202943     0.580545    -0.477184
    0.438221    -0.543448      6.96234
    0.438221     0.617642      6.96234
    0.585791    -0.580545     0.472435
    0.585791     0.580545     0.472435
   -0.274066    -0.580545    -0.479417
   -0.274066     0.580545    -0.479417
    0.642985   -0.0101329    -0.162818
   -0.642985   -0.0101329    -0.162818
   -0.530091      -0.4605     0.860309
   -0.530091     -1.62159     0.860309
    0.642985    -0.336148     0.516537
   -0.642985    -0.336148     0.516537
    0.642985     0.434418       1.7494
   -0.642985     0.434418       1.7494
    0.370394     0.580545     0.782508
    0.370394    -0.580545     0.782508
   -0.637225      -0.4605    -0.586837
   -0.637225     -1.62159    -0.586837
   -0.517311      -0.4605     0.976958
   -0.517311     -1.62159     0.976958
    0.239747      -0.4605    -0.579919
    0.239747     -1.62159    -0.579919
    0.642985    -0.168245     -5.64761
   -0.642985    -0.168245     -5.64761
    0.642985     0.451286    -0.715133
   -0.642985     0.451286    -0.715133
    0.260157     0.580545    -0.624393
    0.260157    -0.580545    -0.624393
    0.317515     0.580545     0.453207
    0.317515    -0.580545     0.453207
    0.390869     0.580545     0.142711
    0.390869    -0.580545     0.142711
    0.390127    -0.415935     0.934168
      1.6761    -0.415935     0.934168
   -0.162454    -0.580545     0.247237
   -0.162454     0.580545     0.247237
   -0.642985   0.00650845     0.303471
    0.642985   0.00650845     0.303471
   -0.642985   -0.0376406      0.24224
    0.642985   -0.0376406      0.24224
    -0.23439    -0.580545     0.471175
    -0.23439     0.580545     0.471175
    0.124322    -0.538273    -0.735798
    0.124322     -1.69936    -0.735798
    0.139592    -0.538273    -0.503316
    0.139592     -1.69936    -0.503316
     0.27726     0.580545     0.684088
     0.27726    -0.580545     0.684088
    0.225794    -0.538273    -0.501445
    0.225794     -1.69936    -0.501445
   -0.509649    -0.573193    -0.547653
   -0.509649     -1.73428    -0.547653
    -0.51592    -0.573193    -0.557023
    -0.51592     -1.73428    -0.557023
   -0.283782    -0.580545     0.340866
   -0.283782     0.580545     0.340866
    0.190078    -0.580545     0.399281
    0.190078     0.580545     0.399281
    0.642985    -0.563873     -9.37699
   -0.642985    -0.563873     -9.37699
    0.642985    -0.409789    -0.676869
   -0.642985    -0.409789    -0.676869
   -0.229113    -0.575954     0.427674
   -0.229113     -1.73704     0.427674
    0.642985    -0.510761        7.631
   -0.642985    -0.510761        7.631
    0.124527     0.389567     -1.15477
    0.124527     0.389567      1.15477
   -0.642985     -0.38015    0.0443055
    0.642985     -0.38015    0.0443055
    0.485254    0.0243777    -0.452311
     1.77122    0.0243777    -0.452311
   -0.642985     0.152394      0.74326
    0.642985     0.152394      0.74326
    0.642985     0.229737     0.253921
   -0.642985     0.229737     0.253921
   -0.642985     0.383011    -0.656207
    0.642985     0.383011    -0.656207
    0.642985     0.532549     0.757353
   -0.642985     0.532549     0.757353
   -0.468495    -0.580545    -0.406661
   -0.468495     0.580545    -0.406661
   -0.323686    -0.805167     -20.1059
    0.962284    -0.805167     -20.1059
   -0.642985    -0.212538    -0.501362
    0.642985    -0.212538    -0.501362
    0.642985     0.316382     -0.97973
   -0.642985     0.316382     -0.97973
   -0.532614    -0.580545     -1.14999
   -0.532614     0.580545     -1.14999
   -0.565253    -0.580545     -14.3434
   -0.565253     0.580545     -14.3434
    0.240988     0.580545       0.8897
    0.240988    -0.580545       0.8897
    0.248763     0.580545     0.914935
    0.248763    -0.580545     0.914935
    0.642985    -0.163653    0.0725159
   -0.642985    -0.163653    0.0725159
    0.642985    -0.285564    -0.126763
   -0.642985    -0.285564    -0.126763
    0.205929     0.580545     0.974433
    0.205929    -0.580545     0.974433
   -0.311406     0.580545     -1.61226
   -0.311406    -0.580545     -1.61226
    0.642985    0.0160826    -0.675409
   -0.642985    0.0160826    -0.675409
    0.642985     0.276067    -0.606193
   -0.642985     0.276067    -0.606193
    0.642985     0.408317      0.51278
   -0.642985     0.408317      0.51278
    0.560274     0.580545    -0.443989
    0.560274    -0.580545    -0.443989
    0.642985     0.318828    -0.907844
   -0.642985     0.318828    -0.907844
    0.522857    -0.580545      0.52625
    0.522857     0.580545      0.52625
   -0.642985     0.562359   -0.0335371
    0.642985     0.562359   -0.0335371
    0.613154    -0.580545    -0.646184
    0.613154     0.580545    -0.646184
   -0.642985    -0.572641    -0.895032
    0.642985    -0.572641    -0.895032
   -0.510301    -0.580545     -1.00165
   -0.510301     0.580545     -1.00165
   -0.642985    -0.539561   -0.0596061
    0.642985    -0.539561   -0.0596061
   -0.642985    -0.133489    0.0945222
    0.642985    -0.133489    0.0945222
    0.230549     0.580545   -0.0154258
    0.230549    -0.580545   -0.0154258
   -0.642985     0.361445     0.104422
    0.642985     0.361445     0.104422
   -0.642985     0.498826  -0.00179293
    0.642985     0.498826  -0.00179293
    0.642985     0.251278  -0.00468454
   -0.642985     0.251278  -0.00468454
    0.642985     0.252649  -0.00653912
   -0.642985     0.252649  -0.00653912
   -0.642985     0.159555   -0.0150483
    0.642985     0.159555   -0.0150483
   -0.642985     0.162585   0.00997771
    0.642985     0.162585   0.00997771
   -0.642985     0.296833   -0.0127931
    0.642985     0.296833   -0.0127931
   -0.613928    -0.515738  -0.00590802
   -0.613928     -1.67683  -0.00590802
   -0.522054    -0.515738  -0.00748462
   -0.522054     -1.67683  -0.00748462
   -0.473288    -0.515738   -0.0465054
   -0.473288     -1.67683   -0.0465054
   -0.427058    -0.515738     0.047136
   -0.427058     -1.67683     0.047136
   -0.429287    0.0534788    -0.818745
    0.856683    0.0534788    -0.818745
   -0.545032     0.580545    0.0620846
   -0.545032    -0.580545    0.0620846
     0.60453     0.580545    -0.016982
     0.60453    -0.580545    -0.016982
   -0.504456    -0.515738   -0.0328291
   -0.504456     -1.67683   -0.0328291
     0.40897    -0.580545   -0.0794236
     0.40897     0.580545   -0.0794236
   -0.223432    -0.580545   -0.0348859
   -0.223432     0.580545   -0.0348859
  -0.0123866    -0.580545   -0.0131899
  -0.0123866     0.580545   -0.0131899
   -0.391469    -0.580545     0.142786
   -0.391469     0.580545     0.142786
    0.642985     0.101533   -0.0434156
   -0.642985     0.101533   -0.0434156
    0.642985     0.424074   -0.0401642
   -0.642985     0.424074   -0.0401642
    0.642985     0.485213   -0.0260389
   -0.642985     0.485213   -0.0260389
    0.642985     0.276279   -0.0268317
   -0.642985     0.276279   -0.0268317
   -0.186981    -0.580545  -0.00105359
   -0.186981     0.580545  -0.00105359
   -0.179321    -0.580545  -0.00118543
   -0.179321     0.580545  -0.00118543
   -0.184723     0.579969  -0.00256028
   -0.184723      1.74106  -0.00256028
   -0.184372    -0.580545 -0.000616658
   -0.184372     0.580545 -0.000616658
   -0.184433    -0.580545 -0.000656336
   -0.184433     0.580545 -0.000656336
    0.642985    -0.150408   0.00815725
   -0.642985    -0.150408   0.00815725
    0.642985     -0.21361  -0.00168863
   -0.642985     -0.21361  -0.00168863
    0.642985   -0.0816098   -0.0900167
   -0.642985   -0.0816098   -0.0900167
    0.642985    -0.313842   -0.0190632
   -0.642985    -0.313842   -0.0190632
    0.642985     0.509497     0.149241
   -0.642985     0.509497     0.149241
    0.642985    -0.213335  0.000250374
   -0.642985    -0.213335  0.000250374
    0.642985    -0.414683   -0.0168141
   -0.642985    -0.414683   -0.0168141
   -0.487053     0.311384   -0.0788012
    0.798917     0.311384   -0.0788012
   -0.487053     0.421866    0.0257409
    0.798917     0.421866    0.0257409
   -0.487053     0.352459    0.0442038
    0.798917     0.352459    0.0442038
    0.219209    -0.475373   -0.0245308
    0.219209     -1.63646   -0.0245308
     6.61259    -0.475373     0.924157
     6.61259     -1.63646     0.924157
   0.0459747     0.580545     0.198507
   0.0459747    -0.580545     0.198507
 -0.00892973     0.580545   0.00559928
 -0.00892973    -0.580545   0.00559928
    0.109599     0.580545   -0.0104593
    0.109599    -0.580545   -0.0104593
     0.38413    -0.475373  -0.00813604
     0.38413     -1.63646  -0.00813604
     1.60395     0.580545     0.650795
     1.60395    -0.580545     0.650795
   -0.406635   -0.0749647     0.164863
    0.879335   -0.0749647     0.164863
    0.642985     0.193168   -0.0161883
   -0.642985     0.193168   -0.0161883
    0.587849    -0.580545   -0.0774824
    0.587849     0.580545   -0.0774824
    0.642985     0.156246   -0.0390267
   -0.642985     0.156246   -0.0390267
    0.642985     0.086063   -0.0168109
   -0.642985     0.086063   -0.0168109
    0.642985     0.159737   -0.0267365
   -0.642985     0.159737   -0.0267365
    0.298711    -0.529133    0.0861185
    0.298711     -1.69022    0.0861185
    -4.34615    -0.529133      1.11118
    -4.34615     -1.69022      1.11118
    0.111595     0.580545    -0.012617
    0.111595    -0.580545    -0.012617
    0.199268    -0.529133   -0.0165691
    0.199268     -1.69022   -0.0165691
   0.0691252     0.580545  -0.00570312
   0.0691252    -0.580545  -0.00570312
   -0.345814     0.580545   -0.0208746
   -0.345814    -0.580545   -0.0208746
    0.642985    -0.173649     0.284185
   -0.642985    -0.173649     0.284185
    0.642985     0.457985   -0.0192729
   -0.642985     0.457985   -0.0192729
    0.642985     0.137245   0.00697335
   -0.642985     0.137245   0.00697335
    0.642985     0.209684   -0.0402663
   -0.642985     0.209684   -0.0402663
    0.642985     0.277909   -0.0167597
   -0.642985     0.277909   -0.0167597
    0.642985   -0.0194193      0.58434
   -0.642985   -0.0194193      0.58434
   -0.354821    -0.580545   -0.0267653
   -0.354821     0.580545   -0.0267653
   -0.191673    -0.580545   -0.0291273
   -0.191673     0.580545   -0.0291273
    0.550442    -0.580545   -0.0543493
    0.550442     0.580545   -0.0543493
    0.642985    -0.510001   -0.0267129
   -0.642985    -0.510001   -0.0267129
    0.642985    -0.552762  4.29917e-05
   -0.642985    -0.552762  4.29917e-05
   -0.556569    -0.580545   -0.0224703
   -0.556569     0.580545   -0.0224703
    0.642985    -0.293913   -0.0238374
   -0.642985    -0.293913   -0.0238374
    0.642985    -0.543476  -0.00177999
   -0.642985    -0.543476  -0.00177999
   -0.604651    -0.204141    0.0025367
    0.681319    -0.204141    0.0025367
   -0.604651    -0.172356     0.021234
    0.681319    -0.172356     0.021234
    0.642985    -0.201277    0.0236377
   -0.642985    -0.201277    0.0236377
    0.642985    -0.285697    0.0315908
   -0.642985    -0.285697    0.0315908
    0.642985    -0.325783   0.00229787
   -0.642985    -0.325783   0.00229787
    0.642985    -0.195523  -0.00855405
   -0.642985    -0.195523  -0.00855405
    0.623832    -0.196633   0.00662956
   -0.662138    -0.196633   0.00662956
    0.292577    -0.467115     -0.07376
    0.292577      -1.6282     -0.07376
   -0.511248     0.580545    0.0169405
   -0.511248    -0.580545    0.0169405
   -0.642985     0.551275 -0.000193078
    0.642985     0.551275 -0.000193078
   -0.416716    -0.467115     -0.20856
   -0.416716      -1.6282     -0.20856
   -0.642985     0.562589  -0.00415901
    0.642985     0.562589  -0.00415901
   -0.642985    -0.550304   -0.0122179
    0.642985    -0.550304   -0.0122179
   -0.565326     0.580545     -0.01801
   -0.565326    -0.580545     -0.01801
   -0.642985    -0.557934   -0.0504421
    0.642985    -0.557934   -0.0504421
   -0.642985     0.568836   0.00715695
    0.642985     0.568836   0.00715695
   -0.289998    -0.467115   0.00808352
   -0.289998      -1.6282   0.00808352
    0.551196     0.580545   -0.0154587
    0.551196    -0.580545   -0.0154587
   -0.583501     0.580545    0.0751206
   -0.583501    -0.580545    0.0751206
   -0.642985    -0.578877  -0.00546722
    0.642985    -0.578877  -0.00546722
    0.470528    -0.580545   -0.0149408
    0.470528     0.580545   -0.0149408
   -0.629597    -0.471922    -0.328658
   -0.629597     0.689168    -0.328658
    0.536184    -0.580545   -0.0351077
    0.536184     0.580545   -0.0351077
    0.637736    -0.580545   -0.0114676
    0.637736     0.580545   -0.0114676
    0.642985     0.494975   -0.0679886
   -0.642985     0.494975   -0.0679886
    0.535185    -0.580545   -0.0218383
    0.535185     0.580545   -0.0218383
    0.333731    -0.580545   -0.0117291
    0.333731     0.580545   -0.0117291
    0.627776    -0.580545  0.000412238
    0.627776     0.580545  0.000412238
     0.20372     0.580545   -0.0317356
     0.20372    -0.580545   -0.0317356
    0.218274     0.580545     0.010149
    0.218274    -0.580545     0.010149
    0.248034     0.580545   -0.0320275
    0.248034    -0.580545   -0.0320275
   -0.563867    -0.564206    -0.014656
    0.722103    -0.564206    -0.014656
    0.642055    -0.580545   -0.0297265
    0.642055     0.580545   -0.0297265
   -0.563867    -0.566193   -0.0662096
    0.722103    -0.566193   -0.0662096
   -0.552303    -0.580545   -0.0823128
   -0.552303     0.580545   -0.0823128
   -0.642985    -0.283987   -0.0167758
    0.642985    -0.283987   -0.0167758
   -0.642985    -0.514128   -0.0218392
    0.642985    -0.514128   -0.0218392
   -0.162436    -0.453652    -0.240041
   -0.162436     0.707438    -0.240041
   -0.642985    0.0477006   0.00117383
    0.642985    0.0477006   0.00117383
   -0.642985     0.103321    -0.011721
    0.642985     0.103321    -0.011721
   -0.642985    0.0869046   0.00623661
    0.642985    0.0869046   0.00623661
    0.642985     0.205704   -0.0476106
   -0.642985     0.205704   -0.0476106
    0.642985     0.227288   -0.0488406
   -0.642985     0.227288   -0.0488406
    0.642985     0.278959   0.00108408
   -0.642985     0.278959   0.00108408
    0.642985  -0.00675027   -0.0166813
   -0.642985  -0.00675027   -0.0166813
    0.642985   -0.0859006    0.0116991
   -0.642985   -0.0859006    0.0116991
    0.642985    0.0482046   -0.0240216
   -0.642985    0.0482046   -0.0240216
    0.195016    -0.580545    -0.114906
    0.195016     0.580545    -0.114906
  -0.0823194    -0.580545   -0.0262759
  -0.0823194     0.580545   -0.0262759
   -0.642985    -0.118731     0.018851
    0.642985    -0.118731     0.018851
   -0.642985   -0.0717167    0.0111042
    0.642985   -0.0717167    0.0111042
   -0.642985    -0.169284   -0.0034824
    0.642985    -0.169284   -0.0034824
   -0.642985  -0.00531827    0.0195265
    0.642985  -0.00531827    0.0195265
   -0.642985    -0.128641   -0.0184443
    0.642985    -0.128641   -0.0184443
   -0.642985   -0.0576742   -0.0323664
    0.642985   -0.0576742   -0.0323664
    0.642985     0.118064   -0.0354388
   -0.642985     0.118064   -0.0354388
    0.642985     0.123797    -0.038711
   -0.642985     0.123797    -0.038711
   -0.326346     0.580545   -0.0447019
   -0.326346    -0.580545   -0.0447019
    0.629565     0.580545    -0.011265
    0.629565    -0.580545    -0.011265
    0.465808     0.580545   -0.0371195
    0.465808    -0.580545   -0.0371195
   -0.636472     0.435175  -0.00365185
    0.649498     0.435175  -0.00365185
   -0.636472     0.431902  -0.00330556
    0.649498     0.431902  -0.00330556
    0.507413     0.580545   -0.0343434
    0.507413    -0.580545   -0.0343434
    0.642985    -0.351778    0.0514064
   -0.642985    -0.351778    0.0514064
    -0.59857    -0.580545   0.00139339
    -0.59857     0.580545   0.00139339
    0.642985    -0.506161   -0.0486382
   -0.642985    -0.506161   -0.0486382
    0.642985    -0.502917  -0.00580805
   -0.642985    -0.502917  -0.00580805
   -0.321436    -0.267428     0.193802
    -1.60741    -0.267428     0.193802
    0.642985    -0.435298   0.00806174
   -0.642985    -0.435298   0.00806174
    0.642985    -0.558792    -0.014839
   -0.642985    -0.558792    -0.014839
    0.500454     0.580545   -0.0264991
    0.500454    -0.580545   -0.0264991
    0.532991     0.544797   -0.0134625
    0.532991    -0.616293   -0.0134625
    0.642985     0.138723     0.179929
   -0.642985     0.138723     0.179929
    0.534848     0.580545   -0.0113616
    0.534848    -0.580545   -0.0113616
  -0.0336281     0.580545   -0.0203605
  -0.0336281    -0.580545   -0.0203605
    0.830528    -0.580545    -0.603248
    0.830528     0.580545    -0.603248
   -0.435181    -0.580545   -0.0291149
   -0.435181     0.580545   -0.0291149
   -0.213784    -0.580545   -0.0542438
   -0.213784     0.580545   -0.0542438
    0.224981    -0.580545   -0.0152882
    0.224981     0.580545   -0.0152882
 -0.00709235     0.580545    0.0141552
 -0.00709235    -0.580545    0.0141552
     -0.1325     0.580545   -0.0221177
     -0.1325    -0.580545   -0.0221177
    0.249653     0.580545   0.00982303
    0.249653    -0.580545   0.00982303
   -0.499271     0.580545   -0.0259979
   -0.499271    -0.580545   -0.0259979
    0.642985   -0.0933474    0.0158801
   -0.642985   -0.0933474    0.0158801
    0.642985    -0.202868    0.0156713
   -0.642985    -0.202868    0.0156713
    0.642985   -0.0569061   -0.0764941
   -0.642985   -0.0569061   -0.0764941
    0.642985   -0.0353333   0.00512902
   -0.642985   -0.0353333   0.00512902
    0.642985    0.0668816   -0.0453937
   -0.642985    0.0668816   -0.0453937
    0.642985     -0.25247   -0.0144979
   -0.642985     -0.25247   -0.0144979
    0.642985    -0.209216   -0.0304282
   -0.642985    -0.209216   -0.0304282
    0.642985    -0.248661    0.0368678
   -0.642985    -0.248661    0.0368678
    0.642985   -0.0805788   0.00294601
   -0.642985   -0.0805788   0.00294601
    0.319737     0.580545   -0.0144084
    0.319737    -0.580545   -0.0144084
    0.412468     -0.55283   -0.0268888
    0.412468     -1.71392   -0.0268888
    0.411697     -0.55283   -0.0175775
    0.411697     -1.71392   -0.0175775
    0.475209     -0.55283  -0.00494682
    0.475209     -1.71392  -0.00494682
   -0.362862    -0.580545   0.00997896
   -0.362862     0.580545   0.00997896
   -0.458204     0.525841  4.98595e-05
   -0.458204      1.68693  4.98595e-05
   -0.410509    -0.580545    0.0712775
   -0.410509     0.580545    0.0712775
   -0.379533    -0.580545   0.00911297
   -0.379533     0.580545   0.00911297
   -0.642985    -0.106377  -0.00715266
    0.642985    -0.106377  -0.00715266
   -0.642985   -0.0678013   -0.0245973
    0.642985   -0.0678013   -0.0245973
    0.479754    -0.580545   -0.0634939
    0.479754     0.580545   -0.0634939
   -0.296699    -0.580545   -0.0876701
   -0.296699     0.580545   -0.0876701
    0.560793    -0.506399   -0.0673451
    0.560793     0.654691   -0.0673451
    0.244264    -0.580545  -0.00964425
    0.244264     0.580545  -0.00964425
    0.622445    -0.348523    0.0101964
   -0.663525    -0.348523    0.0101964
    0.622445    -0.363715 -0.000903245
   -0.663525    -0.363715 -0.000903245
   -0.362931    -0.580545   -0.0320289
   -0.362931     0.580545   -0.0320289
   -0.218227    -0.580545   -0.0364931
   -0.218227     0.580545   -0.0364931
   -0.180412    -0.580545   -0.0237525
   -0.180412     0.580545   -0.0237525
   -0.351957    -0.580545   -0.0247491
   -0.351957     0.580545   -0.0247491
   -0.367061     -0.57531    0.0197529
   -0.367061      0.58578    0.0197529
   -0.329596    -0.580545   -0.0244293
   -0.329596     0.580545   -0.0244293
   -0.487393    -0.159966    -0.036557
    0.798577    -0.159966    -0.036557
    0.544675     0.580545   0.00623828
    0.544675    -0.580545   0.00623828
   -0.277839    -0.580545    -0.150394
   -0.277839     0.580545    -0.150394
    0.572677    -0.580545    -0.039643
    0.572677     0.580545    -0.039643
    0.642985     0.375867   -0.0260468
   -0.642985     0.375867   -0.0260468
   -0.620738    -0.580545    -0.109294
   -0.620738     0.580545    -0.109294
    0.530152    -0.526697    0.0193516
    0.530152     0.634393    0.0193516
    0.642985     0.013055   -0.0223425
   -0.642985     0.013055   -0.0223425
    0.642985   -0.0870538    0.0122139
   -0.642985   -0.0870538    0.0122139
    0.642985    0.0946977   -0.0282443
   -0.642985    0.0946977   -0.0282443
    0.642985    -0.486163   -0.0536087
   -0.642985    -0.486163   -0.0536087
    0.642985    -0.452367  -0.00943021
   -0.642985    -0.452367  -0.00943021
   -0.398096    -0.292888     0.026399
    -1.68407    -0.292888     0.026399
    0.642985    -0.346784   0.00509024
   -0.642985    -0.346784   0.00509024
    0.642985     -0.16875    0.0146892
   -0.642985     -0.16875    0.0146892
   -0.642985    -0.279081    -0.022385
    0.642985    -0.279081    -0.022385
   -0.485107     0.580545   -0.0357565
   -0.485107    -0.580545   -0.0357565
    0.534186     0.580545   -0.0292341
    0.534186    -0.580545   -0.0292341
    0.642985     0.532417  -0.00417405
   -0.642985     0.532417  -0.00417405
    -10.9503     0.580545    -0.111344
    -10.9503    -0.580545    -0.111344
    0.604477     0.580545   -0.0313565
    0.604477    -0.580545   -0.0313565
   -0.642985   -0.0509026    -0.057766
    0.642985   -0.0509026    -0.057766
   -0.449757    -0.580545   -0.0936216
   -0.449757     0.580545   -0.0936216
    0.603331    -0.580545    -0.164453
    0.603331     0.580545    -0.164453
   -0.112243     0.580545    0.0609697
   -0.112243    -0.580545    0.0609697
  0.00530185    -0.580545   -0.0238254
  0.00530185     0.580545   -0.0238254
  -0.0851289     0.567486   -0.0236292
  -0.0851289      1.72858   -0.0236292
 -0.00433536     0.567486   -0.0150924
 -0.00433536      1.72858   -0.0150924
   -0.216384    -0.580545    0.0082003
   -0.216384     0.580545    0.0082003
   -0.640587     -0.51002   -0.0330898
    0.645383     -0.51002   -0.0330898
   -0.321382    -0.580545     0.176418
   -0.321382     0.580545     0.176418
    0.438082     0.580545   0.00473568
    0.438082    -0.580545   0.00473568
   0.0406638     0.468781    -0.020507
   0.0406638      1.62987    -0.020507
   -0.316109    -0.580545   -0.0590268
   -0.316109     0.580545   -0.0590268
    0.020882     0.468781   -0.0109439
    0.020882      1.62987   -0.0109439
    0.356903     0.468781   -0.0391696
    0.356903      1.62987   -0.0391696
    0.103305     0.468781    0.0377815
    0.103305      1.62987    0.0377815
    0.642985    -0.444429  -0.00821192
   -0.642985    -0.444429  -0.00821192
    0.642985    -0.219025   -0.0029951
   -0.642985    -0.219025   -0.0029951
    0.642985    -0.170755    0.0135101
   -0.642985    -0.170755    0.0135101
    0.598759    -0.580545     -0.13709
    0.598759     0.580545     -0.13709
   -0.607624   -0.0567369   0.00255288
    0.678346   -0.0567369   0.00255288
    0.642985     0.163609   -0.0218213
   -0.642985     0.163609   -0.0218213
    0.642985     0.234009   -0.0165435
   -0.642985     0.234009   -0.0165435
   -0.550815     0.580545   -0.0279806
   -0.550815    -0.580545   -0.0279806
    -0.37401    -0.206587    -0.215702
    -1.65998    -0.206587    -0.215702
    0.642985     -0.44632    0.0389893
   -0.642985     -0.44632    0.0389893
   -0.532388     0.549594   -0.0706185
   -0.532388      1.71068   -0.0706185
    0.642985    -0.494726   0.00459874
   -0.642985    -0.494726   0.00459874
    0.642985    -0.410747    0.0242888
   -0.642985    -0.410747    0.0242888
    0.642985     0.551103   -0.0147369
   -0.642985     0.551103   -0.0147369
   -0.558486     0.549594   -0.0137489
   -0.558486      1.71068   -0.0137489
    0.642985     0.460547    -0.458947
   -0.642985     0.460547    -0.458947
   -0.537527     0.549594   -0.0114517
   -0.537527      1.71068   -0.0114517
   -0.582073    -0.580545   -0.0204612
   -0.582073     0.580545   -0.0204612
   -0.619828     0.549594   -0.0172475
   -0.619828      1.71068   -0.0172475
    0.642985    -0.286225  -0.00222359
   -0.642985    -0.286225  -0.00222359
    0.642985    -0.294582  -0.00840355
   -0.642985    -0.294582  -0.00840355
   -0.642985    -0.539303   -0.0121507
    0.642985    -0.539303   -0.0121507
   -0.642985      0.38585   -0.0338678
    0.642985      0.38585   -0.0338678
   -0.642985     0.473785   -0.0106902
    0.642985     0.473785   -0.0106902
    0.537805     0.580545    0.0120329
    0.537805    -0.580545    0.0120329
   -0.642985     0.344684   -0.0157153
    0.642985     0.344684   -0.0157153
   -0.425717     0.541982    0.0480992
    0.860253     0.541982    0.0480992
   -0.425717     0.157133    0.0354502
    0.860253     0.157133    0.0354502
    0.629205    -0.580545    0.0804546
    0.629205     0.580545    0.0804546
   -0.176144    -0.441735  -0.00363415
   -0.176144     -1.60282  -0.00363415
     -4.2192     0.580545     0.399467
     -4.2192    -0.580545     0.399467
    0.165988    -0.441735   -0.0287186
    0.165988     -1.60282   -0.0287186
    0.288776    -0.441735  -0.00559198
    0.288776     -1.60282  -0.00559198
   -0.642985    -0.525519  -0.00923168
    0.642985    -0.525519  -0.00923168
   -0.579212    -0.580545    -0.009293
   -0.579212     0.580545    -0.009293
   -0.642985    -0.274625   -0.0505573
    0.642985    -0.274625   -0.0505573
   -0.642985     0.512985   -0.0500578
    0.642985     0.512985   -0.0500578
    0.564789    -0.533066   -0.0325744
     1.85076    -0.533066   -0.0325744
    0.502979     0.580545   0.00833394
    0.502979    -0.580545   0.00833394
    0.564789    -0.573765   -0.0330064
     1.85076    -0.573765   -0.0330064
    0.618753    -0.340612   -0.0176848
     1.90472    -0.340612   -0.0176848
   -0.642985    -0.280097   -0.0119042
    0.642985    -0.280097   -0.0119042
    0.424844     0.140239   -0.0657224
     1.71081     0.140239   -0.0657224
   -0.642985      0.12256    0.0150111
    0.642985      0.12256    0.0150111
   -0.642985      4.90662     0.632397
    0.642985      4.90662     0.632397
   -0.642985   -0.0981323      -0.2064
    0.642985   -0.0981323      -0.2064
   -0.642985     0.216585  -0.00881105
    0.642985     0.216585  -0.00881105
   -0.642985    0.0430839    0.0113014
    0.642985    0.0430839    0.0113014
   -0.642985    -0.125118   -0.0724148
    0.642985    -0.125118   -0.0724148
   -0.642985   -0.0385948   -0.0110528
    0.642985   -0.0385948   -0.0110528
   -0.539882     0.580545   -0.0581755
   -0.539882    -0.580545   -0.0581755
   -0.401511     0.118912     0.482914
    -1.68748     0.118912     0.482914
    0.494236     0.169323     0.207457
     1.78021     0.169323     0.207457
    0.642985    -0.313275  -0.00790162
   -0.642985    -0.313275  -0.00790162
    0.642985   -0.0133532   -0.0168457
   -0.642985   -0.0133532   -0.0168457
    0.642985    -0.189297  0.000304968
   -0.642985    -0.189297  0.000304968
    0.642985    -0.109755    0.0177121
   -0.642985    -0.109755    0.0177121
    0.642985     0.269547   -0.0195599
   -0.642985     0.269547   -0.0195599
    0.642985     -2.86698      1.03522
   -0.642985     -2.86698      1.03522
    0.642985    -0.339004    -0.418338
   -0.642985    -0.339004    -0.418338
   -0.309224    -0.352079     0.155789
    -1.59519    -0.352079     0.155789
   -0.309224    0.0224873   -0.0993149
    -1.59519    0.0224873   -0.0993149
    -0.20896     0.580545   -0.0308276
    -0.20896    -0.580545   -0.0308276
   -0.211101     0.580545   -0.0309793
   -0.211101    -0.580545   -0.0309793
    0.459464     0.560195  -0.00129129
    0.459464    -0.600895  -0.00129129
   -0.231776     0.580545    -0.033775
   -0.231776    -0.580545    -0.033775
   -0.642985     0.149838    -0.234477
    0.642985     0.149838    -0.234477
  -0.0249084    -0.580545   -0.0122064
  -0.0249084     0.580545   -0.0122064
    -3.87929    -0.580545     -1.02488
    -3.87929     0.580545     -1.02488
   -0.127375    -0.580545    0.0151261
   -0.127375     0.580545    0.0151261
    0.386797    -0.580545   -0.0263619
    0.386797     0.580545   -0.0263619
    0.547135     0.554923  -0.00947189
   -0.738835     0.554923  -0.00947189
    0.476165     0.580545    0.0230208
    0.476165    -0.580545    0.0230208
   -0.642985      0.27719  -0.00651037
    0.642985      0.27719  -0.00651037
   -0.642985      0.20517   0.00169552
    0.642985      0.20517   0.00169552
   -0.642985     0.283648   -0.0112005
    0.642985     0.283648   -0.0112005
   -0.642985     0.538542  -0.00948791
    0.642985     0.538542  -0.00948791
    0.152787    -0.580545    0.0301038
    0.152787     0.580545    0.0301038
   -0.440501    -0.580545    0.0954288
   -0.440501     0.580545    0.0954288
   -0.642985     0.500712  -0.00659845
    0.642985     0.500712  -0.00659845
   -0.591051     0.485185  -0.00261929
   -0.591051      1.64628  -0.00261929
    0.639931     0.485185    -0.013265
    0.639931      1.64628    -0.013265
   -0.642985     0.483792    -0.013219
    0.642985     0.483792    -0.013219
    0.642985     0.286305   -0.0402259
   -0.642985     0.286305   -0.0402259
    0.642985     0.272753   -0.0393007
   -0.642985     0.272753   -0.0393007
    0.642985     0.291286    -0.027063
   -0.642985     0.291286    -0.027063
    0.642985     0.327911   -0.0123824
   -0.642985     0.327911   -0.0123824
    -0.16437    -0.580545    -0.021586
    -0.16437     0.580545    -0.021586
    0.642985    0.0941308   -0.0436787
   -0.642985    0.0941308   -0.0436787
    0.642985     0.108701   -0.0414123
   -0.642985     0.108701   -0.0414123
    0.642985    0.0337524   -0.0117561
   -0.642985    0.0337524   -0.0117561
   -0.642985     0.125582   -0.0399271
    0.642985     0.125582   -0.0399271
   -0.538714     0.535128    0.0268632
   -0.538714      1.69622    0.0268632
   -0.450772    -0.580545    0.0209318
   -0.450772     0.580545    0.0209318
    0.642985     0.551375    -0.015619
   -0.642985     0.551375    -0.015619
    0.240564     0.580545   -0.0429768
    0.240564    -0.580545   -0.0429768
   -0.641213     0.580545  -0.00386268
   -0.641213    -0.580545  -0.00386268
    0.642985     0.394003   -0.0181437
   -0.642985     0.394003   -0.0181437
   -0.642985    0.0107151   -0.0213166
    0.642985    0.0107151   -0.0213166
    0.610377    -0.233313  -0.00735782
     1.89635    -0.233313  -0.00735782
   -0.204964     0.580545   0.00434139
   -0.204964    -0.580545   0.00434139
    0.524508     0.153239    -0.011231
   -0.761462     0.153239    -0.011231
    0.489458    -0.580545   -0.0632599
    0.489458     0.580545   -0.0632599
    0.642985    0.0616989   -0.0425904
   -0.642985    0.0616989   -0.0425904
   -0.642985     0.290707     -0.19474
    0.642985     0.290707     -0.19474
   -0.344937     0.580545    0.0367675
   -0.344937    -0.580545    0.0367675
   -0.326223     0.580545    0.0257786
   -0.326223    -0.580545    0.0257786
   -0.642985    -0.406733   -0.0513282
    0.642985    -0.406733   -0.0513282
   -0.126113     0.537106   0.00804027
   -0.126113    -0.623984   0.00804027
  -0.0942672     0.537106    0.0206862
  -0.0942672    -0.623984    0.0206862
   -0.642985    -0.130762   -0.0103639
    0.642985    -0.130762   -0.0103639
   -0.642985     0.548717   -0.0647054
    0.642985     0.548717   -0.0647054
   -0.570474     0.540564   -0.0977055
   -0.570474      1.70165   -0.0977055
    0.537826    -0.580545   -0.0234999
    0.537826     0.580545   -0.0234999
   -0.642985      15.6137     -3.53764
    0.642985      15.6137     -3.53764
    0.594244     0.540564   -0.0385728
    0.594244      1.70165   -0.0385728
   -0.642985   -0.0752759        0.202
    0.642985   -0.0752759        0.202
   -0.196484     0.580545      0.01843
   -0.196484    -0.580545      0.01843
    0.152583     0.580545     0.213859
    0.152583    -0.580545     0.213859
    0.583364    -0.429648   -0.0197128
    0.583364     -1.59074   -0.0197128
    0.642985     -0.32999  -0.00230457
   -0.642985     -0.32999  -0.00230457
    0.360149    -0.429648  -0.00572111
    0.360149     -1.59074  -0.00572111
    0.602045     0.314198   -0.0274806
   -0.683925     0.314198   -0.0274806
    0.602045      0.30879  -0.00525915
   -0.683925      0.30879  -0.00525915
    0.412142    -0.580545   -0.0247295
    0.412142     0.580545   -0.0247295
   -0.159355     0.580545    0.0260998
   -0.159355    -0.580545    0.0260998
    0.642985     0.431187   0.00513966
   -0.642985     0.431187   0.00513966
    0.642985     0.348768    -0.017271
   -0.642985     0.348768    -0.017271
   -0.632723    -0.561142    -0.888288
    -1.91869    -0.561142    -0.888288
   -0.223994     0.465318  -0.00408945
   -0.223994      1.62641  -0.00408945
    0.038621    -0.580545   -0.0451487
    0.038621     0.580545   -0.0451487
   -0.642985     0.162585   0.00997771
    0.642985     0.162585   0.00997771
   -0.480606     0.580545    0.0129076
   -0.480606    -0.580545    0.0129076
   -0.545032     0.580545    0.0620846
   -0.545032    -0.580545    0.0620846
   -0.184372    -0.580545 -0.000616658
   -0.184372     0.580545 -0.000616658
    0.642985    -0.150408   0.00815725
   -0.642985    -0.150408   0.00815725
    0.642985    -0.285734    0.0461346
   -0.642985    -0.285734    0.0461346
    0.642985    -0.213335  0.000250374
   -0.642985    -0.213335  0.000250374
    0.222992     0.580545      0.33089
    0.222992    -0.580545      0.33089
    0.642985     0.370411   -0.0380865
   -0.642985     0.370411   -0.0380865
    0.642985     0.253714    0.0103034
   -0.642985     0.253714    0.0103034
    0.642985     0.243143   -0.0392074
   -0.642985     0.243143   -0.0392074
    0.642985     0.249253   -0.0217471
   -0.642985     0.249253   -0.0217471
    0.642985     0.310839   0.00212869
   -0.642985     0.310839   0.00212869
   -0.642985    -0.550304   -0.0122179
    0.642985    -0.550304   -0.0122179
   -0.565326     0.580545     -0.01801
   -0.565326    -0.580545     -0.01801
   -0.642985    -0.557934   -0.0504421
    0.642985    -0.557934   -0.0504421
    0.551196     0.580545   -0.0154587
    0.551196    -0.580545   -0.0154587
    0.386423    -0.580545   -0.0511819
    0.386423     0.580545   -0.0511819
   -0.567685    -0.471922    -0.175763
   -0.567685     0.689168    -0.175763
   -0.642985    0.0477006   0.00117383
    0.642985    0.0477006   0.00117383
   -0.642985    0.0598149   -0.0245886
    0.642985    0.0598149   -0.0245886
   -0.642985    0.0869046   0.00623661
    0.642985    0.0869046   0.00623661
   -0.642985   -0.0861834   -0.0176266
    0.642985   -0.0861834   -0.0176266
   -0.642985    -0.118731     0.018851
    0.642985    -0.118731     0.018851
    0.642985    -0.502917  -0.00580805
   -0.642985    -0.502917  -0.00580805
    0.642985     -0.37916    0.0483225
   -0.642985     -0.37916    0.0483225
    0.642985    -0.435298   0.00806174
   -0.642985    -0.435298   0.00806174
    0.642985    -0.544381   -0.0169591
   -0.642985    -0.544381   -0.0169591
    0.131309     -0.54745   -0.0147373
    0.131309      0.61364   -0.0147373
    0.642985   -0.0353333   0.00512902
   -0.642985   -0.0353333   0.00512902
    0.279545     -0.55283    0.0087061
    0.279545     -1.71392    0.0087061
   -0.410509    -0.580545    0.0712775
   -0.410509     0.580545    0.0712775
   -0.642985     -0.12567   -0.0147923
    0.642985     -0.12567   -0.0147923
   -0.345131     -0.57531    -0.019004
   -0.345131      0.58578    -0.019004
   -0.347817     -0.57531   -0.0199665
   -0.347817      0.58578   -0.0199665
    0.642985   -0.0200606   0.00182603
   -0.642985   -0.0200606   0.00182603
    0.642985    -0.295881    0.0421068
   -0.642985    -0.295881    0.0421068
   0.0953746    -0.580545   -0.0403234
   0.0953746     0.580545   -0.0403234
  -0.0292422    -0.580545   -0.0272583
  -0.0292422     0.580545   -0.0272583
    0.642985     0.551103   -0.0147369
   -0.642985     0.551103   -0.0147369
   -0.548664     0.549594  -0.00683929
   -0.548664      1.71068  -0.00683929
    0.642985      0.56309   -0.0164477
   -0.642985      0.56309   -0.0164477
   -0.582073    -0.580545   -0.0204612
   -0.582073     0.580545   -0.0204612
   -0.642985      0.46075   -0.0685298
    0.642985      0.46075   -0.0685298
   -0.642985     0.396969   0.00208521
    0.642985     0.396969   0.00208521
   -0.642985     0.425053   -0.0123457
    0.642985     0.425053   -0.0123457
    0.275608     0.580545     0.164093
    0.275608    -0.580545     0.164093
   -0.642985     0.512985   -0.0500578
    0.642985     0.512985   -0.0500578
    0.642985   -0.0975424    0.0378624
   -0.642985   -0.0975424    0.0378624
   -0.528386    -0.470732   -0.0400403
   -0.528386     0.690358   -0.0400403
   -0.600836    -0.580545    0.0178323
   -0.600836     0.580545    0.0178323
    0.642985    -0.568081  -0.00706417
   -0.642985    -0.568081  -0.00706417
   -0.191169     0.580545  -0.00588811
   -0.191169    -0.580545  -0.00588811
   -0.126113     0.537106   0.00804027
   -0.126113    -0.623984   0.00804027
  -0.0942672     0.537106    0.0206862
  -0.0942672    -0.623984    0.0206862
  -0.0550733     0.580545   -0.0103834
  -0.0550733    -0.580545   -0.0103834
    0.569474     0.580545       0.1151
    0.569474    -0.580545       0.1151
   -0.395101     0.580545     0.011213
   -0.395101    -0.580545     0.011213
    0.642985     0.164781   -0.0465882
   -0.642985     0.164781   -0.0465882
    0.642985    -0.134268    0.0372601
   -0.642985    -0.134268    0.0372601