     1.85951            0            0
           0      1.49657            0
           0            0      1.04799
         350         1338            0
   -0.525118    0.0395718 -0.000840686
  -0.0736553    -0.323322   -0.0018467
   -0.170527    -0.288095  -0.00136605
   -0.306285    -0.233857  -0.00199581
   -0.380861    -0.286736  -0.00198658
    -0.39694    -0.110557    0.0011954
   -0.230507    -0.286596 -0.000883911
   -0.281184     -0.32439  -0.00228183
   -0.389453  -0.00977029  -0.00258351
    0.137179    0.0386493 -0.000343968
     0.39094    -0.236283  -0.00120624
    0.180043    -0.157281   0.00012911
    0.114216    -0.250448  3.43035e-05
      0.1433    -0.264868  -0.00103253
    0.391053    -0.336279  -0.00111492
    0.450412    0.0252314  -0.00128841
    0.203263    -0.367818   0.00735985
    0.225083    -0.309437  -0.00242524
    0.259196    -0.328582  -0.00267609
    0.158559    -0.281503  -0.00209596
    0.177476    -0.307971 -0.000533148
    0.215983    -0.238783 -0.000944845
    0.167292    -0.188071  -0.00216634
    0.116222    -0.110388  -0.00524356
    0.361173    -0.334399 -0.000440836
    0.304603    -0.220743 -0.000485401
    0.286893    -0.263986  6.94358e-05
   0.0852994    -0.185055 -0.000322769
    0.144579    -0.144451   0.00228045
    0.057538    -0.364966  0.000357306
   -0.253351    -0.320892  -0.00107822
    0.637142     0.387391  -0.00118434
     0.70222     0.171006  -0.00225439
    0.670519     0.112093  -0.00211063
    0.590825   -0.0182095  -0.00126521
    0.700752     0.128825  -0.00228168
   -0.913876     0.133386  -8.4105e-05
    0.721413     0.187135  -0.00425477
    0.720001   -0.0305076  -0.00094995
     0.66914    0.0497018  -0.00174957
    0.802369    0.0742574  -0.00338817
    0.624575     0.173216  -0.00227971
   -0.775162    -0.337482   -0.0044286
    -0.74973    -0.602066  -0.00135213
    0.454243    -0.242553   -0.0018356
    0.483473    -0.265173  -0.00194002
   -0.775132    -0.183895 -0.000437058
   -0.650519    -0.139758  0.000395591
    -0.81498    -0.243922 -0.000837146
    0.713898    -0.616581  8.55155e-05
    0.739817    -0.577978  0.000179539
    0.625203    -0.623705 -0.000570848
   -0.885698    -0.280605 -0.000765213
    0.680373    -0.401875  -0.00441343
    0.812715    -0.654743 -0.000470533
    0.636821    -0.286701  -0.00254924
    0.693855    -0.164665 -0.000794366
   -0.898061    0.0033683  4.41094e-05
     0.59172    -0.318573  -0.00146802
   -0.108342    0.0919894 -0.000496022
    0.206149     0.269462  -0.00131398
  -0.0528423     0.218527   -0.0020014
   -0.615752    -0.537755    -0.141275
   -0.522334     -0.57772    -0.140065
    0.232941     0.333664    -0.327161
    0.373509     0.193137    -0.240735
   -0.525734     0.431342    -0.222539
   -0.632284      0.48531    -0.231597
   -0.729263     0.246822    -0.193887
   -0.780448     0.468866    -0.287864
    0.732027   -0.0126297    -0.296202
   -0.795626    -0.211223    -0.359522
    0.832102   -0.0805064    -0.306024
   -0.895133     0.141424    -0.322283
   -0.788096    0.0734162    -0.365037
     0.82023     0.123127    -0.274945
   -0.675299    -0.564069    -0.171045
   -0.441713     0.531169    -0.245166
   -0.267565    -0.245409     0.195565
   -0.565413     0.656681      0.28646
   -0.446076    -0.529356     0.392675
  0.00340031    -0.379139    -0.239385
   0.0482325    -0.359454    -0.283967
   -0.110385    -0.230105    -0.184556
  -0.0393442     -0.48264      0.41239
  -0.0707147    -0.370758      0.43739
   0.0439845    -0.267136    -0.296338
   -0.147041    -0.484554     0.412627
   -0.162151    -0.428234     0.388409
   -0.281821     0.198789     0.158613
    -0.54862     0.196817     0.175606
   -0.217238     0.416986     0.260926
   -0.190247     0.112824     0.370496
  -0.0908479     0.237206     0.348505
   -0.343148     0.134404     0.248669
    0.563606     0.258325     0.234662
    0.582174     0.454632     0.296513
    0.742961   -0.0446756     0.245814
    0.428227   -0.0350313     0.326101
    0.543836    -0.316018     0.414468
    0.644649    -0.360057     0.364379
    0.550748    -0.209771     0.429186
     0.63808     0.222843     0.270731
   -0.844314     0.266492     0.115574
     0.37831     0.245885     0.334776
   -0.624076   -0.0195412     0.225879
    0.121486    -0.349349     0.389048
   -0.290229    -0.218581     0.230476
    0.682598     0.727863     0.411248
    0.215451    0.0292662     0.311876
    0.180503    -0.352691    -0.379652
    0.391924   -0.0353087     0.439234
   -0.137062    -0.379194     0.451554
   -0.821924     0.470827     0.318988
   -0.746397   -0.0971399     0.427075
    0.306587       0.7121     0.398752
   -0.297464    -0.100735      0.43146
   -0.816896    -0.447141     0.436072
    -0.26778     0.548139     0.398726
   -0.387362     0.278277     0.345835
    0.632474     0.421299     -0.32577
   0.0811889     0.297954    -0.385992
     -0.7762     0.698308    -0.420282
   0.0727748     0.686232    -0.354279
   -0.513259     0.336248    -0.358505
    0.510363    0.0707169    -0.367979
    0.649648  0.000857122    -0.437545
   -0.489741     0.313775    -0.323412
   -0.337394    -0.567424    -0.241014
   -0.681215     -0.14275    -0.303345
    0.422679    -0.259952    -0.233707
     0.81418    -0.190612    -0.441222
  -0.0286271    -0.290855    -0.173227
   -0.873286     0.513303      0.18215
   0.0861067     0.615229     0.256736
   -0.128627      0.34449    -0.197031
   -0.831485    -0.556838  -0.00117469
    0.493641    -0.569845   -0.0030532
    0.654694    -0.636428    -0.141082
      0.5324    -0.619048  -0.00239895
    0.338513     0.223268  -0.00199152
    0.378306     0.256134  -0.00294052
   0.0374315     0.441428  -0.00435035
  -0.0958405     0.255649  -0.00154446
    0.061846     0.362904  -0.00280951
    0.325486      0.29145  -0.00142791
    0.323487     0.551878  -0.00212397
    0.310609     0.184818  -0.00200744
    0.208219     0.122588  -0.00156383
    0.247257     0.195864  -0.00151179
    0.125727     0.270073  -0.00182033
    0.254576      0.31429  -0.00319581
    0.205554     0.450446   -0.0124346
    0.128746    -0.565271  -0.00115812
   -0.144966     0.558592 -0.000778138
   0.0746858    -0.621179  -0.00104216
   0.0212476     0.737465  -0.00107937
    -0.18867     0.590949  -0.00108136
   -0.101411     0.692361   -0.0011331
  -0.0909802     0.632349   0.00088904
   0.0873967     0.702907  -0.00110379
   -0.508398     0.430739  -0.00292938
   -0.359718     0.448706  -0.00113933
   -0.707094     0.188409   0.00164658
   -0.344237     0.501909  -0.00139788
   -0.711959     0.326358  -0.00031646
   -0.632701     0.315773   0.00124433
   -0.535167     0.316923   0.00226957
   -0.410077     0.557232  -0.00501106
   -0.288328     0.710292  -0.00206119
   -0.362163     0.398255  -0.00139579
   -0.813668      0.55838 -0.000703543
   -0.767234     0.487271 -0.000681834
   -0.593251     0.582315  -0.00140298
   -0.451911     0.479574  -0.00191523
   -0.381012     0.402941  -0.00126041
   -0.652294     0.511818   0.00084785
   -0.418506     0.556438  -0.00381016
   -0.389255     0.293758  0.000402067
   -0.489009     0.486995 -0.000587181
   -0.368065     0.583644   -0.0010821
    -0.20751      0.73383  -0.00175775
   -0.264788     0.664889  -0.00197922
    0.214706     0.656792  -0.00191562
   0.0149076     0.666691  -0.00172193
   -0.366086     0.458928  -0.00218019
   0.0341428     0.402649  -0.00181495
   -0.293211     0.482765  -0.00244439
  -0.0216352     0.374682  -0.00312322
  -0.0728622     0.365455  -0.00216188
   -0.303453     0.262627 -0.000127322
   -0.280121     0.515968  -0.00125358
   0.0740901     0.459634  -0.00141131
   0.0463104     0.285934  -0.00209501
  -0.0169625      0.48705  -0.00149118
    0.112689     0.680593  -0.00237255
   -0.169598     0.222332 -0.000996308
   -0.132776      0.53054  -0.00129552
    0.386723     0.587404   -0.0021096
   -0.497868     0.385749  0.000291771
  -0.0252002      0.35639  -0.00127349
   -0.392445     0.578111     0.231777
  -0.0572598     0.200416     0.189925
    0.447306    -0.505176    -0.243786
  0.00877926     0.505283    -0.171622
    0.108912     0.671373    -0.195544
   -0.622551     0.162513    -0.172828
   -0.554503      0.54807    -0.137259
     0.63706     0.542455    -0.197354
    0.464276     0.115536     -0.21758
     0.75542    -0.602496    -0.244248
    -0.64668     0.372459   0.00616456
   -0.814314     0.249619  0.000944706
   -0.810449     0.388972  0.000805551
    0.562751     0.623889  -0.00159811
    0.587899     0.231808  -0.00322701
   -0.755647    -0.598587  -0.00218666
   -0.885862      0.37283 -0.000382154
    0.526691     0.493596 -0.000996052
    0.710251     0.602556   0.00302061
    0.696503     0.357719  -0.00285733
    0.845317    -0.498376   -0.0012673
    0.664682     0.234066   -0.0067973
   -0.611409     0.700365   -0.0026681
    0.404676     0.613717  -0.00182558
    0.224455     0.382317 -5.33528e-05
   -0.882346     0.359337 -0.000312297
   -0.925348    -0.191877 -0.000589706
   -0.780781    -0.418387  -0.00523139
    0.461714     0.552526 -0.000981776
    0.167204     0.435591 -0.000891659
    0.489133    -0.572495  -0.00233042
   -0.860468     0.492845  0.000101782
    -0.86227     -0.60457 -0.000566463
    0.461847    -0.619758  -0.00647235
   -0.596704     0.733289   0.00371944
    0.826246     0.092017  -0.00167478
    0.482016     0.174731  -0.00234088
   -0.713099     0.579531 -0.000726803
   -0.461013    -0.568586  -0.00160632
    0.469496     0.070292  -0.00184691
      0.8356     0.488743  -0.00179702
    0.710101     0.242423  -0.00385349
    -0.85335      0.15544  0.000700946
    0.595836     0.539139 -0.000646279
    0.413509      0.28359  -0.00174175
   -0.886055     0.568302  -0.00115042
   -0.869391    -0.348166  -0.00246772
    0.837473     0.280944  -0.00117064
    0.502046    0.0708125     0.224486
   -0.791696    -0.310904     0.172006
   -0.810014     0.594177     0.135125
   -0.866855    -0.374169     0.261431
    0.863125     0.270631     -0.15047
   -0.890418    -0.403642    -0.133684
    0.805593    -0.585452    -0.177014
   -0.811031     0.637034 -0.000497041
    0.635783    -0.266971    0.0035436
    0.488409   -0.0689145  -0.00180397
    -0.64815    -0.178833 -0.000842822
   -0.588358    -0.147643  0.000155536
    0.371508    -0.234993  -0.00116775
    0.571321    0.0348483  -0.00120434
    0.626555    -0.296329   0.00027706
    0.417573    -0.267505  -0.00194975
   -0.804632    -0.175099 -0.000582945
    0.730996   -0.0911859  0.000424733
    0.685239    -0.375762 -0.000197315
    0.280466    -0.246439  -0.00250487
    0.136919   -0.0333806  -0.00455736
   -0.596425     -0.26326  -0.00114597
     0.40916    -0.549852    -0.002187
    0.711116    -0.414851  0.000544351
    0.299099     0.252506  -0.00138377
    0.486786     0.196415  -0.00163951
   -0.761396     0.129427   0.00145656
    0.495891    -0.635121   0.00438271
    0.734066    -0.596526  -0.00123744
    0.203249     0.242481   -0.0013219
   -0.459209    0.0406427   0.00603248
      0.3382    -0.258194  -0.00247073
    0.485036    -0.322718 -0.000875408
    0.218212    -0.325172  -0.00952899
   -0.489914    0.0836482 -0.000239583
     0.44849    0.0274466  -0.00060003
    0.324312    -0.534173  0.000954367
    0.527224   -0.0308606  -0.00094019
   -0.815183     0.124253  4.24493e-05
   -0.608593   -0.0506292   0.00157595
    0.285939     0.173243   -0.0021458
    0.381052    -0.234472  -0.00148899
    0.482285    -0.133713   -0.0004757
   -0.591055    -0.494392 -0.000955948
   -0.700412    -0.579439  -0.00131679
   -0.818198    -0.102252 -0.000314994
      0.5425      0.20964  -0.00168125
   -0.420652    -0.344459  -0.00127901
    0.623728    -0.481981  -0.00136486
   -0.468389    -0.394609  -0.00112379
    0.475456    -0.508573  -0.00173357
   -0.669401     0.220234    0.0064481
   -0.795057    -0.574747  -0.00120901
   -0.436456    -0.224241  0.000301945
   -0.632247      0.12189   0.00136302
   -0.367464    -0.481785  -0.00339964
   -0.698601    -0.145335    -0.137405
    0.504894    -0.215167    -0.122678
     0.51636    -0.594761  -0.00096935
   0.0620385    -0.481325 -0.000355621
    0.063306    -0.306829 -0.000569562
  -0.0536023    0.0247793  4.08534e-07
   -0.221344     0.309515  -0.00132649
    0.172931    -0.422449 -8.21967e-05
    0.277449    0.0143852   0.00213288
  -0.0486763    0.0674844  -0.00090636
    0.325952    -0.405833 -0.000796342
   -0.225324      0.15725  -6.0453e-05
    0.173352    -0.494155  -0.00159714
   -0.478544     -0.51217  -0.00207833
   0.0222683    -0.100416  -0.00145815
   -0.598814      0.15717   0.00164056
   0.0193991    -0.613639  -0.00211199
   -0.133108  0.000322493 -0.000704984
    0.156292     0.141254  0.000346361
   -0.536471     0.157206   0.00335626
   -0.174328    -0.534123   -0.0017747
   -0.195615    -0.201984   -0.0029813
    0.116247      0.11483 -0.000875694
  -0.0585819   -0.0841372  0.000121419
   -0.350495    -0.578762  -0.00201493
   -0.221437    -0.274749  -0.00463642
   0.0383471    -0.481343  -0.00236559
    0.103931     0.119549  -0.00148406
   -0.199841    0.0166815  -0.00075608
     0.33098    -0.476966 -0.000355743
   -0.256287    -0.585281   -0.0074075
    0.285731    -0.371939 -0.000688817
    0.175052    0.0584058 -0.000340742
   -0.102568     -0.26804  0.000536729
   -0.307106     0.241478 -0.000251513
    -0.34332     0.176743 -0.000275964
   -0.218057      0.65739  -0.00206345
   0.0577585    -0.275363  -0.00177764
    0.421222    -0.458231     0.169078
   -0.395168    -0.260946     0.209384
     0.10277    -0.499253     0.272547
   -0.218551   0.00116452      0.13769
   -0.182472    -0.300883    -0.210669
    0.277136    -0.023013     -0.21142
   0.0617641    -0.509924   -0.0011704
   -0.316161    -0.610641     0.523993
   -0.316161    -0.610641    -0.523993
   -0.463589    -0.576055     0.523993
   -0.463589    -0.576055    -0.523993
   -0.493761    -0.748283     0.475075
   -0.493761     0.748283     0.475075
   -0.418546     0.623906     0.523993
   -0.418546     0.623906    -0.523993
    0.817052     -0.52984     0.523993
    0.817052     -0.52984    -0.523993
    -0.46535    -0.618777     0.523993
    -0.46535    -0.618777    -0.523993
    -0.66326    -0.700408     0.523993
    -0.66326    -0.700408    -0.523993
   -0.884495    -0.516382     0.523993
   -0.884495    -0.516382    -0.523993
   -0.586958    -0.599522     0.523993
   -0.586958    -0.599522    -0.523993
   -0.832872     0.748283     0.343876
   -0.832872    -0.748283     0.343876
   -0.870981     0.748283      0.23078
   -0.870981    -0.748283      0.23078
    0.683688     0.748283      0.21097
    0.683688    -0.748283      0.21097
    0.590993     0.748283     0.249676
    0.590993    -0.748283     0.249676
    0.798929     0.414526      0.26999
     2.65844     0.414526      0.26999
    0.593925     0.748283     0.353134
    0.593925    -0.748283     0.353134
    0.577702     0.453955     0.523993
    0.577702     0.453955    -0.523993
    0.929755    -0.534452     0.147479
   -0.929755    -0.534452     0.147479
   0.0648794    -0.748283     0.142849
   0.0648794     0.748283     0.142849
    0.929755     0.256198     0.116507
   -0.929755     0.256198     0.116507
   0.0473169    -0.748283     0.145813
   0.0473169     0.748283     0.145813
    0.929755    0.0883225      0.15732
   -0.929755    0.0883225      0.15732
    0.929755    -0.595426     0.230548
   -0.929755    -0.595426     0.230548
    0.035159    -0.748283     0.167899
    0.035159     0.748283     0.167899
  0.00577798    -0.748283      0.15147
  0.00577798     0.748283      0.15147
  -0.0496384    -0.748283     0.151145
  -0.0496384     0.748283     0.151145
  -0.0267693    -0.748283     0.165677
  -0.0267693     0.748283     0.165677
   -0.326361    0.0441247     0.523993
   -0.326361    0.0441247    -0.523993
    0.900421    0.0716671     0.523993
    0.900421    0.0716671    -0.523993
   -0.870803     0.689572     0.360181
   -0.870803      2.18614     0.360181
   -0.860312     0.689572     0.368979
   -0.860312      2.18614     0.368979
    -0.92061     0.689572     0.386649
    -0.92061      2.18614     0.386649
      0.5966     0.465171     0.523993
      0.5966     0.465171    -0.523993
   -0.808477     0.689572     0.390706
   -0.808477      2.18614     0.390706
   -0.400851     0.511911     0.523993
   -0.400851     0.511911    -0.523993
   -0.803538     0.698548     0.523993
   -0.803538     0.698548    -0.523993
   -0.228639    -0.748283     0.367408
   -0.228639     0.748283     0.367408
   -0.248675    -0.600348     0.523993
   -0.248675    -0.600348    -0.523993
    0.929755    0.0856871    0.0979264
   -0.929755    0.0856871    0.0979264
    0.241126    0.0131973     0.142753
     2.10064    0.0131973     0.142753
    0.241126   -0.0138647     0.171419
     2.10064   -0.0138647     0.171419
    0.241126    -0.298533     0.184417
     2.10064    -0.298533     0.184417
    0.681603    -0.227305     0.207136
     2.54111    -0.227305     0.207136
    0.681603    -0.272921     0.204716
     2.54111    -0.272921     0.204716
   -0.287004    -0.606686     0.523993
   -0.287004    -0.606686    -0.523993
   -0.428846    -0.566964     0.523993
   -0.428846    -0.566964    -0.523993
    -0.44805    -0.748283     0.466169
    -0.44805     0.748283     0.466169
   -0.390613     0.606669     0.523993
   -0.390613     0.606669    -0.523993
    0.929755    -0.631671     0.221204
   -0.929755    -0.631671     0.221204
    0.231042    -0.748283     0.351626
    0.231042     0.748283     0.351626
    0.929755    -0.285445     0.394305
   -0.929755    -0.285445     0.394305
   0.0763895    -0.748283     0.348323
   0.0763895     0.748283     0.348323
    0.929755    -0.734237     0.412965
   -0.929755    -0.734237     0.412965
    0.442758    -0.425045     0.523993
    0.442758    -0.425045    -0.523993
    0.297031     0.743545     0.523993
    0.297031     0.743545    -0.523993
   -0.577945     0.748283      0.30141
   -0.577945    -0.748283      0.30141
   -0.824353     0.748283     0.197804
   -0.824353    -0.748283     0.197804
   -0.207983     0.748283     0.236283
   -0.207983    -0.748283     0.236283
   -0.528135     0.748283     0.329918
   -0.528135    -0.748283     0.329918
    0.630782    -0.748283     0.139756
    0.630782     0.748283     0.139756
    0.346363    -0.366791     0.185364
     2.20587    -0.366791     0.185364
    0.565939     0.748283     0.178509
    0.565939    -0.748283     0.178509
    0.309726     0.436806     0.242623
     2.16924     0.436806     0.242623
   -0.327025    -0.748283     0.248532
   -0.327025     0.748283     0.248532
   -0.326321    -0.748283     0.248786
   -0.326321     0.748283     0.248786
    0.929755     0.396509     0.154934
   -0.929755     0.396509     0.154934
    0.285907      0.06172      0.27308
     2.14542      0.06172      0.27308
    0.285907     0.410143     0.342148
     2.14542     0.410143     0.342148
    0.285907      0.21333     0.286041
     2.14542      0.21333     0.286041
    0.613507     0.748283     0.369494
    0.613507    -0.748283     0.369494
    0.285907     0.190868     0.475582
     2.14542     0.190868     0.475582
    0.199607     0.182377     0.523993
    0.199607     0.182377    -0.523993
    0.534692   -0.0423118     0.523993
    0.534692   -0.0423118    -0.523993
   -0.913161     0.103757     0.523993
   -0.913161     0.103757    -0.523993
    0.285907   -0.0913325     0.431302
     2.14542   -0.0913325     0.431302
   0.0669923    -0.304775     0.523993
   0.0669923    -0.304775    -0.523993
    0.646034     0.221091     0.523993
    0.646034     0.221091    -0.523993
   -0.326745    0.0255149     0.523993
   -0.326745    0.0255149    -0.523993
      0.9206    0.0420716     0.523993
      0.9206    0.0420716    -0.523993
   -0.886385   0.00838956     0.523993
   -0.886385   0.00838956    -0.523993
    0.929755     0.458976     0.143288
   -0.929755     0.458976     0.143288
    0.929755    -0.416546     0.380555
   -0.929755    -0.416546     0.380555
    0.202217     0.148597     0.523993
    0.202217     0.148597    -0.523993
    0.225077    -0.284164     0.523993
    0.225077    -0.284164    -0.523993
    0.183183     0.477319     0.316895
     2.04269     0.477319     0.316895
    0.183183     0.221396     0.217702
     2.04269     0.221396     0.217702
    0.929755     -0.32769     0.403482
   -0.929755     -0.32769     0.403482
   -0.205355    -0.559441     0.523993
   -0.205355    -0.559441    -0.523993
   0.0870527    -0.268337     0.523993
   0.0870527    -0.268337    -0.523993
    0.236011    -0.260911     0.523993
    0.236011    -0.260911    -0.523993
    0.433701    -0.439751     0.523993
    0.433701    -0.439751    -0.523993
   0.0508902    -0.480161     0.523993
   0.0508902    -0.480161    -0.523993
     0.44003    -0.748283     0.270898
     0.44003     0.748283     0.270898
    0.196045     0.498419     0.337339
     2.05555     0.498419     0.337339
    0.196045     -0.23284     0.224507
     2.05555     -0.23284     0.224507
    0.184154    -0.748283     0.389558
    0.184154     0.748283     0.389558
 -0.00169564    -0.748283     0.386152
 -0.00169564     0.748283     0.386152
    0.929755     -0.73688     0.410386
   -0.929755     -0.73688     0.410386
   -0.224985    -0.591845     0.523993
   -0.224985    -0.591845    -0.523993
   0.0554025    -0.656843     0.523993
   0.0554025    -0.656843    -0.523993
    0.447147    -0.439957     0.523993
    0.447147    -0.439957    -0.523993
    0.242851    -0.704622     0.523993
    0.242851    -0.704622    -0.523993
    0.626636     0.748283     0.401781
    0.626636    -0.748283     0.401781
    0.929755    -0.530385      0.41356
   -0.929755    -0.530385      0.41356
    0.107565     0.610533     0.523993
    0.107565     0.610533    -0.523993
  -0.0452532     0.748283    -0.380158
  -0.0452532    -0.748283    -0.380158
    0.213736     0.287078     0.523993
    0.213736     0.287078    -0.523993
   -0.270977     0.450799     0.523993
   -0.270977     0.450799    -0.523993
    0.297859      0.56227     0.523993
    0.297859      0.56227    -0.523993
    0.399123     0.748283    -0.216396
    0.399123    -0.748283    -0.216396
   -0.462312    -0.748283     0.383651
   -0.462312     0.748283     0.383651
   -0.444377    -0.748283     0.387848
   -0.444377     0.748283     0.387848
   -0.479678    -0.748283      0.38804
   -0.479678     0.748283      0.38804
   -0.262434    -0.632609     0.523993
   -0.262434    -0.632609    -0.523993
   -0.461719    -0.748283     0.398833
   -0.461719     0.748283     0.398833
   -0.373209     0.540083     0.523993
   -0.373209     0.540083    -0.523993
    0.205142      0.17823     0.523993
    0.205142      0.17823    -0.523993
   -0.622061     0.748283     0.337658
   -0.622061    -0.748283     0.337658
   -0.215906    -0.498739     0.523993
   -0.215906    -0.498739    -0.523993
   -0.307005   -0.0512497     0.523993
   -0.307005   -0.0512497    -0.523993
   -0.252739    -0.398834     0.523993
   -0.252739    -0.398834    -0.523993
    0.252647    -0.250786     0.523993
    0.252647    -0.250786    -0.523993
    0.436962    -0.317316     0.335081
     2.29647    -0.317316     0.335081
    0.576503    -0.207486     0.523993
    0.576503    -0.207486    -0.523993
    0.873969     -0.06025     0.523993
    0.873969     -0.06025    -0.523993
    0.436962    -0.303493     0.458023
     2.29647    -0.303493     0.458023
      0.1411    -0.253145     0.523993
      0.1411    -0.253145    -0.523993
    0.436962     -0.40743     0.486554
     2.29647     -0.40743     0.486554
    0.326448    -0.435242     0.523993
    0.326448    -0.435242    -0.523993
    0.642952    -0.420783     0.523993
    0.642952    -0.420783    -0.523993
    0.648395    -0.230331     0.523993
    0.648395    -0.230331    -0.523993
   -0.657781     0.748283     0.383975
   -0.657781    -0.748283     0.383975
   -0.183717      0.21341     0.523993
   -0.183717      0.21341    -0.523993
   -0.226381     0.748283     0.499131
   -0.226381    -0.748283     0.499131
   -0.247013    -0.691419     0.523993
   -0.247013    -0.691419    -0.523993
  -0.0312653     0.610618     0.523993
  -0.0312653     0.610618    -0.523993
    0.054918     0.748283    -0.384046
    0.054918    -0.748283    -0.384046
    0.143612     0.272225     0.523993
    0.143612     0.272225    -0.523993
   -0.349896     0.128538     0.523993
   -0.349896     0.128538    -0.523993
   -0.333073     0.445126     0.523993
   -0.333073     0.445126    -0.523993
    0.196732     0.135452     0.523993
    0.196732     0.135452    -0.523993
    -0.39496    0.0460517     0.523993
    -0.39496    0.0460517    -0.523993
   0.0932619    -0.156886     0.523993
   0.0932619    -0.156886    -0.523993
    0.320929    -0.273031     0.523993
    0.320929    -0.273031    -0.523993
   -0.387616   -0.0612371     0.523993
   -0.387616   -0.0612371    -0.523993
   -0.900141   -0.0671979     0.523993
   -0.900141   -0.0671979    -0.523993
   -0.862849    -0.113697     0.523993
   -0.862849    -0.113697    -0.523993
    0.731519    -0.420556     0.523993
    0.731519    -0.420556    -0.523993
    0.728922    -0.233787     0.523993
    0.728922    -0.233787    -0.523993
    0.878942    -0.371342     0.523993
    0.878942    -0.371342    -0.523993
    0.620471    -0.748283     0.432281
    0.620471     0.748283     0.432281
     0.65503     0.508317     0.523993
     0.65503     0.508317    -0.523993
    0.347109    -0.455239     0.523993
    0.347109    -0.455239    -0.523993
    0.295962    -0.409011    -0.502453
     2.15547    -0.409011    -0.502453
    0.629593    -0.546038     0.523993
    0.629593    -0.546038    -0.523993
    0.457745     0.733612     0.523993
    0.457745     0.733612    -0.523993
    0.295962     0.663178    -0.407267
     2.15547     0.663178    -0.407267
     0.86958    -0.747253     0.523993
     0.86958    -0.747253    -0.523993
    -0.55251     0.748283     0.384143
    -0.55251    -0.748283     0.384143
    -0.34648    0.0972989     0.523993
    -0.34648    0.0972989    -0.523993
    0.573924     0.439644     0.523993
    0.573924     0.439644    -0.523993
   -0.391775      0.39964     0.523993
   -0.391775      0.39964    -0.523993
   -0.921136     0.144521     0.523993
   -0.921136     0.144521    -0.523993
    -0.81153     0.290905     0.523993
    -0.81153     0.290905    -0.523993
   -0.742695     0.498782     0.523993
   -0.742695     0.498782    -0.523993
   -0.799338     0.748283    -0.336784
   -0.799338    -0.748283    -0.336784
    0.910985    0.0786925     0.523993
    0.910985    0.0786925    -0.523993
    0.616012    -0.145434     0.523993
    0.616012    -0.145434    -0.523993
    0.175995    -0.239074     0.523993
    0.175995    -0.239074    -0.523993
    -0.37496    0.0397381     0.523993
    -0.37496    0.0397381    -0.523993
   -0.269145    -0.633157     0.523993
   -0.269145    -0.633157    -0.523993
   -0.563847    -0.748283     0.397966
   -0.563847     0.748283     0.397966
   -0.388968      0.53969     0.523993
   -0.388968      0.53969    -0.523993
   -0.443326    -0.664021     0.523993
   -0.443326    -0.664021    -0.523993
    -0.69273     0.723108     0.523993
    -0.69273     0.723108    -0.523993
   -0.292338    -0.748283    -0.397926
   -0.292338     0.748283    -0.397926
    0.929755    -0.487451     0.398811
   -0.929755    -0.487451     0.398811
    0.929755   -0.0132599    -0.219933
   -0.929755   -0.0132599    -0.219933
    0.929755    -0.535702     -0.16219
   -0.929755    -0.535702     -0.16219
    0.929755   -0.0931927    -0.191194
   -0.929755   -0.0931927    -0.191194
    0.929755     0.273177    -0.166099
   -0.929755     0.273177    -0.166099
    0.929755     0.389099    -0.352462
   -0.929755     0.389099    -0.352462
    0.929755     0.257898    -0.236797
   -0.929755     0.257898    -0.236797
   0.0196399     0.737932      -0.2683
   0.0196399       2.2345      -0.2683
  0.00965828     0.737932    -0.269091
  0.00965828       2.2345    -0.269091
   0.0107509     0.737932    -0.267232
   0.0107509       2.2345    -0.267232
   0.0202692     0.737932    -0.267404
   0.0202692       2.2345    -0.267404
    0.929755    -0.320392    -0.345459
   -0.929755    -0.320392    -0.345459
    0.929755      0.53254     -0.43566
   -0.929755      0.53254     -0.43566
    0.388599     0.748283      -0.2803
    0.388599    -0.748283      -0.2803
    0.929755      0.23534    -0.314984
   -0.929755      0.23534    -0.314984
    0.139489    -0.640416    -0.318903
       1.999    -0.640416    -0.318903
    0.139489    -0.248891    -0.427831
       1.999    -0.248891    -0.427831
    0.139489    -0.147226    -0.273144
       1.999    -0.147226    -0.273144
    0.139489    -0.317708     -0.32128
       1.999    -0.317708     -0.32128
    0.929755     0.166534    0.0439212
   -0.929755     0.166534    0.0439212
    0.929755    -0.412479    -0.177588
   -0.929755    -0.412479    -0.177588
    0.929755    -0.568174    -0.398624
   -0.929755    -0.568174    -0.398624
    0.929755   -0.0557775    -0.403314
   -0.929755   -0.0557775    -0.403314
    0.929755    -0.405106    -0.327717
   -0.929755    -0.405106    -0.327717
   -0.771136    -0.364272    -0.523993
   -0.771136    -0.364272     0.523993
    0.632605      0.36614    -0.523993
    0.632605      0.36614     0.523993
    0.391699     0.465568    -0.523993
    0.391699     0.465568     0.523993
    0.377355      0.46642     0.519626
     2.23686      0.46642     0.519626
    0.813225     0.748283    -0.221997
    0.813225    -0.748283    -0.221997
    0.641291     0.748283    -0.422657
    0.641291    -0.748283    -0.422657
    0.377355      0.58274    -0.360705
     2.23686      0.58274    -0.360705
   0.0328374     0.748283    -0.256465
   0.0328374    -0.748283    -0.256465
   -0.501476     0.748283    -0.282074
   -0.501476    -0.748283    -0.282074
   -0.419018     0.748283    -0.320368
   -0.419018    -0.748283    -0.320368
   -0.377969     0.748283    -0.344383
   -0.377969    -0.748283    -0.344383
    0.851428     0.748283    -0.276942
    0.851428    -0.748283    -0.276942
    0.471229   -0.0750818    -0.251663
     2.33074   -0.0750818    -0.251663
     0.80079     0.620146    -0.203324
     0.80079      2.11671    -0.203324
     0.77947     0.620146    -0.191095
     0.77947      2.11671    -0.191095
    0.579157     0.671571    -0.211904
     2.43867     0.671571    -0.211904
    0.736402     0.620146    -0.206342
    0.736402      2.11671    -0.206342
    0.762113     0.620146    -0.201113
    0.762113      2.11671    -0.201113
    0.579157     0.676246    -0.196596
     2.43867     0.676246    -0.196596
   -0.034623    -0.260587    -0.523993
   -0.034623    -0.260587     0.523993
   -0.719889     0.748283    -0.265759
   -0.719889    -0.748283    -0.265759
    0.867787     0.748283    -0.180806
    0.867787    -0.748283    -0.180806
   -0.390832    -0.748283     -0.25506
   -0.390832     0.748283     -0.25506
   -0.919522     0.748283    -0.251937
   -0.919522    -0.748283    -0.251937
      0.6546     0.748283    -0.169364
      0.6546    -0.748283    -0.169364
    0.148919     0.611991    -0.162855
     2.00843     0.611991    -0.162855
    0.148919     0.552217    -0.271532
     2.00843     0.552217    -0.271532
    0.148919    -0.524347     -0.15246
     2.00843    -0.524347     -0.15246
    0.148919     0.495235     -0.21599
     2.00843     0.495235     -0.21599
    0.148919    -0.569296    -0.197955
     2.00843    -0.569296    -0.197955
    0.929755     -0.14914    -0.392761
   -0.929755     -0.14914    -0.392761
    0.929755    -0.475122    -0.364658
   -0.929755    -0.475122    -0.364658
    0.929755    0.0115887    -0.374191
   -0.929755    0.0115887    -0.374191
    0.847422     0.748283    -0.153836
    0.847422    -0.748283    -0.153836
    0.839074     0.748283    -0.259707
    0.839074    -0.748283    -0.259707
   -0.424848     0.748283    -0.210026
   -0.424848    -0.748283    -0.210026
     0.50801     0.748283    -0.168486
     0.50801    -0.748283    -0.168486
    0.215529     0.475427    -0.181998
    0.215529      1.97199    -0.181998
    0.532553    -0.267663    -0.206586
     2.39206    -0.267663    -0.206586
    0.532553    -0.344161    -0.202841
     2.39206    -0.344161    -0.202841
    0.684652   -0.0950918    -0.213746
     2.54416   -0.0950918    -0.213746
    0.338502     0.735262    -0.321253
     2.19801     0.735262    -0.321253
    0.338502     0.692337    -0.265789
     2.19801     0.692337    -0.265789
    0.820748     0.299418    -0.164016
     2.68026     0.299418    -0.164016
   -0.666766     0.748283    -0.246763
   -0.666766    -0.748283    -0.246763
    0.792154     0.748283    -0.164323
    0.792154    -0.748283    -0.164323
    0.923602     0.748283    -0.163629
    0.923602    -0.748283    -0.163629
    0.820748     0.331675    -0.163698
     2.68026     0.331675    -0.163698
    0.108663     0.748283    -0.195644
    0.108663    -0.748283    -0.195644
    0.397238     0.748283    -0.263758
    0.397238    -0.748283    -0.263758
    0.929755     0.197368    -0.304722
   -0.929755     0.197368    -0.304722
    0.929755     0.237872    -0.244972
   -0.929755     0.237872    -0.244972
    0.465249     0.748283    -0.203803
    0.465249    -0.748283    -0.203803
    0.422599     0.543291    -0.275604
    0.422599      2.03986    -0.275604
    0.929755   0.00703585    -0.314123
   -0.929755   0.00703585    -0.314123
    0.619401    0.0355789    -0.523993
    0.619401    0.0355789     0.523993
    0.368858   -0.0809136    -0.303968
     2.22837   -0.0809136    -0.303968
    0.929755    -0.447434    -0.323044
   -0.929755    -0.447434    -0.323044
    0.929755    -0.390233    -0.157484
   -0.929755    -0.390233    -0.157484
    0.676919    -0.350699    -0.523993
    0.676919    -0.350699     0.523993
    0.698252     0.700387    -0.170589
     2.55776     0.700387    -0.170589
    0.665187     0.344545    -0.245939
      2.5247     0.344545    -0.245939
    0.168449     0.748283    -0.209697
    0.168449    -0.748283    -0.209697
    0.441493     0.577379    -0.216006
    0.441493      2.07395    -0.216006
    0.929755    -0.058111    -0.327548
   -0.929755    -0.058111    -0.327548
   -0.832655     0.748283   0.00974946
   -0.832655    -0.748283   0.00974946
   -0.832655     0.748283   0.00974946
   -0.832655    -0.748283   0.00974946
    0.929755    -0.653503    -0.199778
   -0.929755    -0.653503    -0.199778
  -0.0881395     0.648579   -0.0506949
  -0.0881395      2.14515   -0.0506949
    0.110069     0.508768   -0.0783418
    0.110069      2.00533   -0.0783418
    0.929755    -0.448652    -0.144748
   -0.929755    -0.448652    -0.144748
     0.15803    -0.162614     -0.31969
     2.01754    -0.162614     -0.31969
   -0.924097     0.748283    0.0123175
   -0.924097    -0.748283    0.0123175
    0.346363    -0.535315    0.0839102
     2.20587    -0.535315    0.0839102
    0.165064    -0.128306    -0.308037
     2.02457    -0.128306    -0.308037
    0.717052     0.748283    -0.177111
    0.717052    -0.748283    -0.177111
    0.532014     0.748283   -0.0172504
    0.532014    -0.748283   -0.0172504
    0.309726     0.352057    0.0430951
     2.16924     0.352057    0.0430951
   0.0984953     0.748283    -0.159155
   0.0984953    -0.748283    -0.159155
    0.309726     0.222907 -0.000711645
     2.16924     0.222907 -0.000711645
    0.720101     0.748283   -0.0169172
    0.720101    -0.748283   -0.0169172
   -0.891115     0.748283      -0.1571
   -0.891115    -0.748283      -0.1571
    0.283138     0.748283    -0.178992
    0.283138    -0.748283    -0.178992
    0.157645    -0.542021    -0.253089
     2.01716    -0.542021    -0.253089
   -0.350612     0.521004   -0.0988656
   -0.350612      2.01757   -0.0988656
    0.183183    -0.204267    -0.101112
     2.04269    -0.204267    -0.101112
    0.183183     0.362182    0.0216046
     2.04269     0.362182    0.0216046
   0.0984953     0.748283    -0.159155
   0.0984953    -0.748283    -0.159155
    0.183183     0.216033    -0.098763
     2.04269     0.216033    -0.098763
    0.196045     0.636115    0.0238048
     2.05555     0.636115    0.0238048
    0.196045     0.625215    -0.131195
     2.05555     0.625215    -0.131195
    0.174902     0.748283    -0.175329
    0.174902    -0.748283    -0.175329
    0.444941     0.748283   -0.0409486
    0.444941    -0.748283   -0.0409486
    0.929755    -0.388719   -0.0648352
   -0.929755    -0.388719   -0.0648352
   -0.379463    -0.748283   -0.0243802
   -0.379463     0.748283   -0.0243802
   -0.365832    -0.748283     -0.02438
   -0.365832     0.748283     -0.02438
   -0.389943    -0.748283   -0.0244138
   -0.389943     0.748283   -0.0244138
    0.301126    -0.180752   -0.0251676
     2.16064    -0.180752   -0.0251676
    0.301126   -0.0187823   -0.0239737
     2.16064   -0.0187823   -0.0239737
    0.301126    0.0867455   -0.0239726
     2.16064    0.0867455   -0.0239726
   -0.519367     0.748283   -0.0262581
   -0.519367    -0.748283   -0.0262581
   -0.745338     0.748283   -0.0262721
   -0.745338    -0.748283   -0.0262721
     0.58383     0.748283   -0.0256726
     0.58383    -0.748283   -0.0256726
    0.447665     0.748283   -0.0256091
    0.447665    -0.748283   -0.0256091
   -0.107804     0.648579   -0.0261221
   -0.107804      2.14515   -0.0261221
  -0.0214288     0.648579   -0.0261422
  -0.0214288      2.14515   -0.0261422
  -0.0896005     0.648579   -0.0262044
  -0.0896005      2.14515   -0.0262044
    0.929755     0.599628   -0.0254309
   -0.929755     0.599628   -0.0254309
    0.929755    -0.141463   -0.0253067
   -0.929755    -0.141463   -0.0253067
    0.929755     0.487419   -0.0248674
   -0.929755     0.487419   -0.0248674
    0.929755     0.597284    -0.025262
   -0.929755     0.597284    -0.025262
    0.929755    -0.538408   -0.0273937
   -0.929755    -0.538408   -0.0273937
    0.308857     0.298196   -0.0220436
     2.16837     0.298196   -0.0220436
    0.308857    0.0522355   -0.0240464
     2.16837    0.0522355   -0.0240464
    0.308857      0.25747   -0.0253207
     2.16837      0.25747   -0.0253207
    0.308857    0.0326643   -0.0255924
     2.16837    0.0326643   -0.0255924
    0.308857      0.13973   -0.0240327
     2.16837      0.13973   -0.0240327
    0.420262     0.748283   -0.0252503
    0.420262    -0.748283   -0.0252503
    0.815144     0.748283   -0.0252413
    0.815144    -0.748283   -0.0252413
    0.929755    -0.685668   -0.0251825
   -0.929755    -0.685668   -0.0251825
    0.482566     0.748283   -0.0253605
    0.482566    -0.748283   -0.0253605
   0.0194338     0.748283   -0.0262278
   0.0194338    -0.748283   -0.0262278
    0.883417     0.748283    -0.024587
    0.883417    -0.748283    -0.024587
    0.929755     -0.72527    -0.024525
   -0.929755     -0.72527    -0.024525
  -0.0517445     0.748283   -0.0306206
  -0.0517445    -0.748283   -0.0306206
   0.0775842     0.748283   -0.0264152
   0.0775842    -0.748283   -0.0264152
    0.929755      0.28865   -0.0247596
   -0.929755      0.28865   -0.0247596
   0.0219767     0.748283   -0.0256882
   0.0219767    -0.748283   -0.0256882
    0.929755     0.210164   -0.0248141
   -0.929755     0.210164   -0.0248141
    0.929755     0.288816   -0.0251017
   -0.929755     0.288816   -0.0251017
    0.418461    -0.701105   -0.0244159
     2.27797    -0.701105   -0.0244159
    0.648109     0.551109   -0.0257327
    0.648109      2.04768   -0.0257327
    0.418461     0.729443   -0.0256674
     2.27797     0.729443   -0.0256674
    0.763517     0.551109   -0.0263479
    0.763517      2.04768   -0.0263479
    0.418461     0.661343   -0.0252432
     2.27797     0.661343   -0.0252432
    0.418461     0.610011   -0.0253305
     2.27797     0.610011   -0.0253305
    0.418461     0.640202   -0.0253402
     2.27797     0.640202   -0.0253402
    0.418461    -0.737354    -0.025495
     2.27797    -0.737354    -0.025495
   -0.876166     0.748283   -0.0258833
   -0.876166    -0.748283   -0.0258833
    0.389374     0.748283   -0.0246124
    0.389374    -0.748283   -0.0246124
    0.530552     0.748283   -0.0252303
    0.530552    -0.748283   -0.0252303
   -0.321581     0.748283   -0.0251531
   -0.321581    -0.748283   -0.0251531
   -0.167497     0.748283   -0.0250203
   -0.167497    -0.748283   -0.0250203
    0.910728     0.748283   -0.0259594
    0.910728    -0.748283   -0.0259594
    -0.79363     0.748283   -0.0251938
    -0.79363    -0.748283   -0.0251938
    0.406963    -0.086628     -0.02477
     2.26647    -0.086628     -0.02477
    0.406963    -0.157955   -0.0236375
     2.26647    -0.157955   -0.0236375
    0.406963    -0.245278   -0.0229505
     2.26647    -0.245278   -0.0229505
    0.406963   0.00344113   -0.0240214
     2.26647   0.00344113   -0.0240214
    0.304723     0.748283   -0.0249897
    0.304723    -0.748283   -0.0249897
   -0.485471     0.748283   -0.0249579
   -0.485471    -0.748283   -0.0249579
   -0.265563     0.748283   -0.0256894
   -0.265563    -0.748283   -0.0256894
   -0.579671     0.748283   -0.0261153
   -0.579671    -0.748283   -0.0261153
   -0.752395     0.748283    -0.025799
   -0.752395    -0.748283    -0.025799
    0.218417     0.748283   -0.0262779
    0.218417    -0.748283   -0.0262779
   -0.422772     0.748283   -0.0262074
   -0.422772    -0.748283   -0.0262074
    0.259173     0.748283   -0.0308364
    0.259173    -0.748283   -0.0308364
   0.0895847      0.55876   -0.0249667
   0.0895847      2.05533   -0.0249667
    0.162894      0.55876   -0.0240776
    0.162894      2.05533   -0.0240776
   -0.167332      0.55876   -0.0250072
   -0.167332      2.05533   -0.0250072
   0.0681836      0.55876   -0.0249648
   0.0681836      2.05533   -0.0249648
   -0.369996     0.728435   -0.0251609
   -0.369996        2.225   -0.0251609
    0.929755     0.237161   -0.0239616
   -0.929755     0.237161   -0.0239616
     0.20515     0.478041   -0.0201082
     0.20515      1.97461   -0.0201082
  0.00431752     0.478041   -0.0219816
  0.00431752      1.97461   -0.0219816
   -0.366457     0.478041   -0.0228848
   -0.366457      1.97461   -0.0228848
   0.0475617     0.478041   -0.0212534
   0.0475617      1.97461   -0.0212534
    0.219165     0.478041   -0.0211792
    0.219165      1.97461   -0.0211792
    0.929755   -0.0317396   -0.0248324
   -0.929755   -0.0317396   -0.0248324
    0.929755    -0.387569   -0.0244656
   -0.929755    -0.387569   -0.0244656
    0.929755    -0.538748   -0.0256486
   -0.929755    -0.538748   -0.0256486
    0.515568     -0.10913    -0.023535
     2.37508     -0.10913    -0.023535
    0.166337     0.555232   -0.0253693
    0.166337       2.0518   -0.0253693
    0.929755    -0.584643   -0.0293151
   -0.929755    -0.584643   -0.0293151
    0.929755     0.644335   -0.0253381
   -0.929755     0.644335   -0.0253381
    0.929755     0.636372   -0.0243318
   -0.929755     0.636372   -0.0243318
    0.413755     0.555232   -0.0251249
    0.413755       2.0518   -0.0251249
    0.929755     0.100138   -0.0246269
   -0.929755     0.100138   -0.0246269
    0.390859     0.555232   -0.0252128
    0.390859       2.0518   -0.0252128
    0.929755   -0.0457969   -0.0251023
   -0.929755   -0.0457969   -0.0251023
    0.929755    -0.356563   -0.0269241
   -0.929755    -0.356563   -0.0269241
   -0.406334     0.748283   -0.0261317
   -0.406334    -0.748283   -0.0261317
    -0.23851     0.748283   -0.0252228
    -0.23851    -0.748283   -0.0252228
   -0.869298     0.748283   -0.0310845
   -0.869298    -0.748283   -0.0310845
    0.266785     0.683694   -0.0255684
     2.12629     0.683694   -0.0255684
    0.266785     0.657959   -0.0256292
     2.12629     0.657959   -0.0256292
    0.266785     0.740841   -0.0252556
     2.12629     0.740841   -0.0252556
    0.894587     0.748283   -0.0260668
    0.894587    -0.748283   -0.0260668
  -0.0840339     0.748283   -0.0261132
  -0.0840339    -0.748283   -0.0261132
   -0.661378     0.748283   -0.0313865
   -0.661378    -0.748283   -0.0313865
    0.859262     0.748283   -0.0256353
    0.859262    -0.748283   -0.0256353
     0.15803    -0.104078    -0.027714
     2.01754    -0.104078    -0.027714
     0.15803     0.107614   -0.0263174
     2.01754     0.107614   -0.0263174
     0.15803   -0.0149283   -0.0288905
     2.01754   -0.0149283   -0.0288905
     0.15803     0.385302    -0.026604
     2.01754     0.385302    -0.026604
     0.15803   -0.0291177   -0.0272396
     2.01754   -0.0291177   -0.0272396
    0.307693     0.363234    -0.022667
      2.1672     0.363234    -0.022667
    0.307693      0.61709   -0.0241058
      2.1672      0.61709   -0.0241058
    0.128988     0.748283   -0.0238851
    0.128988    -0.748283   -0.0238851
    0.795151     0.748283   -0.0252269
    0.795151    -0.748283   -0.0252269
    0.307693     0.606186   -0.0244704
      2.1672     0.606186   -0.0244704
    0.104431     0.748283   -0.0244575
    0.104431    -0.748283   -0.0244575
    0.307693     0.528218   -0.0245206
      2.1672     0.528218   -0.0245206
   -0.183081     0.748283   -0.0245689
   -0.183081    -0.748283   -0.0245689
    0.307693     0.214375   -0.0255605
      2.1672     0.214375   -0.0255605
    0.307693      0.57052   -0.0241849
      2.1672      0.57052   -0.0241849
  0.00351576     0.748283   -0.0238864
  0.00351576    -0.748283   -0.0238864
   -0.927327     0.748283   -0.0268919
   -0.927327    -0.748283   -0.0268919
   -0.602717     0.748283   -0.0310864
   -0.602717    -0.748283   -0.0310864
   -0.680324     0.748283   -0.0310891
   -0.680324    -0.748283   -0.0310891
   -0.867947     0.748283   -0.0258857
   -0.867947    -0.748283   -0.0258857
    0.139639     0.748283   -0.0262897
    0.139639    -0.748283   -0.0262897
    0.129008     0.748283   -0.0302843
    0.129008    -0.748283   -0.0302843
    0.929755    0.0455464   -0.0242767
   -0.929755    0.0455464   -0.0242767
    0.929755     0.244247   -0.0238982
   -0.929755     0.244247   -0.0238982
 -0.00881257     0.748283   -0.0300223
 -0.00881257    -0.748283   -0.0300223
    0.259264     0.748283   -0.0245942
    0.259264    -0.748283   -0.0245942
   -0.413406     0.505925   -0.0250581
   -0.413406      2.00249   -0.0250581
   -0.343973     0.505925   -0.0250655
   -0.343973      2.00249   -0.0250655
    0.326297     0.748283   -0.0234528
    0.326297    -0.748283   -0.0234528
    0.929755     0.155762   -0.0246707
   -0.929755     0.155762   -0.0246707
    0.490148     0.748283   -0.0249982
    0.490148    -0.748283   -0.0249982
    0.126462     0.748283   -0.0246384
    0.126462    -0.748283   -0.0246384
    0.286932     0.748283   -0.0238915
    0.286932    -0.748283   -0.0238915
    0.929755    -0.444747   -0.0257435
   -0.929755    -0.444747   -0.0257435
    0.929755    -0.373889   -0.0253627
   -0.929755    -0.373889   -0.0253627
    0.929755    -0.184255   -0.0215586
   -0.929755    -0.184255   -0.0215586
    0.929755    -0.619006    -0.024288
   -0.929755    -0.619006    -0.024288
    0.321729     0.748283   -0.0255141
    0.321729    -0.748283   -0.0255141
   0.0161496     0.748283   -0.0264559
   0.0161496    -0.748283   -0.0264559
      0.4573     0.748283   -0.0246447
      0.4573    -0.748283   -0.0246447
    0.929755     0.284104   -0.0247964
   -0.929755     0.284104   -0.0247964
    0.929755     0.515163   -0.0245474
   -0.929755     0.515163   -0.0245474
    0.929755    -0.432764    -0.025092
   -0.929755    -0.432764    -0.025092
    0.929755   -0.0881767   -0.0238842
   -0.929755   -0.0881767   -0.0238842
    0.929755     0.680986   -0.0230502
   -0.929755     0.680986   -0.0230502
    0.417063    -0.748283   -0.0252554
    0.417063     0.748283   -0.0252554
    0.929755     0.193741   -0.0235666
   -0.929755     0.193741   -0.0235666
    0.416176    -0.748283   -0.0252573
    0.416176     0.748283   -0.0252573
    0.929755    -0.610494   -0.0226795
   -0.929755    -0.610494   -0.0226795
    0.929755    -0.218072   -0.0246346
   -0.929755    -0.218072   -0.0246346
    0.929755     0.642997    -0.025306
   -0.929755     0.642997    -0.025306
    0.416482    -0.748283   -0.0252589
    0.416482     0.748283   -0.0252589
    0.929755    -0.157749   -0.0244456
   -0.929755    -0.157749   -0.0244456
    0.929755   -0.0453042    -0.024128
   -0.929755   -0.0453042    -0.024128
    0.414465    -0.748283   -0.0252588
    0.414465     0.748283   -0.0252588
    0.929755     0.605684   -0.0251833
   -0.929755     0.605684   -0.0251833
    0.556122     0.748283   -0.0252551
    0.556122    -0.748283   -0.0252551
   -0.599544     0.748283   -0.0260381
   -0.599544    -0.748283   -0.0260381
    0.667229     0.748283   -0.0253681
    0.667229    -0.748283   -0.0253681
    0.706936     0.481214   -0.0263442
     2.56645     0.481214   -0.0263442
   -0.314412     0.748283   -0.0234389
   -0.314412    -0.748283   -0.0234389
   -0.797985     0.748283   -0.0256936
   -0.797985    -0.748283   -0.0256936
   -0.885754     0.748283   -0.0260233
   -0.885754    -0.748283   -0.0260233
    0.706936     0.406082   -0.0265286
     2.56645     0.406082   -0.0265286
   -0.755618     0.748283   -0.0271437
   -0.755618    -0.748283   -0.0271437
   -0.111451     0.748283   -0.0248478
   -0.111451    -0.748283   -0.0248478
    0.825856     0.748283    -0.024226
    0.825856    -0.748283    -0.024226
    0.929755     0.304074   -0.0251798
   -0.929755     0.304074   -0.0251798
   -0.260572    -0.748283   -0.0255822
   -0.260572     0.748283   -0.0255822
    -0.26159    -0.748283   -0.0255627
    -0.26159     0.748283   -0.0255627
  -0.0704367     0.608592    -0.026911
  -0.0704367      2.10516    -0.026911
   -0.915414     0.723943   -0.0258746
   -0.915414      2.22051   -0.0258746
   -0.896253     0.723943    -0.026071
   -0.896253      2.22051    -0.026071
    0.379431    -0.565858   -0.0268276
     2.23894    -0.565858   -0.0268276
    0.379431    -0.607006   -0.0267775
     2.23894    -0.607006   -0.0267775
    0.732126     -0.10304   -0.0227775
     2.59164     -0.10304   -0.0227775
   -0.345253     0.521004   -0.0262075
   -0.345253      2.01757   -0.0262075
   -0.234851     0.521004   -0.0261044
   -0.234851      2.01757   -0.0261044
   -0.559017     0.521004   -0.0260879
   -0.559017      2.01757   -0.0260879
    0.633455    -0.391123   -0.0248541
     2.49296    -0.391123   -0.0248541
    0.633455     -0.40536   -0.0246155
     2.49296     -0.40536   -0.0246155
    0.929755    -0.606461   -0.0264222
   -0.929755    -0.606461   -0.0264222
    0.929755     0.557279   -0.0218559
   -0.929755     0.557279   -0.0218559
    0.929755     0.417077   -0.0207139
   -0.929755     0.417077   -0.0207139
    0.929755   -0.0813735   -0.0229292
   -0.929755   -0.0813735   -0.0229292
    0.929755    -0.505262   -0.0233427
   -0.929755    -0.505262   -0.0233427
   -0.688371     0.748283   -0.0256332
   -0.688371    -0.748283   -0.0256332
    0.787376     0.748283   -0.0260137
    0.787376    -0.748283   -0.0260137
   -0.230545     0.617742   -0.0252472
   -0.230545      2.11431   -0.0252472
   -0.315692     0.617742   -0.0251403
   -0.315692      2.11431   -0.0251403
   -0.306203     0.617742   -0.0253726
   -0.306203      2.11431   -0.0253726
   -0.439111     0.617742     -0.02529
   -0.439111      2.11431     -0.02529
    0.929755    -0.206578   -0.0234591
   -0.929755    -0.206578   -0.0234591
    0.929755    0.0950649   -0.0235599
   -0.929755    0.0950649   -0.0235599
    0.929755    -0.501021    -0.024548
   -0.929755    -0.501021    -0.024548
    0.929755     0.612502   -0.0269681
   -0.929755     0.612502   -0.0269681
    0.165064    -0.434005   -0.0262507
     2.02457    -0.434005   -0.0262507
    0.165064     0.136443    -0.024858
     2.02457     0.136443    -0.024858
    0.165064     0.256148   -0.0244941
     2.02457     0.256148   -0.0244941
    0.165064   -0.0616335   -0.0256294
     2.02457   -0.0616335   -0.0256294
    0.079059    -0.723419   -0.0281945
     1.93857    -0.723419   -0.0281945
    0.079059    -0.270499   -0.0233858
     1.93857    -0.270499   -0.0233858
 -0.00922015     0.748283   -0.0234658
 -0.00922015    -0.748283   -0.0234658
    0.368193     0.629112   -0.0263924
      2.2277     0.629112   -0.0263924
    0.368193    -0.642191      -0.0272
      2.2277    -0.642191      -0.0272
   -0.593378     0.680038   -0.0255749
   -0.593378       2.1766   -0.0255749
   -0.625768     0.680038   -0.0257241
   -0.625768       2.1766   -0.0257241
   -0.610161     0.680038   -0.0257904
   -0.610161       2.1766   -0.0257904
     0.28994     0.748283   -0.0263273
     0.28994    -0.748283   -0.0263273
    0.519695     0.748283   -0.0263953
    0.519695    -0.748283   -0.0263953
    0.146249     0.748283   -0.0259057
    0.146249    -0.748283   -0.0259057
    0.379491    -0.421275    -0.024572
       2.239    -0.421275    -0.024572
    0.379491    -0.195495   -0.0251736
       2.239    -0.195495   -0.0251736
    0.701365     0.748283   -0.0244253
    0.701365    -0.748283   -0.0244253
   0.0319782     0.603293   -0.0262902
   0.0319782      2.09986   -0.0262902
   0.0843475     0.603293   -0.0261014
   0.0843475      2.09986   -0.0261014
    0.929755     0.673047   -0.0253673
   -0.929755     0.673047   -0.0253673
   -0.091209     0.679937   -0.0231517
   -0.091209       2.1765   -0.0231517
    0.705955     0.748283   -0.0249581
    0.705955    -0.748283   -0.0249581
    0.567737     0.748283   -0.0248481
    0.567737    -0.748283   -0.0248481
    0.625167     0.187001   -0.0236138
     2.48468     0.187001   -0.0236138
    0.133633    -0.523874   -0.0248664
     1.99314    -0.523874   -0.0248664
    0.133633    -0.219064   -0.0246668
     1.99314    -0.219064   -0.0246668
    0.133633   -0.0348591   -0.0268011
     1.99314   -0.0348591   -0.0268011
    0.133633   -0.0907433   -0.0259504
     1.99314   -0.0907433   -0.0259504
    0.133633   -0.0871806   -0.0248728
     1.99314   -0.0871806   -0.0248728
    0.133633    -0.263567   -0.0247415
     1.99314    -0.263567   -0.0247415
     0.29939   -0.0893637   -0.0251432
      2.1589   -0.0893637   -0.0251432
     0.29939    -0.161526   -0.0253493
      2.1589    -0.161526   -0.0253493
     0.29939    -0.298444   -0.0237339
      2.1589    -0.298444   -0.0237339
     0.29939    0.0681204   -0.0249923
      2.1589    0.0681204   -0.0249923
    0.929755     0.668567   -0.0250599
   -0.929755     0.668567   -0.0250599
    0.929755    -0.505454   -0.0246651
   -0.929755    -0.505454   -0.0246651
    0.712568    -0.269556   -0.0228856
     2.57208    -0.269556   -0.0228856
    0.800405     0.544152   -0.0230967
    0.800405      2.04072   -0.0230967
    0.430295     0.610577   -0.0249275
      2.2898     0.610577   -0.0249275
    0.694774     0.544152   -0.0252033
    0.694774      2.04072   -0.0252033
    0.627025     0.544152    -0.025301
    0.627025      2.04072    -0.025301
    0.430295    -0.743212   -0.0249623
      2.2898    -0.743212   -0.0249623
    0.805394     0.748283   -0.0250706
    0.805394    -0.748283   -0.0250706
    0.208819     0.539467   -0.0242568
     2.06833     0.539467   -0.0242568
  -0.0464201     0.748283   -0.0245156
  -0.0464201    -0.748283   -0.0245156
    0.208819     0.160026   -0.0246132
     2.06833     0.160026   -0.0246132
    0.208819     0.277871   -0.0242682
     2.06833     0.277871   -0.0242682
    0.927353     0.748283   -0.0256986
    0.927353    -0.748283   -0.0256986
   -0.367874     0.748283    -0.025272
   -0.367874    -0.748283    -0.025272
    0.102002    -0.121102   -0.0261704
     1.96151    -0.121102   -0.0261704
    0.102002   -0.0518913   -0.0250013
     1.96151   -0.0518913   -0.0250013
    0.102002     0.039305   -0.0278101
     1.96151     0.039305   -0.0278101
   -0.785395     0.590759    -0.025854
   -0.785395      2.08733    -0.025854
    -0.70419     0.590759   -0.0259309
    -0.70419      2.08733   -0.0259309
    0.505838   -0.0463419   -0.0248145
     2.36535   -0.0463419   -0.0248145
   -0.372531    -0.748283   -0.0263508
   -0.372531     0.748283   -0.0263508
   -0.408018    -0.748283   -0.0263476
   -0.408018     0.748283   -0.0263476
    0.929755    -0.377652   -0.0245454
   -0.929755    -0.377652   -0.0245454
    0.929755    -0.628719   -0.0268346
   -0.929755    -0.628719   -0.0268346
   -0.684182    -0.748283   -0.0262227
   -0.684182     0.748283   -0.0262227
    0.784897     0.539144    -0.022582
    0.784897      2.03571    -0.022582
    0.205215     0.634632   -0.0253644
     2.06472     0.634632   -0.0253644
    0.205215     0.564435   -0.0244534
     2.06472     0.564435   -0.0244534
    0.586413     0.539144   -0.0245896
    0.586413      2.03571   -0.0245896
    0.205215     0.739405   -0.0249959
     2.06472     0.739405   -0.0249959
    0.557938     0.539144   -0.0246916
    0.557938      2.03571   -0.0246916
 -0.00653359     0.508768   -0.0292012
 -0.00653359      2.00533   -0.0292012
   0.0911373     0.508768   -0.0290185
   0.0911373      2.00533   -0.0290185
    0.299794     -0.43491   -0.0248085
      2.1593     -0.43491   -0.0248085
    0.299794    -0.602161   -0.0265735
      2.1593    -0.602161   -0.0265735
    0.929755    -0.473956   -0.0248319
   -0.929755    -0.473956   -0.0248319
    0.929755    -0.524463   -0.0243861
   -0.929755    -0.524463   -0.0243861
    0.839924     0.748283   -0.0234793
    0.839924    -0.748283   -0.0234793
    0.736347     0.503774    -0.020781
     2.59586     0.503774    -0.020781
   -0.523549     0.748283    -0.027391
   -0.523549    -0.748283    -0.027391
   -0.798466     0.748283   -0.0253168
   -0.798466    -0.748283   -0.0253168
    0.550374     0.748283   -0.0252786
    0.550374    -0.748283   -0.0252786
   -0.656915     0.577721   -0.0294992
   -0.656915      2.07429   -0.0294992
    0.929755    -0.473613   -0.0244679
   -0.929755    -0.473613   -0.0244679
    0.929755    -0.316716   -0.0242698
   -0.929755    -0.316716   -0.0242698
    0.929755    -0.634814   -0.0247483
   -0.929755    -0.634814   -0.0247483
    0.795992     0.748283   -0.0256073
    0.795992    -0.748283   -0.0256073
   -0.803616     0.748283   -0.0255402
   -0.803616    -0.748283   -0.0255402
   -0.823126     0.748283    -0.026826
   -0.823126    -0.748283    -0.026826
    0.929755    -0.680135    -0.026408
   -0.929755    -0.680135    -0.026408
    0.698182     0.589405   -0.0252147
    0.698182      2.08597   -0.0252147
     0.52893     0.655471    -0.025152
     2.38844     0.655471    -0.025152
   0.0310277     0.510188   -0.0262108
   0.0310277      2.00675   -0.0262108
   0.0283703     0.510188   -0.0263088
   0.0283703      2.00675   -0.0263088
  -0.0105594     0.510188    -0.028351
  -0.0105594      2.00675    -0.028351
    0.313631     0.510188   -0.0260554
    0.313631      2.00675   -0.0260554
    0.929755     0.162543   -0.0250724
   -0.929755     0.162543   -0.0250724
    0.929755    -0.543946   -0.0237676
   -0.929755    -0.543946   -0.0237676
    0.929755     0.256564   -0.0238154
   -0.929755     0.256564   -0.0238154
    0.929755    -0.124295   -0.0233912
   -0.929755    -0.124295   -0.0233912
   0.0695799     0.748283   -0.0258337
   0.0695799    -0.748283   -0.0258337
    0.929755    -0.115507   -0.0233086
   -0.929755    -0.115507   -0.0233086
   -0.929755     0.137123   -0.0237046
    0.929755     0.137123   -0.0237046
    0.627573     0.438796   -0.0245694
    0.627573      1.93536   -0.0245694
    0.929755     0.247635   -0.0247002
   -0.929755     0.247635   -0.0247002
    0.395422     0.438796   -0.0248707
    0.395422      1.93536   -0.0248707
    0.495952     0.438796   -0.0247329
    0.495952      1.93536   -0.0247329
    0.929755    -0.155299    -0.025767
   -0.929755    -0.155299    -0.025767
    0.320491    -0.556478   -0.0243969
        2.18    -0.556478   -0.0243969
    0.302418     0.299303   -0.0246741
     2.16193     0.299303   -0.0246741
    0.643968     0.748283   -0.0251233
    0.643968    -0.748283   -0.0251233
    0.302418   -0.0260273   -0.0250929
     2.16193   -0.0260273   -0.0250929
    0.503556      0.28115   -0.0251334
     2.36307      0.28115   -0.0251334
    0.156893     0.500874   -0.0249213
    0.156893      1.99744   -0.0249213
    0.181923     0.500874   -0.0245835
    0.181923      1.99744   -0.0245835
    0.158358     0.573183   -0.0238806
     2.01787     0.573183   -0.0238806
    0.158358    -0.657174   -0.0274608
     2.01787    -0.657174   -0.0274608
    0.929755      0.64166   -0.0252113
   -0.929755      0.64166   -0.0252113
    0.929755   -0.0789033   -0.0189228
   -0.929755   -0.0789033   -0.0189228
    0.929755    -0.583521   -0.0214657
   -0.929755    -0.583521   -0.0214657
    0.929755     0.483805   -0.0244051
   -0.929755     0.483805   -0.0244051
    0.929755    -0.159417   -0.0222162
   -0.929755    -0.159417   -0.0222162
    0.929755     0.655441   -0.0275223
   -0.929755     0.655441   -0.0275223
    0.395287    0.0648313   -0.0249638
      2.2548    0.0648313   -0.0249638
    0.478302      0.59879   -0.0252704
    0.478302      2.09536   -0.0252704
    0.339642      0.53252    -0.025331
     2.19915      0.53252    -0.025331
   -0.711268     0.748283   -0.0310557
   -0.711268    -0.748283   -0.0310557
    0.292111     0.748283    -0.025289
    0.292111    -0.748283    -0.025289
    0.190973    -0.623359   -0.0249104
     2.05048    -0.623359   -0.0249104
    0.628717    -0.314684   -0.0240563
     2.48823    -0.314684   -0.0240563
    0.929755     0.316159   -0.0234601
   -0.929755     0.316159   -0.0234601
    0.301126    0.0394842   -0.0248523
     2.16064    0.0394842   -0.0248523
    0.929755    -0.538408   -0.0273937
   -0.929755    -0.538408   -0.0273937
  0.00266906     0.748283   -0.0190208
  0.00266906    -0.748283   -0.0190208
     0.24915     0.748283   -0.0245144
     0.24915    -0.748283   -0.0245144
    0.648109     0.551109   -0.0257327
    0.648109      2.04768   -0.0257327
    0.763517     0.551109   -0.0263479
    0.763517      2.04768   -0.0263479
     0.79233     0.551109   -0.0237039
     0.79233      2.04768   -0.0237039
   -0.291544     0.748283   -0.0262204
   -0.291544    -0.748283   -0.0262204
   -0.485471     0.748283   -0.0249579
   -0.485471    -0.748283   -0.0249579
  -0.0636335     0.748283   -0.0236742
  -0.0636335    -0.748283   -0.0236742
    0.259173     0.748283   -0.0308364
    0.259173    -0.748283   -0.0308364
  0.00431752     0.478041   -0.0219816
  0.00431752      1.97461   -0.0219816
    0.929755    -0.368662   -0.0260996
   -0.929755    -0.368662   -0.0260996
    0.266785    -0.719757   -0.0252624
     2.12629    -0.719757   -0.0252624
   -0.824644     0.748283   -0.0260095
   -0.824644    -0.748283   -0.0260095
   -0.661378     0.748283   -0.0313865
   -0.661378    -0.748283   -0.0313865
    0.859262     0.748283   -0.0256353
    0.859262    -0.748283   -0.0256353
     0.15803     0.385302    -0.026604
     2.01754     0.385302    -0.026604
     0.15803   -0.0850005   -0.0256344
     2.01754   -0.0850005   -0.0256344
    0.307693     0.363234    -0.022667
      2.1672     0.363234    -0.022667
    0.528947     0.748283   -0.0245586
    0.528947    -0.748283   -0.0245586
    0.307693     0.606186   -0.0244704
      2.1672     0.606186   -0.0244704
    0.104431     0.748283   -0.0244575
    0.104431    -0.748283   -0.0244575
   -0.413406     0.505925   -0.0250581
   -0.413406      2.00249   -0.0250581
   -0.343973     0.505925   -0.0250655
   -0.343973      2.00249   -0.0250655
   -0.325694     0.505925   -0.0256148
   -0.325694      2.00249   -0.0256148
    0.490148     0.748283   -0.0249982
    0.490148    -0.748283   -0.0249982
    0.126462     0.748283   -0.0246384
    0.126462    -0.748283   -0.0246384
    0.286932     0.748283   -0.0238915
    0.286932    -0.748283   -0.0238915
    0.929755     0.286268   -0.0267711
   -0.929755     0.286268   -0.0267711
    0.929755     -0.60484   -0.0301819
   -0.929755     -0.60484   -0.0301819
    0.929755     0.460641   -0.0239235
   -0.929755     0.460641   -0.0239235
    0.929755    -0.317371   -0.0276627
   -0.929755    -0.317371   -0.0276627
   0.0782923     0.748283   -0.0305537
   0.0782923    -0.748283   -0.0305537
   -0.408561     0.521004   -0.0255401
   -0.408561      2.01757   -0.0255401
   -0.625245     0.521004    -0.025916
   -0.625245      2.01757    -0.025916
    0.929755     -0.37384   -0.0206065
   -0.929755     -0.37384   -0.0206065
    0.929755    0.0110364   -0.0201397
   -0.929755    0.0110364   -0.0201397
    0.929755    -0.206578   -0.0234591
   -0.929755    -0.206578   -0.0234591
    0.079059    -0.549331   -0.0261625
     1.93857    -0.549331   -0.0261625
    0.079059    -0.401395   -0.0247869
     1.93857    -0.401395   -0.0247869
    0.133633    -0.376361   -0.0235784
     1.99314    -0.376361   -0.0235784
    0.800405     0.544152   -0.0230967
    0.800405      2.04072   -0.0230967
    0.208819      0.23728   -0.0262514
     2.06833      0.23728   -0.0262514
    0.102002     0.339532   -0.0264203
     1.96151     0.339532   -0.0264203
    0.205215     0.564435   -0.0244534
     2.06472     0.564435   -0.0244534
    0.648509     0.748283   -0.0253242
    0.648509    -0.748283   -0.0253242
   -0.798466     0.748283   -0.0253168
   -0.798466    -0.748283   -0.0253168
   -0.656915     0.577721   -0.0294992
   -0.656915      2.07429   -0.0294992
   -0.589882     0.748283   -0.0257644
   -0.589882    -0.748283   -0.0257644
    0.929755  -0.00755233   -0.0216636
   -0.929755  -0.00755233   -0.0216636
    0.158358    -0.631249   -0.0243305
     2.01787    -0.631249   -0.0243305
    0.929755     0.483805   -0.0244051
   -0.929755     0.483805   -0.0244051
    0.929755    -0.590167    -0.025337
   -0.929755    -0.590167    -0.025337
    0.190973    -0.623359   -0.0249104
     2.05048    -0.623359   -0.0249104
    0.929755    -0.223165   -0.0247894
   -0.929755    -0.223165   -0.0247894