     2.11479            0            0
           0      1.50216            0
           0            0      1.01972
         350         1484            0
    0.291001     -0.27413 -3.58046e-05
   0.0440747    -0.625352   0.00122402
    0.281533    -0.585099  0.000927739
   0.0977776     -0.38255  0.000528795
    0.579138    -0.570954  -0.00308904
    0.636265    -0.500481  -0.00985912
    0.321871    -0.398486  0.000126871
    0.296562    -0.698661   0.00133702
    0.200802    -0.691409   0.00228679
    0.315886    -0.509605 -7.34296e-05
    0.485543    -0.624335  8.63498e-05
    0.266014    -0.573381   0.00086343
    0.443298    -0.245198 -0.000451346
    0.364869     0.329015   0.00117648
  -0.0333055   -0.0911019   -0.0125548
    0.145654   0.00321337  4.44773e-05
    0.168147   -0.0807195 -0.000243864
     0.85047    0.0543438  0.000510022
    0.351236      -0.2016   0.00441743
    0.389351     -0.18803   0.00143136
    0.327982     0.146498   0.00107648
    0.414649      0.19989   0.00148808
    0.573359   -0.0710165    0.0019062
    0.648495    0.0162021   0.00109713
    0.182935    -0.078604  0.000836684
    0.317914    0.0196198  0.000804082
    0.506423     0.150943   0.00127274
    0.240056   -0.0434124   0.00152229
    0.355441    -0.117196  0.000318571
    0.270529    -0.263968  4.12973e-05
    0.429087    -0.257102  0.000633636
    0.595762    -0.143045   0.00071665
    0.240406    -0.365205  0.000530003
   -0.525788    -0.327403    -0.219802
   -0.600509    -0.440224    -0.328321
    0.781743    -0.365847    -0.290998
   -0.932099     -0.23223    -0.342239
     1.05639    -0.119168    -0.302296
    0.975976   -0.0177839    -0.333481
    0.935212    -0.295085    -0.297626
   -0.853088    -0.305659    -0.355743
   -0.693646    -0.120214    -0.327312
    0.538773     0.672818    -0.224466
    0.334103     0.406848    -0.301196
    0.186291     0.407717    -0.209569
    0.429341     0.545934     -0.23158
    0.185604     0.608741    -0.434013
   0.0584875     0.652394    -0.373311
  -0.0378873    -0.184823    -0.263765
    0.199418     -0.35259    -0.300435
    0.151089     -0.48712    -0.357104
    0.376546      0.71695    -0.277458
   0.0322984     0.459339    -0.313787
    0.632561    -0.666461    -0.279757
    0.567908    -0.468318    -0.334538
    0.777451    -0.302072     -0.37299
    0.627992    -0.316029    -0.255663
    0.831895    -0.516032    -0.182882
   -0.459131      0.51463    -0.312611
   -0.708751      0.59187     0.418222
   -0.195183     0.607668     0.330749
   -0.434181    -0.729151     0.322285
   -0.613893     0.518966     0.404947
   -0.757756    -0.621929     0.235759
    0.181382     0.516209     0.345023
     0.97342     0.500172     0.387718
    0.906973     0.453201     0.315802
     0.85075     0.431926     0.376925
    0.786905     0.542645     0.185952
    0.491862     0.443195     0.272055
    0.445069     0.466702     0.365567
    0.223903      0.11703      0.31747
    -0.31503    -0.327066     0.395303
   -0.315375     -0.28156     0.330094
   -0.273237   -0.0857807     0.401769
    -0.66787    0.0113571     0.307115
    0.338638     0.150148     0.323148
   -0.561662     0.320694     0.376564
   -0.354687    -0.471144     0.362482
    -1.04243      0.44374     0.314634
   -0.723686      0.49072     0.263526
     -0.1436     0.414402     0.251495
   -0.149752    -0.459326     0.436216
   -0.892848     0.523631     0.443435
  -0.0803786     0.584513     0.345159
   -0.244203    -0.709297     0.362269
   -0.104144     0.343316     0.362511
    0.630004     0.628237     0.424173
   -0.877464    -0.693782     0.401782
    0.293091     0.602229     0.423511
     0.79209     0.165096     0.423755
   -0.759226   -0.0850597     0.430166
   -0.377716    -0.379571    -0.364675
   -0.507341    -0.381424    -0.393691
     -0.2203    -0.119947    -0.334759
    0.113358      0.13497    -0.374463
   -0.341609     0.531275    -0.376573
     1.04817    -0.660227      -0.3088
    0.254082     0.479988    -0.356036
   -0.479598    -0.029344    -0.411752
  -0.0784842    -0.447263     0.403142
    0.760436     0.251285    -0.272104
   -0.563753    -0.713857    -0.304424
   -0.818936    -0.227146     0.347961
    0.519751    -0.360037     0.161113
    -1.00866    -0.359441   0.00122182
     1.02213    -0.555285    0.0015742
      1.0377    -0.470805   0.00151605
     1.02291     -0.30207   0.00564974
   -0.709989   -0.0805858   0.00230588
   -0.643139    0.0420741   0.00109263
     1.00487   -0.0341163  0.000959058
   -0.987937    -0.151887   0.00141175
   -0.727228    0.0011793   0.00122372
    -0.70421    -0.321777  -0.00325092
   -0.821682   -0.0467146   0.00136566
   -0.977578    -0.257773    0.0036853
     1.02396    -0.221918  0.000716871
    0.109126    -0.531774     0.291593
    0.849552    -0.544384     0.297679
    0.105885    -0.331864     0.366461
    0.928748    -0.554962     0.154998
   -0.796468      0.44689   0.00264786
   -0.778586     0.724752 -0.000944098
   -0.796231     0.586363 -6.44807e-05
   -0.979284     0.532141   -0.0143073
     0.38807     0.555379   0.00218712
    0.489234     0.591161   0.00156986
    0.853986     0.561192   -0.0111011
    -0.96002     0.723155 -0.000379218
   -0.756495     -0.74504 -0.000489402
    0.994185      0.68083  -0.00052293
    0.777235     0.681591 -5.64959e-06
    0.948249     0.597838  0.000128348
   -0.988371     0.639847 -0.000333464
   -0.911743     0.526122  -0.00258018
   -0.485689     0.270612    -0.140749
  -0.0771144     0.127964   0.00209432
   -0.221234    0.0349773   0.00136586
   -0.345338     0.166333   0.00157792
   -0.229073      0.20675   0.00211556
   -0.195849      0.14901   0.00164716
   -0.339314    0.0747144   0.00123297
   -0.378705     0.235806 -9.59753e-06
    -0.28924    -0.277628  0.000795117
  -0.0599766   -0.0905451 -0.000500603
   -0.235069    -0.241086   0.00105604
   -0.394114    -0.648712 -0.000358648
   -0.458647    -0.283285   0.00141835
   -0.372903    -0.270763  0.000683763
   -0.384844     0.115477   0.00093087
   -0.302489     0.101106  0.000678349
   -0.279402     0.660209   0.00147111
  -0.0944249    -0.335343  0.000690098
  -0.0119913     0.750983   0.00319415
   -0.494396    -0.534179  0.000829598
   -0.319059    -0.663728  0.000814062
   -0.255216    -0.546281  0.000304247
   -0.442936    -0.445418  0.000651134
   -0.206166    -0.366419   0.00103755
   -0.207571     0.605097   0.00208102
    0.333524      0.51498    0.0099652
     0.25624     0.430066   0.00188499
   -0.363197     0.364511  0.000884637
   -0.227337    -0.706499  0.000773675
   0.0262399     0.587407   0.00273467
   -0.176309     0.513352   0.00131684
   -0.509248      0.47655  0.000400774
   0.0507906     0.340786    0.0020665
   -0.504173     0.495774  0.000457729
   -0.273103     0.382351  0.000368844
  -0.0694005     0.555056   0.00217937
  -0.0378519     0.613806   0.00306774
   -0.241471     0.437354     0.001088
  -0.0098088       0.4944   0.00245781
     0.16592     0.521701   0.00411517
    -0.29034    -0.744753   0.00124515
   -0.124279      0.59462   0.00188711
   -0.182201    -0.337524   0.00108491
   -0.233262     0.294083  0.000718932
   -0.281826     -0.32949 -0.000528207
    -0.24554     -0.68383   0.00114187
  -0.0591809    -0.584417   0.00174539
   -0.223763     0.316154   0.00738647
   -0.327052     0.284157  0.000180371
  -0.0095901     0.674503   0.00284383
   -0.124215     0.256587   0.00194108
   -0.478803    -0.466297  0.000617964
   -0.439129    -0.621742  0.000523507
  -0.0523984     0.218753   0.00152787
   -0.622926     0.451078 -7.17346e-05
   -0.587272     0.634161  -2.9364e-05
   -0.501001    -0.716174  0.000373787
   -0.340127     0.352933   0.00106227
   -0.751959     0.480802  -0.00486023
   -0.380289     0.510267  0.000642878
   -0.639066    -0.601901  0.000495194
   -0.571315     0.627382  0.000399651
    -0.41883     0.278519  0.000352958
   -0.546434     0.397474  0.000186243
   -0.667303    -0.746404 -0.000401414
   -0.382409      0.61052   0.00296688
   -0.418312     0.317497   0.00109651
   -0.321196      0.45797    0.0019718
   -0.705125     0.661128 -0.000143571
   -0.507812    -0.603572  -0.00012163
     0.91763     0.502571  0.000534974
     -1.0512    -0.562031  -0.00180396
   -0.642585    -0.645373  8.20905e-05
   -0.087265     0.311949   0.00146346
   -0.543575    -0.237037   0.00369779
   -0.549009   0.00384568   0.00132854
   -0.696228     0.146281  0.000832192
   -0.427366    -0.365532  -0.00122614
   -0.584605    -0.309262   -0.0146239
   -0.897307    -0.663195 -0.000937574
   -0.442137    -0.182982   0.00101938
   -0.751402     -0.24959   0.00218197
     1.00801     0.190982  0.000590947
   -0.975756     0.595476  0.000319481
   -0.717782    -0.669305 -0.000251681
   -0.569342    -0.164219  0.000920436
   -0.355822      0.35873 -0.000800776
    0.154606     0.400871   0.00197596
   -0.467342   -0.0862065   0.00233814
   -0.820209     -0.60442 -0.000616251
   -0.804856    -0.396247   0.00101928
   -0.525729    -0.617408  0.000531444
   -0.383456   -0.0154985   0.00126563
   -0.666598     0.571435  0.000115211
   -0.719678    -0.407467  -0.00132864
    -0.77355    0.0734824   0.00100185
   -0.793857     -0.30446   0.00164081
   -0.542484      0.33992  0.000200441
   -0.915358    -0.456758   0.00498439
   -0.486177     0.161746  0.000805598
   -0.290195    -0.144338   0.00134356
   -0.901576      0.23938  0.000706962
     1.00578     0.521012  9.75156e-05
   -0.721245     0.363421  0.000432418
     1.00477     0.626289     0.187179
   -0.400487    -0.355207     0.207022
    0.239872     0.462621     0.207504
   -0.257759    -0.455812     0.242878
   -0.064507    0.0843185     0.284014
   -0.145977     0.520679     0.219499
   -0.316155     0.510788    -0.294329
    -0.33098    -0.607526    -0.219015
    0.995253     0.470235    -0.139083
    0.657637     0.624245    -0.213798
   -0.142153     0.248356    -0.155003
   -0.777366    -0.237303    -0.144337
   -0.717761     0.302207    -0.223167
   -0.248246    -0.314565    -0.264433
   -0.185968     0.319401    -0.303998
   -0.830828    -0.140558    0.0046132
     1.03347     0.107764   0.00023945
    0.759862    -0.073793   0.00122306
    0.409296    -0.449394 -0.000599429
    0.437561    -0.559215 -0.000906706
    0.638147   -0.0990662   0.00126345
    0.192126    -0.168116 -0.000298785
     0.64895    -0.493622   -0.0041248
    0.493927    -0.181366  0.000732947
    0.644085    -0.331053  0.000346824
    0.719006    -0.412173  -0.00415475
     0.96598    -0.116696  0.000963778
    0.720666    -0.245775  0.000288009
    0.854224    -0.282468  0.000956026
    0.677224    -0.323118    0.0116231
    0.517194    -0.290125 -1.95653e-05
    0.723845   0.00237549     0.300342
    0.228854    -0.294214     0.188329
    0.721741    -0.207375    -0.256869
    0.265545    -0.427297    -0.271298
     1.03898    -0.476586    -0.151124
    0.955593   -0.0347266   0.00230355
    0.803835     0.186899   0.00064946
    0.970843    -0.670721  0.000868035
   -0.113564    0.0971402   0.00115585
     1.03946    0.0368332  0.000715892
    0.337436      0.45509    0.0017694
    0.538527    -0.440361  -0.00034021
    0.687309      0.70011   0.00313053
    0.677827     0.338113   0.00175231
    0.393281     0.667659   0.00164475
    -1.00972    -0.476711  0.000357898
    0.605411    -0.667367  -0.00156543
     1.05044    -0.639397  -0.00534119
    0.290836     0.227198   0.00163399
    0.128773     0.617672   0.00910765
    0.205842     0.457769   0.00268922
   -0.375449     0.157402 -4.96362e-05
     0.68387    -0.577617  -0.00146941
    0.830127    -0.681364  -0.00041655
    -1.02679    -0.433944    0.0011669
     0.39927     0.321815  0.000138255
    0.511806    -0.382197  0.000346527
    0.592593     0.578484     0.010113
    -1.05405     0.212029  0.000165312
    0.526024     0.397602   0.00160757
    0.284329     0.699259   0.00167334
    0.658278    -0.367297  -0.00316882
    0.193133     0.700455     0.171089
    0.363024     0.335847    -0.191447
   -0.353457    -0.025954    -0.165592
    0.660116     0.239763  0.000837943
    0.968628     0.134768 -0.000396451
   -0.813786     0.503974  -0.00190097
    0.805576     0.468854   -0.0296348
   0.0614092     0.151182   0.00122543
    0.202309     0.268383    0.0019012
    0.366379      0.53684   0.00132158
    -0.14107     -0.27509  0.000549674
    0.449147     0.581289    0.0015258
    -0.14836      0.16319 -0.000398712
    0.746582     0.254983  0.000710185
     0.13824      0.70458   0.00221905
   -0.105487   -0.0446309   0.00122246
 -0.00140142      0.13078   0.00125693
     -0.1477    -0.166784  -0.00107109
    0.296477    -0.273779   0.00212449
     0.21688    0.0755153  0.000744736
     0.57869     0.283635   0.00134237
    0.331721     0.412743   0.00582607
  0.00786145     0.100594  2.72383e-07
   0.0649839    -0.226152  0.000403082
  0.00551619     -0.70065   0.00163948
    0.304186    -0.657863   0.00132282
    0.489196    -0.714413  0.000365216
    0.118008    -0.550337  0.000725124
    0.120345     0.679699   0.00219072
 -0.00478096    -0.440395   0.00138991
      0.2789   -0.0678895  0.000500648
   0.0804174    -0.675947   0.00290566
    0.301561    -0.190718  0.000761152
   0.0105772    -0.115248  -0.00344857
   0.0916785    -0.618419   0.00120931
    0.232544     0.673332   0.00324392
  -0.0384023     -0.39484  -0.00165415
   -0.315969    -0.708134   0.00092182
    0.206994    -0.473864  0.000456902
    0.602291      0.69654  0.000510526
     0.14047     0.442005   0.00147387
 -0.00325102    -0.265511 -0.000884444
    0.895685     0.287934  0.000695928
   -0.117228    -0.418745   0.00118127
   -0.144534    -0.680913   0.00167058
   0.0164288    -0.104356   0.00121638
     0.13641     0.183352  0.000702818
      1.0574     -0.65526     0.221078
     -1.0574     -0.65526     0.221078
      1.0574    -0.661606     0.216882
     -1.0574    -0.661606     0.216882
   -0.147617     0.751079     0.175349
   -0.147617    -0.751079     0.175349
   -0.331862     0.751079      0.24747
   -0.331862    -0.751079      0.24747
      1.0574    -0.736694     0.206683
     -1.0574    -0.736694     0.206683
    0.969809     0.751079      0.20798
    0.969809    -0.751079      0.20798
    -1.02631     0.751079     0.249484
    -1.02631    -0.751079     0.249484
      1.0574     0.745389     0.251243
     -1.0574     0.745389     0.251243
   -0.786149    -0.541984      0.50986
   -0.786149    -0.541984     -0.50986
     1.03007    -0.550988      0.50986
     1.03007    -0.550988     -0.50986
    -0.50508    -0.313542      0.50986
    -0.50508    -0.313542     -0.50986
     1.05692    -0.133817      0.50986
     1.05692    -0.133817     -0.50986
      1.0574    -0.737141     0.410335
     -1.0574    -0.737141     0.410335
      1.0574     0.723276     0.378617
     -1.0574     0.723276     0.378617
  -0.0576364     0.751079     0.395123
  -0.0576364    -0.751079     0.395123
  -0.0584597     0.751079     0.395372
  -0.0584597    -0.751079     0.395372
      1.0574     0.636194     0.399211
     -1.0574     0.636194     0.399211
      1.0574     0.581904     0.390511
     -1.0574     0.581904     0.390511
      0.5545    -0.628883     0.439007
      0.5545     0.873275     0.439007
   -0.636984    -0.633444      0.50986
   -0.636984    -0.633444     -0.50986
   -0.904812    -0.625337      0.50986
   -0.904812    -0.625337     -0.50986
   -0.402867    -0.480828      0.50986
   -0.402867    -0.480828     -0.50986
   -0.603384    -0.697066      0.50986
   -0.603384    -0.697066     -0.50986
   -0.673974    -0.751079   -0.0140593
   -0.673974     0.751079   -0.0140593
  -0.0909771    -0.628883      0.49282
  -0.0909771     0.873275      0.49282
  -0.0108532    -0.607194      0.50986
  -0.0108532    -0.607194     -0.50986
   -0.763238     0.673662      0.50986
   -0.763238     0.673662     -0.50986
   0.0905027    -0.708961      0.50986
   0.0905027    -0.708961     -0.50986
   0.0542187    -0.632775      0.50986
   0.0542187    -0.632775     -0.50986
     -1.0574     0.734882     0.434902
      1.0574     0.734882     0.434902
     -1.0574    -0.631719     0.445063
      1.0574    -0.631719     0.445063
    0.231582     0.751079     0.449045
    0.231582    -0.751079     0.449045
     -1.0574      0.56716     0.446629
      1.0574      0.56716     0.446629
     -1.0574     0.525368     0.501776
      1.0574     0.525368     0.501776
    -0.92199     0.482796      0.50986
    -0.92199     0.482796     -0.50986
    0.586698     0.751079     0.474223
    0.586698    -0.751079     0.474223
     -1.0574     0.704679     0.503037
      1.0574     0.704679     0.503037
   -0.945949     0.693692      0.50986
   -0.945949     0.693692     -0.50986
    0.796351     0.666738      0.50986
    0.796351     0.666738     -0.50986
     -1.0574      0.61183    -0.483432
      1.0574      0.61183    -0.483432
    0.356889     0.703446      0.50986
    0.356889     0.703446     -0.50986
    0.442171     0.435045      0.50986
    0.442171     0.435045     -0.50986
    0.667669      -0.7202      0.50986
    0.667669      -0.7202     -0.50986
    0.324098     0.751079     0.469546
    0.324098    -0.751079     0.469546
    0.550406     0.668681      0.50986
    0.550406     0.668681     -0.50986
    0.934562     0.308612      0.50986
    0.934562     0.308612     -0.50986
    0.907989     0.751079     0.410477
    0.907989    -0.751079     0.410477
    0.857436     0.751079     0.408558
    0.857436    -0.751079     0.408558
   -0.778702    -0.710739      0.50986
   -0.778702    -0.710739     -0.50986
    0.700099      0.65697      0.50986
    0.700099      0.65697     -0.50986
     1.04497    -0.725818      0.50986
     1.04497    -0.725818     -0.50986
   -0.992824     0.150385      0.50986
   -0.992824     0.150385     -0.50986
     -1.0574     0.658912     0.339439
      1.0574     0.658912     0.339439
     -1.0574     0.333203     0.315864
      1.0574     0.333203     0.315864
     -1.0574      0.73559     0.279455
      1.0574      0.73559     0.279455
     -1.0574     0.672335     0.321166
      1.0574     0.672335     0.321166
    0.111201     0.582056     0.345517
    0.111201    -0.920102     0.345517
     -1.0574     0.473317     0.355713
      1.0574     0.473317     0.355713
   -0.807396    -0.592641     0.421261
   -0.807396     0.909517     0.421261
     1.01282    -0.592641     0.426116
     1.01282     0.909517     0.426116
    -0.39583    -0.404198      0.50986
    -0.39583    -0.404198     -0.50986
   0.0498243    -0.592641      0.49298
   0.0498243     0.909517      0.49298
   0.0943089    -0.576312      0.50986
   0.0943089    -0.576312     -0.50986
    0.240789    -0.707491      0.50986
    0.240789    -0.707491     -0.50986
    0.232286    -0.603406      0.50986
    0.232286    -0.603406     -0.50986
   0.0124934     0.751079     0.165721
   0.0124934    -0.751079     0.165721
    0.192543     0.751079     0.246466
    0.192543    -0.751079     0.246466
   -0.228552     0.751079     0.239205
   -0.228552    -0.751079     0.239205
    -0.10629     0.751079     0.246207
    -0.10629    -0.751079     0.246207
     2.29278    -0.148849    -0.396504
     2.29278     -1.65101    -0.396504
    0.801191     0.751079     0.238209
    0.801191    -0.751079     0.238209
   -0.463032     0.751079     0.223298
   -0.463032    -0.751079     0.223298
     1.51602     0.751079     0.151579
     1.51602    -0.751079     0.151579
   -0.636498    -0.597999     0.203373
      1.4783    -0.597999     0.203373
      1.0574     0.547883     0.384207
     -1.0574     0.547883     0.384207
   -0.454535     0.508648      0.50986
   -0.454535     0.508648     -0.50986
     -1.0574    -0.740747     0.252013
      1.0574    -0.740747     0.252013
     0.57599     0.723198     0.267139
     0.57599     -0.77896     0.267139
    0.561318     0.723198     0.273536
    0.561318     -0.77896     0.273536
    0.620727     0.723198     0.270439
    0.620727     -0.77896     0.270439
      1.0574   0.00904473     0.308168
     -1.0574   0.00904473     0.308168
      1.0574    -0.097429     0.315921
     -1.0574    -0.097429     0.315921
      1.0574   -0.0396617     0.335844
     -1.0574   -0.0396617     0.335844
   -0.440313     -0.40819      0.50986
   -0.440313     -0.40819     -0.50986
    0.240062     0.751079     0.325017
    0.240062    -0.751079     0.325017
   -0.310284     0.751079     0.355372
   -0.310284    -0.751079     0.355372
   -0.807515     -0.68968      0.50986
   -0.807515     -0.68968     -0.50986
    0.647991    -0.586535      0.50986
    0.647991    -0.586535     -0.50986
    0.164991    -0.541513      0.50986
    0.164991    -0.541513     -0.50986
   -0.388482    -0.751079      0.17012
   -0.388482     0.751079      0.17012
      1.0574    -0.633065     0.212461
     -1.0574    -0.633065     0.212461
      1.0574     0.623892     0.182855
     -1.0574     0.623892     0.182855
    0.373232    -0.751079     0.321834
    0.373232     0.751079     0.321834
    0.538723    -0.751079     0.315567
    0.538723     0.751079     0.315567
   0.0243318    -0.751079     0.303519
   0.0243318     0.751079     0.303519
    0.360648    -0.751079     0.318995
    0.360648     0.751079     0.318995
   -0.359256     0.751079     0.227517
   -0.359256    -0.751079     0.227517
    0.637169    -0.751079      0.39633
    0.637169     0.751079      0.39633
   -0.420068    -0.751079     0.355005
   -0.420068     0.751079     0.355005
    0.558293    -0.751079     0.397894
    0.558293     0.751079     0.397894
    0.947012    -0.656001      0.50986
    0.947012    -0.656001     -0.50986
   -0.741743     0.717435      0.50986
   -0.741743     0.717435     -0.50986
   -0.768743    -0.751079    -0.493029
   -0.768743     0.751079    -0.493029
  0.00504945    -0.751079      0.47533
  0.00504945     0.751079      0.47533
    0.175061    -0.648582      0.50986
    0.175061    -0.648582     -0.50986
     1.01922     0.432513      0.50986
     1.01922     0.432513     -0.50986
    0.278398     0.274721      0.50986
    0.278398     0.274721     -0.50986
   -0.769053     0.734885      0.50986
   -0.769053     0.734885     -0.50986
    0.638436    -0.589574      0.50986
    0.638436    -0.589574     -0.50986
   0.0339287     0.624763      0.50986
   0.0339287     0.624763     -0.50986
    0.891607    0.0134554      0.50986
    0.891607    0.0134554     -0.50986
      1.0574    -0.640753     0.316477
     -1.0574    -0.640753     0.316477
     2.82416     0.617736    -0.485585
     2.82416      2.11989    -0.485585
   -0.486232    -0.751079     0.326063
   -0.486232     0.751079     0.326063
      1.0574     0.636784     0.286026
     -1.0574     0.636784     0.286026
      1.0574     0.607764      0.32816
     -1.0574     0.607764      0.32816
    0.106181     0.617736     0.240168
    0.106181      2.11989     0.240168
   -0.512435    -0.488344      0.50986
   -0.512435    -0.488344     -0.50986
   -0.997692    -0.725155      0.50986
   -0.997692    -0.725155     -0.50986
     -1.0574    0.0769288     0.334103
      1.0574    0.0769288     0.334103
     -1.0574    -0.122755     0.374275
      1.0574    -0.122755     0.374275
     -1.0574    -0.383963     0.428198
      1.0574    -0.383963     0.428198
   -0.306739    -0.431545      0.50986
   -0.306739    -0.431545     -0.50986
    -0.92762    -0.542121      0.50986
    -0.92762    -0.542121     -0.50986
    0.306053    -0.430359      0.50986
    0.306053    -0.430359     -0.50986
    0.987097    -0.595759      0.50986
    0.987097    -0.595759     -0.50986
      1.0574    -0.646468     0.429717
     -1.0574    -0.646468     0.429717
    0.730653     0.751079     0.426365
    0.730653    -0.751079     0.426365
    -1.56834    -0.365813     0.304136
    -1.56834     -1.86797     0.304136
   -0.757081    -0.560297      0.50986
   -0.757081    -0.560297     -0.50986
    0.290171    -0.581514      0.50986
    0.290171    -0.581514     -0.50986
    -0.26166     -0.73971      0.50986
    -0.26166     -0.73971     -0.50986
   -0.228995     0.751079     -0.50501
   -0.228995    -0.751079     -0.50501
   -0.868052    -0.625591      0.50986
   -0.868052    -0.625591     -0.50986
    -1.02801     0.751079    -0.365352
    -1.02801    -0.751079    -0.365352
    0.974004     -0.69371      0.50986
    0.974004     -0.69371     -0.50986
   -0.639647     0.735463      0.50986
   -0.639647     0.735463     -0.50986
    0.763518    -0.671623      0.50986
    0.763518    -0.671623     -0.50986
     1.04982    -0.508557      0.50986
     1.04982    -0.508557     -0.50986
   -0.779593    -0.725462      0.50986
   -0.779593    -0.725462     -0.50986
   -0.779153     0.751079       -0.498
   -0.779153    -0.751079       -0.498
    0.604141    -0.646942      0.50986
    0.604141    -0.646942     -0.50986
   -0.252739     0.751079    -0.418872
   -0.252739    -0.751079    -0.418872
   -0.415421    -0.618324     0.290008
   -0.415421     0.883834     0.290008
   0.0804408    -0.751079      0.21725
   0.0804408     0.751079      0.21725
    0.595503    -0.751079      0.31244
    0.595503     0.751079      0.31244
  -0.0451764    -0.751079     0.230785
  -0.0451764     0.751079     0.230785
    0.599895    -0.751079     0.417425
    0.599895     0.751079     0.417425
    0.701175     0.664172      0.50986
    0.701175     0.664172     -0.50986
     -1.0574     0.700878     0.473532
      1.0574     0.700878     0.473532
   -0.603064    -0.664177      0.50986
   -0.603064    -0.664177     -0.50986
     1.03869    -0.710242      0.50986
     1.03869    -0.710242     -0.50986
     -1.0574     0.474588     0.467735
      1.0574     0.474588     0.467735
   -0.477931     0.485187      0.50986
   -0.477931     0.485187     -0.50986
    0.986739      0.64583      0.50986
    0.986739      0.64583     -0.50986
     -1.0574     0.663877    -0.500134
      1.0574     0.663877    -0.500134
    0.719112     0.445137      0.50986
    0.719112     0.445137     -0.50986
    0.302444    -0.694278      0.50986
    0.302444    -0.694278     -0.50986
    0.188918     0.321465      0.50986
    0.188918     0.321465     -0.50986
    0.536745     0.715257      0.50986
    0.536745     0.715257     -0.50986
    0.849875     0.751079     0.407464
    0.849875    -0.751079     0.407464
     1.00001    -0.587382      0.50986
     1.00001    -0.587382     -0.50986
    0.563969    -0.475074    -0.145367
    0.563969     -1.97723    -0.145367
   -0.857155    -0.666512      0.50986
   -0.857155    -0.666512     -0.50986
    0.745655     0.751079     0.484162
    0.745655    -0.751079     0.484162
    0.803438     0.689608      0.50986
    0.803438     0.689608     -0.50986
     -1.0574     0.452794     0.388034
      1.0574     0.452794     0.388034
    0.279983     0.277978      0.50986
    0.279983     0.277978     -0.50986
   -0.705221     0.714733      0.50986
   -0.705221     0.714733     -0.50986
   -0.977924    0.0300653      0.50986
   -0.977924    0.0300653     -0.50986
   -0.551083     0.480628      0.50986
   -0.551083     0.480628     -0.50986
   -0.468963    -0.751079     0.474435
   -0.468963     0.751079     0.474435
    -0.38127    -0.464724      0.50986
    -0.38127    -0.464724     -0.50986
   -0.415477    -0.288922      0.50986
   -0.415477    -0.288922     -0.50986
    0.240819    0.0339551      0.50986
    0.240819    0.0339551     -0.50986
   -0.985858    -0.633369      0.50986
   -0.985858    -0.633369     -0.50986
    0.319699    -0.664476      0.50986
    0.319699    -0.664476     -0.50986
    0.388381    -0.516898      0.50986
    0.388381    -0.516898     -0.50986
   -0.640232     0.751079     0.335398
   -0.640232    -0.751079     0.335398
    0.321375     0.513173      0.50986
    0.321375     0.513173     -0.50986
    0.366742    -0.589779      0.50986
    0.366742    -0.589779     -0.50986
    0.232469    -0.555725      0.50986
    0.232469    -0.555725     -0.50986
    0.560465    -0.691368      0.50986
    0.560465    -0.691368     -0.50986
    0.402686    -0.666448      0.50986
    0.402686    -0.666448     -0.50986
    0.136103     0.751079    -0.414102
    0.136103    -0.751079    -0.414102
      1.0574     0.106587     0.433782
     -1.0574     0.106587     0.433782
   -0.463771    -0.139786      0.50986
   -0.463771    -0.139786     -0.50986
    0.550291      0.22281      0.50986
    0.550291      0.22281     -0.50986
    -0.18639     0.120901      0.50986
    -0.18639     0.120901     -0.50986
   -0.996498     0.396293      0.50986
   -0.996498     0.396293     -0.50986
    -0.47449     0.295812      0.50986
    -0.47449     0.295812     -0.50986
    0.858111     0.489262      0.50986
    0.858111     0.489262     -0.50986
    0.186244     0.199319      0.50986
    0.186244     0.199319     -0.50986
   -0.131162    -0.751079     0.263379
   -0.131162     0.751079     0.263379
    0.995822    -0.613843      0.50986
    0.995822    -0.613843     -0.50986
   -0.770567    -0.402285      0.50986
   -0.770567    -0.402285     -0.50986
   -0.491278    -0.157044      0.50986
   -0.491278    -0.157044     -0.50986
    0.166482    0.0855819      0.50986
    0.166482    0.0855819     -0.50986
     -1.0546   -0.0630709      0.50986
     -1.0546   -0.0630709     -0.50986
    0.276546    -0.227698      0.50986
    0.276546    -0.227698     -0.50986
     -1.0574    -0.239617     0.485399
      1.0574    -0.239617     0.485399
   -0.770556    -0.298138      0.50986
   -0.770556    -0.298138     -0.50986
    0.947173    -0.387777      0.50986
    0.947173    -0.387777     -0.50986
     -1.0574    -0.102463     0.479624
      1.0574    -0.102463     0.479624
    -0.65288    -0.083787      0.50986
    -0.65288    -0.083787     -0.50986
    0.592009    -0.150173      0.50986
    0.592009    -0.150173     -0.50986
     1.05096   -0.0733089      0.50986
     1.05096   -0.0733089     -0.50986
    0.374907    -0.287002      0.50986
    0.374907    -0.287002     -0.50986
   -0.672627     0.751079    -0.295379
   -0.672627    -0.751079    -0.295379
   -0.704004     0.751079    -0.300469
   -0.704004    -0.751079    -0.300469
   -0.342511     0.632545    -0.202971
     1.77228     0.632545    -0.202971
    0.643122    -0.751079    -0.146824
    0.643122     0.751079    -0.146824
     1.00841     0.428037    -0.175529
     1.00841       1.9302    -0.175529
   -0.220258    -0.751079    -0.267519
   -0.220258     0.751079    -0.267519
   0.0431048     0.428037    -0.226758
   0.0431048       1.9302    -0.226758
     1.03934    -0.751079    -0.328831
     1.03934     0.751079    -0.328831
 -0.00189238    -0.751079     -0.23674
 -0.00189238     0.751079     -0.23674
       8.049    -0.751079    -0.177211
       8.049     0.751079    -0.177211
   -0.342511     0.653388    -0.208083
     1.77228     0.653388    -0.208083
     -1.0574    -0.382258    -0.338059
      1.0574    -0.382258    -0.338059
     -1.0574    -0.239967    -0.346939
      1.0574    -0.239967    -0.346939
     -1.0574    -0.296112    -0.340403
      1.0574    -0.296112    -0.340403
     -1.0574    -0.697658    -0.333308
      1.0574    -0.697658    -0.333308
     -1.0574    -0.667384    -0.321102
      1.0574    -0.667384    -0.321102
      1.0574     -0.42462    -0.374433
     -1.0574     -0.42462    -0.374433
      1.0574    -0.455444    -0.376613
     -1.0574    -0.455444    -0.376613
     1.97936    -0.389273     -0.39439
     1.97936      1.11289     -0.39439
    0.212298     0.702913    -0.151093
    0.212298      2.20507    -0.151093
   -0.414803    -0.751079    -0.188934
   -0.414803     0.751079    -0.188934
      1.0574     0.487032    -0.142669
     -1.0574     0.487032    -0.142669
      1.0574     0.222446    -0.143482
     -1.0574     0.222446    -0.143482
   0.0259076     0.661655    -0.168629
   0.0259076    -0.840503    -0.168629
      1.0574     0.581837    -0.170543
     -1.0574     0.581837    -0.170543
      1.0574    -0.744161    -0.234823
     -1.0574    -0.744161    -0.234823
   -0.279138     0.661655    -0.160331
   -0.279138    -0.840503    -0.160331
      1.0574     0.532344    -0.213851
     -1.0574     0.532344    -0.213851
    0.062824     0.751079    -0.146491
    0.062824    -0.751079    -0.146491
   -0.216196     0.751079    -0.246736
   -0.216196    -0.751079    -0.246736
   -0.755936     0.751079    -0.237528
   -0.755936    -0.751079    -0.237528
    0.649917      0.21669     -0.50986
    0.649917      0.21669      0.50986
    -0.17678     0.751079    -0.202551
    -0.17678    -0.751079    -0.202551
   -0.264818     0.751079    -0.284853
   -0.264818    -0.751079    -0.284853
   -0.833167     0.751079    -0.248388
   -0.833167    -0.751079    -0.248388
      1.0574    -0.325697    -0.237352
     -1.0574    -0.325697    -0.237352
     -1.0574    -0.380465    -0.176521
      1.0574    -0.380465    -0.176521
     -1.0574   -0.0875999    -0.179583
      1.0574   -0.0875999    -0.179583
     -1.0574    -0.314534    -0.173021
      1.0574    -0.314534    -0.173021
     -1.0574    -0.443214    -0.148317
      1.0574    -0.443214    -0.148317
   -0.265516    -0.715699     -0.50986
   -0.265516    -0.715699      0.50986
   -0.451604    -0.632809     -0.50986
   -0.451604    -0.632809      0.50986
   -0.806816     0.751079    -0.377627
   -0.806816    -0.751079    -0.377627
      1.0574    -0.449493    -0.319271
     -1.0574    -0.449493    -0.319271
   -0.116089     0.751079    -0.345403
   -0.116089    -0.751079    -0.345403
    0.275946     0.751079     -0.38218
    0.275946    -0.751079     -0.38218
      1.0574     0.207542    -0.302843
     -1.0574     0.207542    -0.302843
      1.0574    -0.104401    -0.337901
     -1.0574    -0.104401    -0.337901
      1.0574   -0.0396013    -0.380266
     -1.0574   -0.0396013    -0.380266
     0.72814    -0.532658    -0.278797
     0.72814       0.9695    -0.278797
    0.665472     0.269707    -0.268894
    0.665472      1.77186    -0.268894
      1.0574     0.481706    -0.284755
     -1.0574     0.481706    -0.284755
    -5.39492     0.269707   -0.0620617
    -5.39492      1.77186   -0.0620617
      1.0574     0.711995    -0.316914
     -1.0574     0.711995    -0.316914
    0.832652    -0.751079    -0.317307
    0.832652     0.751079    -0.317307
      1.0574     0.459132    -0.312962
     -1.0574     0.459132    -0.312962
      1.0574       0.7405    -0.328928
     -1.0574       0.7405    -0.328928
    -1.01121    -0.655897    -0.334379
    -1.01121     0.846261    -0.334379
     -1.0574    -0.499079    -0.222595
      1.0574    -0.499079    -0.222595
   -0.647157     0.751079    -0.360831
   -0.647157    -0.751079    -0.360831
    0.424843     0.751079    -0.368418
    0.424843    -0.751079    -0.368418
      1.0574     0.144128    -0.280295
     -1.0574     0.144128    -0.280295
      1.0574    -0.179837    -0.317382
     -1.0574    -0.179837    -0.317382
     -1.0574      0.42922    -0.238525
      1.0574      0.42922    -0.238525
     2.01311     0.156847    0.0995775
     2.01311     -1.34531    0.0995775
   -0.990911     0.751079    -0.318413
   -0.990911    -0.751079    -0.318413
     -1.0574     0.456611    -0.302454
      1.0574     0.456611    -0.302454
   -0.887175     0.751079     -0.28383
   -0.887175    -0.751079     -0.28383
   0.0827019     0.751079    -0.341542
   0.0827019    -0.751079    -0.341542
     -1.0574    -0.531335    -0.322936
      1.0574    -0.531335    -0.322936
   -0.203356     0.751079     0.137565
   -0.203356    -0.751079     0.137565
      1.0574    -0.612901     0.140053
     -1.0574    -0.612901     0.140053
      1.0574    -0.681963      0.13371
     -1.0574    -0.681963      0.13371
   0.0747184     0.751079     0.127524
   0.0747184    -0.751079     0.127524
     -1.0574     0.709233     0.240807
      1.0574     0.709233     0.240807
     -1.0574    -0.735284   -0.0447625
      1.0574    -0.735284   -0.0447625
    0.229718     0.751079     0.112463
    0.229718    -0.751079     0.112463
    0.420116     0.751079      0.11469
    0.420116    -0.751079      0.11469
     -1.0574      0.74705     0.229004
      1.0574      0.74705     0.229004
     -1.0574    -0.735284   -0.0447625
      1.0574    -0.735284   -0.0447625
      1.0574    -0.057979     0.247584
     -1.0574    -0.057979     0.247584
   -0.511679    -0.751079   -0.0817425
   -0.511679     0.751079   -0.0817425
   -0.932086    -0.751079   -0.0775086
   -0.932086     0.751079   -0.0775086
      1.0574      0.72174     0.120589
     -1.0574      0.72174     0.120589
      1.0574     0.706662     0.123317
     -1.0574     0.706662     0.123317
     -1.0574     0.703994   -0.0389609
      1.0574     0.703994   -0.0389609
     -1.0574     -0.73891   -0.0330999
      1.0574     -0.73891   -0.0330999
    0.148285    -0.751079     0.149005
    0.148285     0.751079     0.149005
     -1.0574    -0.630861   -0.0342124
      1.0574    -0.630861   -0.0342124
    0.683433    -0.751079     0.137552
    0.683433     0.751079     0.137552
     -1.0574     0.590427   -0.0322921
      1.0574     0.590427   -0.0322921
   -0.682766     0.751079   -0.0898287
   -0.682766    -0.751079   -0.0898287
      1.0252    -0.599043   -0.0647798
      1.0252     0.903115   -0.0647798
      1.0574     -0.34409   -0.0459041
     -1.0574     -0.34409   -0.0459041
     0.14971     0.751079  -0.00053302
     0.14971    -0.751079  -0.00053302
    0.370692     0.751079  -0.00035707
    0.370692    -0.751079  -0.00035707
     -1.0574    -0.745503 -0.000364415
      1.0574    -0.745503 -0.000364415
    -1.02924     0.751079  -0.00036508
    -1.02924    -0.751079  -0.00036508
    0.311233     0.751079 -0.000452111
    0.311233    -0.751079 -0.000452111
     -1.0574    -0.596046   0.00397777
      1.0574    -0.596046   0.00397777
     -1.0574    -0.490991  3.07668e-06
      1.0574    -0.490991  3.07668e-06
     -1.0574    -0.564378 -0.000221642
      1.0574    -0.564378 -0.000221642
     -1.0574    -0.748435 -6.04352e-05
      1.0574    -0.748435 -6.04352e-05
     -1.0574     0.715754  0.000566069
      1.0574     0.715754  0.000566069
    0.544973     -0.26295   0.00378662
    0.544973      1.23921   0.00378662
      1.0574      -0.2257   0.00128878
     -1.0574      -0.2257   0.00128878
      1.0574   -0.0475317  0.000772261
     -1.0574   -0.0475317  0.000772261
      1.0574    -0.407811  0.000856987
     -1.0574    -0.407811  0.000856987
      1.0574    -0.353308   0.00121781
     -1.0574    -0.353308   0.00121781
      1.0574    -0.472851  2.23546e-05
     -1.0574    -0.472851  2.23546e-05
      1.0574    -0.389782   0.00102206
     -1.0574    -0.389782   0.00102206
      1.0574    -0.108308  0.000599194
     -1.0574    -0.108308  0.000599194
      1.0574     -0.35337   0.00149458
     -1.0574     -0.35337   0.00149458
   -0.204854    -0.751079    0.0019358
   -0.204854     0.751079    0.0019358
   -0.802852    -0.751079   0.00209077
   -0.802852     0.751079   0.00209077
    0.633646    -0.751079  0.000664249
    0.633646     0.751079  0.000664249
   -0.441611    -0.751079    0.0016745
   -0.441611     0.751079    0.0016745
   -0.594327    -0.751079   0.00136424
   -0.594327     0.751079   0.00136424
   -0.724924    -0.751079   0.00187699
   -0.724924     0.751079   0.00187699
   -0.116508     0.751079    0.0026027
   -0.116508    -0.751079    0.0026027
   -0.033319     0.751079   0.00277042
   -0.033319    -0.751079   0.00277042
   -0.372759     0.751079   0.00260313
   -0.372759    -0.751079   0.00260313
     -0.2027     0.751079   0.00275477
     -0.2027    -0.751079   0.00275477
     -1.0574     0.707171  -0.00101321
      1.0574     0.707171  -0.00101321
    0.686693    -0.751079  -0.00161304
    0.686693     0.751079  -0.00161304
     -1.0574    -0.707627  -0.00150742
      1.0574    -0.707627  -0.00150742
     -1.0574    -0.722919  -0.00116684
      1.0574    -0.722919  -0.00116684
    0.412023    -0.751079  -0.00103125
    0.412023     0.751079  -0.00103125
     -1.0574    -0.635497  -2.8659e-05
      1.0574    -0.635497  -2.8659e-05
     -1.0574     0.492057 -0.000751643
      1.0574     0.492057 -0.000751643
     -1.0574    -0.729828  -0.00266673
      1.0574    -0.729828  -0.00266673
     -1.0574     0.616596  -0.00270974
      1.0574     0.616596  -0.00270974
     -1.0574     0.661595 -0.000986534
      1.0574     0.661595 -0.000986534
     -1.0574     0.578265  -0.00141289
      1.0574     0.578265  -0.00141289
    0.519745    -0.751079  -0.00152257
    0.519745     0.751079  -0.00152257
     -1.0574    -0.671306  -0.00125122
      1.0574    -0.671306  -0.00125122
     -1.0574    -0.682833  -0.00236091
      1.0574    -0.682833  -0.00236091
    0.971196     0.751079  7.69271e-05
    0.971196    -0.751079  7.69271e-05
    0.694581     0.751079  -0.00014261
    0.694581    -0.751079  -0.00014261
   -0.819925     0.751079  0.000188978
   -0.819925    -0.751079  0.000188978
   -0.812704     0.751079  0.000312115
   -0.812704    -0.751079  0.000312115
    0.891663    -0.348018   -0.0239863
    0.891663     -1.85018   -0.0239863
     -1.0574    -0.542075 -6.63678e-05
      1.0574    -0.542075 -6.63678e-05
    0.456367     0.751079 -0.000313592
    0.456367    -0.751079 -0.000313592
     -1.0574    -0.589494  -0.00038737
      1.0574    -0.589494  -0.00038737
   -0.310803     0.751079  -0.00183324
   -0.310803    -0.751079  -0.00183324
   -0.969207     0.751079 -0.000138049
   -0.969207    -0.751079 -0.000138049
    -1.98535     0.751079   0.00317277
    -1.98535    -0.751079   0.00317277
    0.970551     0.751079  0.000177085
    0.970551    -0.751079  0.000177085
   -0.925367     0.751079  0.000228126
   -0.925367    -0.751079  0.000228126
   -0.568548     0.751079   0.00509136
   -0.568548    -0.751079   0.00509136
      1.0574    -0.114857   0.00154164
     -1.0574    -0.114857   0.00154164
      1.0574    -0.206188   0.00148682
     -1.0574    -0.206188   0.00148682
      1.0574    -0.237792   0.00123806
     -1.0574    -0.237792   0.00123806
      1.0574   -0.0342937   0.00119419
     -1.0574   -0.0342937   0.00119419
      1.0574    0.0204319   0.00114748
     -1.0574    0.0204319   0.00114748
    0.608156     0.751079   0.00138178
    0.608156    -0.751079   0.00138178
    0.698499     0.751079   0.00126528
    0.698499    -0.751079   0.00126528
     0.82843     0.751079   0.00125058
     0.82843    -0.751079   0.00125058
    0.580754     0.751079    0.0013292
    0.580754    -0.751079    0.0013292
     -1.0574     0.695965   0.00226877
      1.0574     0.695965   0.00226877
     -1.0574     0.570674   0.00232737
      1.0574     0.570674   0.00232737
    0.536091      0.59152   0.00212012
    0.536091    -0.910638   0.00212012
     -1.0574     0.598653   0.00228899
      1.0574     0.598653   0.00228899
     -1.0574     0.526419  0.000173534
      1.0574     0.526419  0.000173534
   -0.629519    -0.751079  0.000446291
   -0.629519     0.751079  0.000446291
    0.596821    -0.751079 -0.000195294
    0.596821     0.751079 -0.000195294
    0.468893    -0.751079  2.00613e-05
    0.468893     0.751079  2.00613e-05
   -0.502444    -0.751079  0.000952533
   -0.502444     0.751079  0.000952533
    0.667544    -0.751079  9.62002e-06
    0.667544     0.751079  9.62002e-06
   -0.743491     0.397625   0.00087381
   -0.743491     -1.10453   0.00087381
      1.0574     0.658009  -0.00292218
     -1.0574     0.658009  -0.00292218
    0.949545    -0.751079   0.00145612
    0.949545     0.751079   0.00145612
    0.351696    -0.751079   0.00167367
    0.351696     0.751079   0.00167367
    -1.03006    -0.751079   0.00107579
    -1.03006     0.751079   0.00107579
    0.608984    -0.751079   0.00147961
    0.608984     0.751079   0.00147961
     -1.0574   -0.0859489    0.0021323
      1.0574   -0.0859489    0.0021323
   -0.663922     0.751079   0.00140902
   -0.663922    -0.751079   0.00140902
    0.803153     0.751079   0.00150813
    0.803153    -0.751079   0.00150813
    0.992691     0.751079   0.00116198
    0.992691    -0.751079   0.00116198
    0.602935     0.751079   0.00185773
    0.602935    -0.751079   0.00185773
    0.729446     0.751079   0.00171292
    0.729446    -0.751079   0.00171292
    -0.35924     0.751079   0.00168213
    -0.35924    -0.751079   0.00168213
   -0.385506     0.751079   0.00174902
   -0.385506    -0.751079   0.00174902
   -0.475218     0.751079   0.00165228
   -0.475218    -0.751079   0.00165228
   -0.049697     0.751079   0.00217089
   -0.049697    -0.751079   0.00217089
    0.382823    -0.751079  0.000124676
    0.382823     0.751079  0.000124676
    0.923555    -0.751079  0.000392424
    0.923555     0.751079  0.000392424
    0.797983    -0.751079  0.000134218
    0.797983     0.751079  0.000134218
   -0.825879    -0.751079   0.00156891
   -0.825879     0.751079   0.00156891
      1.0574     0.491387  0.000118208
     -1.0574     0.491387  0.000118208
      1.0574      0.36891  0.000641677
     -1.0574      0.36891  0.000641677
      1.0574     0.657289  0.000595166
     -1.0574     0.657289  0.000595166
    0.483256    -0.751079   0.00042796
    0.483256     0.751079   0.00042796
   -0.217742    -0.751079   0.00065802
   -0.217742     0.751079   0.00065802
   -0.929224    -0.751079   0.00115642
   -0.929224     0.751079   0.00115642
      1.0574     0.495662  0.000508713
     -1.0574     0.495662  0.000508713
      1.0574      0.59403  0.000764709
     -1.0574      0.59403  0.000764709
      1.0574     0.435047  0.000424615
     -1.0574     0.435047  0.000424615
      1.0574     0.601894  -0.00281251
     -1.0574     0.601894  -0.00281251
   -0.327479    -0.751079  -0.00795524
   -0.327479     0.751079  -0.00795524
      1.0574     0.536737   0.00045076
     -1.0574     0.536737   0.00045076
      1.0574     0.613866  0.000954508
     -1.0574     0.613866  0.000954508
   -0.833149    -0.751079   0.00526926
   -0.833149     0.751079   0.00526926
   -0.571731    -0.751079  0.000770113
   -0.571731     0.751079  0.000770113
   0.0309569    -0.751079  0.000410233
   0.0309569     0.751079  0.000410233
    0.118509     0.751079   0.00183572
    0.118509    -0.751079   0.00183572
   0.0928548     0.751079   0.00206027
   0.0928548    -0.751079   0.00206027
    0.593644     0.751079   0.00163153
    0.593644    -0.751079   0.00163153
     0.57234     0.751079   0.00157215
     0.57234    -0.751079   0.00157215
   -0.377982     0.751079   0.00181769
   -0.377982    -0.751079   0.00181769
   -0.154445     0.751079   0.00206132
   -0.154445    -0.751079   0.00206132
     -1.0574   0.00870812   0.00132965
      1.0574   0.00870812   0.00132965
      1.0574    -0.199901   0.00231045
     -1.0574    -0.199901   0.00231045
      1.0574    -0.249711   0.00208979
     -1.0574    -0.249711   0.00208979
      1.0574    -0.117583   0.00300688
     -1.0574    -0.117583   0.00300688
      1.0574    0.0199776   0.00194906
     -1.0574    0.0199776   0.00194906
      1.0574    -0.112527   0.00213724
     -1.0574    -0.112527   0.00213724
      1.0574    -0.646162    0.0014716
     -1.0574    -0.646162    0.0014716
      1.0574     0.676883  0.000852159
     -1.0574     0.676883  0.000852159
      1.0574    -0.659244   0.00055293
     -1.0574    -0.659244   0.00055293
      1.0574    -0.592456   0.00158561
     -1.0574    -0.592456   0.00158561
      1.0574    -0.698768   0.00250808
     -1.0574    -0.698768   0.00250808
     -1.0574     0.188589   0.00083335
      1.0574     0.188589   0.00083335
     -1.0574      0.13659  0.000867775
      1.0574      0.13659  0.000867775
     -1.0574     0.208685  0.000770227
      1.0574     0.208685  0.000770227
      1.0574     0.740454  -0.00110904
     -1.0574     0.740454  -0.00110904
   -0.188259     0.751079  0.000523527
   -0.188259    -0.751079  0.000523527
   -0.203463     0.751079  0.000554262
   -0.203463    -0.751079  0.000554262
      1.0574    -0.605011  0.000109279
     -1.0574    -0.605011  0.000109279
      1.0574    -0.694912  0.000373087
     -1.0574    -0.694912  0.000373087
      1.0574    -0.732526  -0.00285257
     -1.0574    -0.732526  -0.00285257
      1.0574    -0.746362  -0.00013837
     -1.0574    -0.746362  -0.00013837
    0.197824    -0.751079 -0.000459135
    0.197824     0.751079 -0.000459135
     -1.0574     0.538253 -0.000504686
      1.0574     0.538253 -0.000504686
   -0.313849    -0.751079 -0.000512407
   -0.313849     0.751079 -0.000512407
    0.877719    -0.751079 -9.41277e-05
    0.877719     0.751079 -9.41277e-05
   0.0451965    -0.751079 -9.61212e-05
   0.0451965     0.751079 -9.61212e-05
   -0.524487    -0.751079  0.000305114
   -0.524487     0.751079  0.000305114
   0.0972731    -0.751079  -0.00180691
   0.0972731     0.751079  -0.00180691
   -0.832265    -0.751079   0.00114979
   -0.832265     0.751079   0.00114979
     -1.0574     0.516144 -0.000388504
      1.0574     0.516144 -0.000388504
   -0.100322    -0.751079 -0.000193451
   -0.100322     0.751079 -0.000193451
   -0.109529    -0.751079   0.00155716
   -0.109529     0.751079   0.00155716
   0.0727201    -0.751079   0.00131342
   0.0727201     0.751079   0.00131342
   -0.781508    -0.751079   0.00177784
   -0.781508     0.751079   0.00177784
   0.0496725    -0.751079   0.00174268
   0.0496725     0.751079   0.00174268
   -0.338073    -0.751079   0.00114209
   -0.338073     0.751079   0.00114209
   -0.115712    -0.751079   0.00171705
   -0.115712     0.751079   0.00171705
   0.0315955    -0.751079   0.00153153
   0.0315955     0.751079   0.00153153
   -0.773762    -0.751079   0.00195336
   -0.773762     0.751079   0.00195336
     -1.0574    -0.620199  0.000531953
      1.0574    -0.620199  0.000531953
     -1.0574    -0.650679 -0.000787526
      1.0574    -0.650679 -0.000787526
     -1.0574    -0.509753   0.00231946
      1.0574    -0.509753   0.00231946
     -1.0574    -0.748237  0.000757395
      1.0574    -0.748237  0.000757395
     -1.0574    -0.491523   0.00116887
      1.0574    -0.491523   0.00116887
      1.0574    -0.643553  -0.00892431
     -1.0574    -0.643553  -0.00892431
   -0.506929     0.751079  -0.00955275
   -0.506929    -0.751079  -0.00955275
   -0.130358     0.751079   -0.0101037
   -0.130358    -0.751079   -0.0101037
      1.0574    -0.676458  -0.00938314
     -1.0574    -0.676458  -0.00938314
      1.0574     0.697763  -0.00916043
     -1.0574     0.697763  -0.00916043
      1.0574    -0.591649  -0.00790887
     -1.0574    -0.591649  -0.00790887
    -1.01965    -0.751079 -0.000286441
    -1.01965     0.751079 -0.000286441
    0.890941    -0.751079 -0.000463603
    0.890941     0.751079 -0.000463603
      1.0574    -0.153135   0.00122172
     -1.0574    -0.153135   0.00122172
      1.0574     0.351414 -0.000189123
     -1.0574     0.351414 -0.000189123
      1.0574    0.0812766  0.000823305
     -1.0574    0.0812766  0.000823305
      1.0574    -0.180415   0.00102441
     -1.0574    -0.180415   0.00102441
      1.0574     0.147549  0.000596457
     -1.0574     0.147549  0.000596457
      1.0574     0.179221  0.000727492
     -1.0574     0.179221  0.000727492
     -1.0574     0.619717  -0.00406745
      1.0574     0.619717  -0.00406745
    0.545851     0.693403  -0.00469528
    0.545851    -0.808755  -0.00469528
     -1.0574     0.683032  -0.00424314
      1.0574     0.683032  -0.00424314
     -1.0574      0.69218 -5.68779e-05
      1.0574      0.69218 -5.68779e-05
      1.0574    -0.161249   0.00130445
     -1.0574    -0.161249   0.00130445
      1.0574    -0.186807   0.00155554
     -1.0574    -0.186807   0.00155554
     -1.0574    -0.437637 -0.000420762
      1.0574    -0.437637 -0.000420762
    0.192395     0.751079 -0.000609942
    0.192395    -0.751079 -0.000609942
     0.74056     0.751079   2.8842e-05
     0.74056    -0.751079   2.8842e-05
     -1.0574    -0.667153 -0.000397383
      1.0574    -0.667153 -0.000397383
   -0.732479     0.751079 -0.000400952
   -0.732479    -0.751079 -0.000400952
    0.368118     0.751079 -0.000498473
    0.368118    -0.751079 -0.000498473
     -1.0574    -0.443537 -0.000272086
      1.0574    -0.443537 -0.000272086
     -1.0574    -0.483588 -0.000260296
      1.0574    -0.483588 -0.000260296
     1.00411     0.751079 -0.000264912
     1.00411    -0.751079 -0.000264912
      1.0574     0.467579   0.00105938
     -1.0574     0.467579   0.00105938
      1.0574     0.416563   0.00129687
     -1.0574     0.416563   0.00129687
      1.0574     0.418328   0.00131765
     -1.0574     0.418328   0.00131765
      1.0574    -0.682925 -0.000646258
     -1.0574    -0.682925 -0.000646258
    0.707353     0.751079 -0.000684112
    0.707353    -0.751079 -0.000684112
      1.0574    -0.525846 -0.000322204
     -1.0574    -0.525846 -0.000322204
   0.0822834     0.751079  -0.00241667
   0.0822834    -0.751079  -0.00241667
      1.0574    -0.569491  -0.00108504
     -1.0574    -0.569491  -0.00108504
    -0.25616     0.751079 -0.000496477
    -0.25616    -0.751079 -0.000496477
      1.0574    -0.559209  0.000938054
     -1.0574    -0.559209  0.000938054
    0.658247     0.751079    0.0044772
    0.658247    -0.751079    0.0044772
   -0.143571    -0.751079   0.00196163
   -0.143571     0.751079   0.00196163
-0.000207715    -0.751079   0.00211625
-0.000207715     0.751079   0.00211625
   -0.861682     0.751079   0.00062015
   -0.861682    -0.751079   0.00062015
   -0.838414     0.751079  0.000626639
   -0.838414    -0.751079  0.000626639
    -0.80689     0.751079  0.000610782
    -0.80689    -0.751079  0.000610782
    -0.79523     0.751079  0.000664632
    -0.79523    -0.751079  0.000664632
     -1.0574     0.495346 -0.000816142
      1.0574     0.495346 -0.000816142
     -1.0574    -0.430178   0.00165141
      1.0574    -0.430178   0.00165141
      1.0574    0.0726474   0.00180033
     -1.0574    0.0726474   0.00180033
      1.0574     0.493331  -0.00015482
     -1.0574     0.493331  -0.00015482
      1.0574     0.205394  0.000733925
     -1.0574     0.205394  0.000733925
      1.0574     0.131595  0.000835834
     -1.0574     0.131595  0.000835834
      1.0574     0.415057  0.000548301
     -1.0574     0.415057  0.000548301
     -1.0574  -0.00991743   0.00120746
      1.0574  -0.00991743   0.00120746
     -1.0574    0.0483166  0.000987719
      1.0574    0.0483166  0.000987719
     -1.0574    0.0357424   0.00110329
      1.0574    0.0357424   0.00110329
    0.537995    -0.751079   0.00137275
    0.537995     0.751079   0.00137275
     0.26844    -0.256397   0.00400992
     0.26844      1.24576   0.00400992
   -0.787851    -0.571904  0.000673113
   -0.787851     0.930254  0.000673113
   -0.628357    -0.571904 -0.000233662
   -0.628357     0.930254 -0.000233662
      1.0574    -0.119861   0.00206342
     -1.0574    -0.119861   0.00206342
      1.0574   -0.0594589   0.00110009
     -1.0574   -0.0594589   0.00110009
      1.0574     -0.11515   0.00109116
     -1.0574     -0.11515   0.00109116
   -0.794057     0.751079   0.00142212
   -0.794057    -0.751079   0.00142212
    0.605876     0.751079   0.00212241
    0.605876    -0.751079   0.00212241
    -0.94602     0.751079   0.00226818
    -0.94602    -0.751079   0.00226818
  -0.0240326     0.751079 -0.000264251
  -0.0240326    -0.751079 -0.000264251
    0.119793     0.751079   0.00234814
    0.119793    -0.751079   0.00234814
   -0.917874     0.751079  -0.00975275
   -0.917874    -0.751079  -0.00975275
      1.0574     0.475212   0.00159727
     -1.0574     0.475212   0.00159727
    0.794514     0.751079  0.000444276
    0.794514    -0.751079  0.000444276
   -0.879579     0.751079  0.000533056
   -0.879579    -0.751079  0.000533056
    0.809188     0.751079  0.000218559
    0.809188    -0.751079  0.000218559
    0.499363     0.751079  2.10854e-05
    0.499363    -0.751079  2.10854e-05
    -1.00698     0.751079   0.00045137
    -1.00698    -0.751079   0.00045137
     1.01086     0.751079   0.00020851
     1.01086    -0.751079   0.00020851
    0.552517     0.751079   0.00246193
    0.552517    -0.751079   0.00246193
    0.136382     0.751079   0.00313974
    0.136382    -0.751079   0.00313974
    0.853541     0.751079  6.57148e-05
    0.853541    -0.751079  6.57148e-05
   -0.881695     0.751079   0.00201229
   -0.881695    -0.751079   0.00201229
   -0.254679     0.751079   0.00264426
   -0.254679    -0.751079   0.00264426
   -0.967026     0.751079  0.000565139
   -0.967026    -0.751079  0.000565139
    0.695085     0.751079   0.00156241
    0.695085    -0.751079   0.00156241
    0.611019     0.751079   0.00134796
    0.611019    -0.751079   0.00134796
    0.568152     0.751079   0.00130099
    0.568152    -0.751079   0.00130099
   -0.691699     0.751079  0.000203655
   -0.691699    -0.751079  0.000203655
   -0.561722     0.751079  -0.00626327
   -0.561722    -0.751079  -0.00626327
   0.0615358     0.751079   0.00168579
   0.0615358    -0.751079   0.00168579
     -1.0574    -0.723844 -0.000964592
      1.0574    -0.723844 -0.000964592
    -0.82155     0.751079  -0.00126707
    -0.82155    -0.751079  -0.00126707
     -1.0574    -0.689926  -0.00864235
      1.0574    -0.689926  -0.00864235
     -1.0574    -0.606362  0.000277393
      1.0574    -0.606362  0.000277393
     -1.0574     -0.64617  0.000272881
      1.0574     -0.64617  0.000272881
    0.519053    -0.751079 -0.000462577
    0.519053     0.751079 -0.000462577
   -0.479655    -0.751079  0.000798551
   -0.479655     0.751079  0.000798551
   -0.847354    -0.751079  0.000356094
   -0.847354     0.751079  0.000356094
      1.0574    -0.644623  -0.00305242
     -1.0574    -0.644623  -0.00305242
      1.0574     0.723127  -0.00365844
     -1.0574     0.723127  -0.00365844
      1.0574    -0.727462  -0.00363262
     -1.0574    -0.727462  -0.00363262
   -0.747057    -0.731916  -0.00409851
   -0.747057     0.770242  -0.00409851
   0.0589947    -0.681112   0.00026077
   0.0589947     0.821046   0.00026077
     -1.0574     0.702604 -0.000982327
      1.0574     0.702604 -0.000982327
     -1.0574     0.744648  0.000660383
      1.0574     0.744648  0.000660383
     -1.0574     0.706939 -0.000295335
      1.0574     0.706939 -0.000295335
     -1.0574    -0.544133  0.000340973
      1.0574    -0.544133  0.000340973
    0.132667    -0.681112  0.000306306
    0.132667     0.821046  0.000306306
     -1.0574    -0.627013  -0.00095823
      1.0574    -0.627013  -0.00095823
      1.0574     0.438395  -0.00084735
     -1.0574     0.438395  -0.00084735
      1.0574    0.0876195  0.000109488
     -1.0574    0.0876195  0.000109488
      1.0574     0.368172 -0.000127422
     -1.0574     0.368172 -0.000127422
   -0.102264    -0.751079   -0.0254692
   -0.102264     0.751079   -0.0254692
     0.22458    -0.751079 -0.000573569
     0.22458     0.751079 -0.000573569
   -0.163358    -0.751079   0.00196507
   -0.163358     0.751079   0.00196507
     0.19202    -0.751079   0.00187311
     0.19202     0.751079   0.00187311
   0.0546439    -0.751079   0.00219989
   0.0546439     0.751079   0.00219989
    0.576804    -0.751079   0.00151057
    0.576804     0.751079   0.00151057
    0.541623    -0.751079   0.00198276
    0.541623     0.751079   0.00198276
   -0.897972    -0.751079   0.00541309
   -0.897972     0.751079   0.00541309
    0.437097    -0.751079    0.0010599
    0.437097     0.751079    0.0010599
     1.03463    -0.751079  0.000957527
     1.03463     0.751079  0.000957527
   -0.904565    -0.751079  0.000424899
   -0.904565     0.751079  0.000424899
   -0.615919    -0.751079  0.000233418
   -0.615919     0.751079  0.000233418
    0.718402    -0.751079   0.00084176
    0.718402     0.751079   0.00084176
     -1.0574    -0.570325 -0.000631498
      1.0574    -0.570325 -0.000631498
   -0.378495     0.751079 -0.000249824
   -0.378495    -0.751079 -0.000249824
    0.626292     0.751079 -0.000783518
    0.626292    -0.751079 -0.000783518
     -1.0574    -0.544033  -0.00168924
      1.0574    -0.544033  -0.00168924
    -0.12315     0.751079  -0.00284132
    -0.12315    -0.751079  -0.00284132
     -1.0574    -0.607818  -0.00111831
      1.0574    -0.607818  -0.00111831
   -0.623121     0.751079  -0.00123301
   -0.623121    -0.751079  -0.00123301
   -0.578324     0.751079   0.00110682
   -0.578324    -0.751079   0.00110682
     -1.0574    -0.490677 -0.000780811
      1.0574    -0.490677 -0.000780811
   -0.787347    -0.751079   0.00171979
   -0.787347     0.751079   0.00171979
   -0.472582    -0.751079   0.00136426
   -0.472582     0.751079   0.00136426
   -0.683305    -0.751079    0.0019083
   -0.683305     0.751079    0.0019083
    0.251085    -0.751079  0.000961424
    0.251085     0.751079  0.000961424
      1.0574    -0.520873  0.000440265
     -1.0574    -0.520873  0.000440265
   -0.300334     0.751079   0.00204025
   -0.300334    -0.751079   0.00204025
     0.19444     0.751079   0.00248398
     0.19444    -0.751079   0.00248398
    0.203059     0.751079   0.00182442
    0.203059    -0.751079   0.00182442
    0.419353    -0.751079 -0.000236628
    0.419353     0.751079 -0.000236628
   -0.118092    -0.751079  -0.00892459
   -0.118092     0.751079  -0.00892459
    0.705212    -0.751079 -0.000132086
    0.705212     0.751079 -0.000132086
   -0.711353    -0.751079  0.000376158
   -0.711353     0.751079  0.000376158
      1.0574    -0.612045  -0.00317312
     -1.0574    -0.612045  -0.00317312
      1.0574    -0.635573  -0.00268531
     -1.0574    -0.635573  -0.00268531
      1.0574    -0.567354   -0.0030247
     -1.0574    -0.567354   -0.0030247
      1.0574      0.70865  -0.00343383
     -1.0574      0.70865  -0.00343383
   -0.832122    -0.751079   -0.0271017
   -0.832122     0.751079   -0.0271017
   -0.246571    -0.751079  -0.00384257
   -0.246571     0.751079  -0.00384257
 -0.00887871    -0.751079  -0.00217487
 -0.00887871     0.751079  -0.00217487
    -1.00389     0.680627  0.000454474
    -1.00389    -0.821531  0.000454474
   -0.892585    -0.751079   0.00434292
   -0.892585     0.751079   0.00434292
   -0.953283    -0.751079  0.000201828
   -0.953283     0.751079  0.000201828
   -0.306727    -0.751079  0.000654248
   -0.306727     0.751079  0.000654248
    0.836892    -0.751079 -0.000294263
    0.836892     0.751079 -0.000294263
      1.0574     -0.45539   0.00449917
     -1.0574     -0.45539   0.00449917
      1.0574    -0.545743   0.00557882
     -1.0574    -0.545743   0.00557882
      1.0574    -0.429054   0.00525632
     -1.0574    -0.429054   0.00525632
    0.214631     0.751079   0.00756671
    0.214631    -0.751079   0.00756671
    0.353972     0.751079   0.00748968
    0.353972    -0.751079   0.00748968
     -1.0574    -0.661357  -0.00452628
      1.0574    -0.661357  -0.00452628
     -1.0574    -0.558237  -0.00858511
      1.0574    -0.558237  -0.00858511
     -1.0574    -0.666576   -0.0109218
      1.0574    -0.666576   -0.0109218
     -1.0574     0.656628   -0.0105485
      1.0574     0.656628   -0.0105485
     -1.0574     0.663201  -0.00716724
      1.0574     0.663201  -0.00716724
   -0.740662     0.751079   0.00114085
   -0.740662    -0.751079   0.00114085
    0.317377     0.624204   0.00278957
    0.317377    -0.877954   0.00278957
    0.431065     0.624204   0.00266339
    0.431065    -0.877954   0.00266339
    0.398225    -0.751079   0.00308091
    0.398225     0.751079   0.00308091
   -0.366723    -0.751079   0.00260558
   -0.366723     0.751079   0.00260558
    0.454758    -0.751079   0.00256293
    0.454758     0.751079   0.00256293
      1.0574    -0.726987   0.00143298
     -1.0574    -0.726987   0.00143298
      1.0574     0.726583   0.00253911
     -1.0574     0.726583   0.00253911
      1.0574     -0.66833   0.00214738
     -1.0574     -0.66833   0.00214738
      1.0574     -0.29816   0.00118693
     -1.0574     -0.29816   0.00118693
      1.0574   -0.0150642  0.000803433
     -1.0574   -0.0150642  0.000803433
      1.0574    -0.193638   0.00109038
     -1.0574    -0.193638   0.00109038
      1.0574    -0.249636   0.00164364
     -1.0574    -0.249636   0.00164364
      1.0574     0.674149  -0.00116301
     -1.0574     0.674149  -0.00116301
      1.0574    -0.743345  -0.00111066
     -1.0574    -0.743345  -0.00111066
   0.0856853    -0.751079 -0.000644803
   0.0856853     0.751079 -0.000644803
   -0.436282     0.751079   0.00229315
   -0.436282    -0.751079   0.00229315
   -0.217542     0.751079   0.00250116
   -0.217542    -0.751079   0.00250116
     -1.0574    -0.675203  -0.00199345
      1.0574    -0.675203  -0.00199345
     -1.0574     0.660719  -0.00180962
      1.0574     0.660719  -0.00180962
      1.0574     0.440407 -0.000444923
     -1.0574     0.440407 -0.000444923
      1.0574     0.520317 -0.000474609
     -1.0574     0.520317 -0.000474609
   -0.684791    -0.751079 -0.000116779
   -0.684791     0.751079 -0.000116779
   -0.437934    -0.751079 -0.000282636
   -0.437934     0.751079 -0.000282636
     -0.1308    -0.751079 -0.000179749
     -0.1308     0.751079 -0.000179749
    0.853158    -0.751079   0.00172757
    0.853158     0.751079   0.00172757
   0.0817894    -0.751079   0.00184064
   0.0817894     0.751079   0.00184064
      1.0574    -0.428466  0.000421268
     -1.0574    -0.428466  0.000421268
      1.0574    -0.324272   0.00114462
     -1.0574    -0.324272   0.00114462
      1.0574    -0.337996  0.000465753
     -1.0574    -0.337996  0.000465753
      1.0574    -0.373239  0.000821593
     -1.0574    -0.373239  0.000821593
     -1.0574    -0.708257  -0.00311734
      1.0574    -0.708257  -0.00311734
     -1.0574    -0.563369   0.00503695
      1.0574    -0.563369   0.00503695
    0.949636    -0.439372  -0.00041625
    0.949636      1.06279  -0.00041625
    0.930401     0.751079   0.00203513
    0.930401    -0.751079   0.00203513
    0.446872     0.751079   0.00299303
    0.446872    -0.751079   0.00299303
  -0.0575393     0.751079   0.00277499
  -0.0575393    -0.751079   0.00277499
    0.793524    -0.751079  0.000524313
    0.793524     0.751079  0.000524313
     -1.0574    -0.738149  -0.00156223
      1.0574    -0.738149  -0.00156223
      1.0574     0.606881   -0.0250106
     -1.0574     0.606881   -0.0250106
      1.0574     0.583513     -0.01734
     -1.0574     0.583513     -0.01734
     -1.0574     0.203912  0.000960124
      1.0574     0.203912  0.000960124
    0.668143     0.751079   0.00114351
    0.668143    -0.751079   0.00114351
   -0.861094     0.751079   0.00112739
   -0.861094    -0.751079   0.00112739
   -0.402293     0.751079   0.00156497
   -0.402293    -0.751079   0.00156497
    0.546498    -0.751079   0.00212383
    0.546498     0.751079   0.00212383
    0.328153     0.751079  -0.00813894
    0.328153    -0.751079  -0.00813894
     -1.0574     0.215442  0.000272391
      1.0574     0.215442  0.000272391
     -1.0574     0.261823  0.000187143
      1.0574     0.261823  0.000187143
     -1.0574     0.490852  0.000151145
      1.0574     0.490852  0.000151145
      1.0574     0.696307  0.000280942
     -1.0574     0.696307  0.000280942
     -1.0574   -0.0958096   0.00116423
      1.0574   -0.0958096   0.00116423
     -1.0574     0.492419  0.000179999
      1.0574     0.492419  0.000179999
     -1.0574     0.492342  0.000205809
      1.0574     0.492342  0.000205809
     -1.0574     0.525587  0.000200472
      1.0574     0.525587  0.000200472
     -1.0574     0.732226   0.00289922
      1.0574     0.732226   0.00289922
      1.0574      0.40681  0.000712344
     -1.0574      0.40681  0.000712344
     -1.0574    -0.596094 -0.000840217
      1.0574    -0.596094 -0.000840217
   -0.285094     0.751079  -0.00207544
   -0.285094    -0.751079  -0.00207544
     -1.0574    -0.552178 -0.000112198
      1.0574    -0.552178 -0.000112198
      1.0574    0.0590534  0.000589616
     -1.0574    0.0590534  0.000589616
      1.0574   -0.0439156   0.00113815
     -1.0574   -0.0439156   0.00113815
      1.0574     0.106615  0.000574927
     -1.0574     0.106615  0.000574927
      1.0574     0.665664  0.000213996
     -1.0574     0.665664  0.000213996
     -1.0574    -0.474989   0.00122675
      1.0574    -0.474989   0.00122675
     0.24153     0.751079   0.00150486
     0.24153    -0.751079   0.00150486
     -1.0574    -0.519272 -0.000386344
      1.0574    -0.519272 -0.000386344
      1.0574    -0.294664  0.000907922
     -1.0574    -0.294664  0.000907922
    0.950591    -0.751079  0.000884772
    0.950591     0.751079  0.000884772
     -1.0574     0.707171  -0.00101321
      1.0574     0.707171  -0.00101321
     -1.0574     0.616596  -0.00270974
      1.0574     0.616596  -0.00270974
     -1.0574     0.661595 -0.000986534
      1.0574     0.661595 -0.000986534
    0.608984    -0.751079   0.00147961
    0.608984     0.751079   0.00147961
    0.388579     0.751079   0.00228703
    0.388579    -0.751079   0.00228703
     -1.0574    -0.509753   0.00231946
      1.0574    -0.509753   0.00231946
      1.0574 -0.000515704   0.00093015
     -1.0574 -0.000515704   0.00093015
     -1.0574    -0.437637 -0.000420762
      1.0574    -0.437637 -0.000420762
    0.192395     0.751079 -0.000609942
    0.192395    -0.751079 -0.000609942
      1.0574    -0.682925 -0.000646258
     -1.0574    -0.682925 -0.000646258
    0.707353     0.751079 -0.000684112
    0.707353    -0.751079 -0.000684112
      1.0574    -0.525846 -0.000322204
     -1.0574    -0.525846 -0.000322204
   0.0822834     0.751079  -0.00241667
   0.0822834    -0.751079  -0.00241667
     -1.0574      0.51658  -0.00186375
      1.0574      0.51658  -0.00186375
      1.0574   -0.0594589   0.00110009
     -1.0574   -0.0594589   0.00110009
      0.9842     0.751079  0.000400894
      0.9842    -0.751079  0.000400894
    0.809188     0.751079  0.000218559
    0.809188    -0.751079  0.000218559
    0.136382     0.751079   0.00313974
    0.136382    -0.751079   0.00313974
   -0.254679     0.751079   0.00264426
   -0.254679    -0.751079   0.00264426
    0.957019     0.751079   0.00128852
    0.957019    -0.751079   0.00128852
     -1.0574    -0.606362  0.000277393
      1.0574    -0.606362  0.000277393
     -1.0574     -0.64617  0.000272881
      1.0574     -0.64617  0.000272881
   -0.838747    -0.751079 -0.000935387
   -0.838747     0.751079 -0.000935387
   -0.589116    -0.751079  -0.00107845
   -0.589116     0.751079  -0.00107845
   -0.904565    -0.751079  0.000424899
   -0.904565     0.751079  0.000424899
    0.718402    -0.751079   0.00084176
    0.718402     0.751079   0.00084176
    0.626292     0.751079 -0.000783518
    0.626292    -0.751079 -0.000783518
      1.0574    -0.523852   0.00466313
     -1.0574    -0.523852   0.00466313
      1.0574    -0.545743   0.00557882
     -1.0574    -0.545743   0.00557882
      1.0574    -0.429054   0.00525632
     -1.0574    -0.429054   0.00525632
    0.249666    -0.751079   0.00274319
    0.249666     0.751079   0.00274319
      1.0574    -0.193638   0.00109038
     -1.0574    -0.193638   0.00109038
     -1.0574    -0.714286  -0.00204023
      1.0574    -0.714286  -0.00204023
   -0.114662    -0.751079 -0.000461638
   -0.114662     0.751079 -0.000461638
   -0.437934    -0.751079 -0.000282636
   -0.437934     0.751079 -0.000282636
    0.446872     0.751079   0.00299303
    0.446872    -0.751079   0.00299303
     -1.0574     0.122781  0.000894541
      1.0574     0.122781  0.000894541
     -1.0574  -0.00816936   0.00118428
      1.0574  -0.00816936   0.00118428
    0.546498    -0.751079   0.00212383
    0.546498     0.751079   0.00212383
     -1.0574      0.36575  0.000320774
      1.0574      0.36575  0.000320774
     -1.0574     0.261823  0.000187143
      1.0574     0.261823  0.000187143
      1.0574      0.40681  0.000712344
     -1.0574      0.40681  0.000712344
     -1.0574     0.492581   0.00058828
      1.0574     0.492581   0.00058828