     2.15979            0            0
           0      1.50216            0
           0            0      1.00809
         350         1512            0
    0.418085    -0.188856  -0.00270926
    0.277456    -0.528303 -0.000154503
    0.416083    -0.512097 -0.000188857
    0.250547     -0.29461  -0.00388574
    0.679231    -0.475649   -0.0029859
    0.745135    -0.416653   -0.0152561
    0.475781    -0.324265   0.00016794
    0.445701    -0.623331   0.00214137
    0.400702    -0.633209   0.00694539
    0.464886    -0.406818 -1.98476e-05
    0.617282    -0.548369  0.000115374
    0.420209    -0.467983 -0.000417508
    0.455859    -0.161675  -0.00192804
    0.407235     0.373941   0.00172436
   0.0346737   -0.0478654   -0.0256046
    0.181244     0.054819 -0.000192708
    0.248341   -0.0285903  -0.00263499
    0.884164     0.106274   0.00069319
    0.436152    -0.133385     0.011364
    0.475626    -0.117543   0.00541599
     0.35366     0.204538   0.00180975
    0.441265     0.255953   0.00244915
    0.600248   0.00795381   0.00376615
     0.68073    0.0810278   0.00180071
    0.254364   0.00120064  0.000836484
     0.35664    0.0846818  0.000582613
    0.529105     0.201723   0.00201908
    0.280775    0.0193772   0.00113847
    0.424704   -0.0468737 -0.000254005
    0.386869    -0.196841   -0.0025341
    0.508447     -0.18602   0.00202741
    0.667634   -0.0854271  0.000618791
    0.400375    -0.278931  0.000386477
   -0.506012    -0.279539    -0.225635
   -0.588033    -0.393725    -0.327762
    0.822749    -0.320882    -0.292826
   -0.928378    -0.187697    -0.341092
    -1.05751   -0.0744614    -0.302848
     1.02003     0.027644    -0.332318
     0.97839    -0.249977     -0.29915
   -0.846953     -0.26083    -0.354105
   -0.684962   -0.0762196    -0.326178
     0.57003     0.720575    -0.230747
    0.360425     0.451196    -0.302841
    0.208042     0.453143    -0.208843
    0.456325       0.5916    -0.236222
    0.212986     0.654453    -0.427655
   0.0817699     0.696922    -0.371291
  -0.0125146    -0.140814    -0.263702
    0.229141    -0.306454    -0.299958
    0.179185    -0.440608    -0.355312
    0.405573    -0.738465    -0.279758
    0.053776     0.504711    -0.313148
    0.669691    -0.622249     -0.28178
     0.60415    -0.421932    -0.334274
     0.81849     -0.25714    -0.371162
    0.666643    -0.272186    -0.258597
    0.884876    -0.468425    -0.195964
     -0.4472     0.559515    -0.312097
   -0.697202      0.63619     0.411845
    -0.17037     0.651023     0.326638
   -0.414615    -0.686372     0.318146
   -0.599831     0.564409     0.398919
    -0.74932    -0.581485     0.232442
    0.213554     0.560024     0.340648
     1.02138     0.544993     0.383421
     0.95475     0.496887      0.31445
    0.896441     0.477244      0.37288
    0.833634     0.585313     0.190895
    0.532252     0.485914     0.270617
    0.482656     0.512347     0.361123
    0.255511     0.161432     0.317178
   -0.295056    -0.282173     0.390282
    -0.29432     -0.23621     0.327309
   -0.253407   -0.0404152     0.396865
   -0.655729    0.0550875     0.306579
    0.372499     0.194218     0.322844
   -0.546875     0.366306      0.37213
   -0.335262     -0.42716     0.357868
    -1.03639     0.488012     0.312975
   -0.710949     0.535117     0.261638
   -0.118617     0.455013      0.24622
   -0.126573    -0.414407     0.429759
   -0.885443     0.568692     0.436416
  -0.0534675     0.628019     0.340644
    -0.22138    -0.666145     0.357087
  -0.0794087     0.388229     0.358822
    0.670542     0.672909     0.418637
   -0.868838    -0.648729      0.39593
    0.327563     0.647277     0.414667
    0.835694     0.209636     0.418617
   -0.748963   -0.0404292     0.424668
   -0.360404    -0.334526    -0.362231
   -0.492699    -0.335975    -0.390239
   -0.201409    -0.075922    -0.333045
     0.13919     0.178695    -0.372635
   -0.325309     0.576007    -0.373948
    -1.06615    -0.615566    -0.309214
    0.280307     0.523961    -0.355544
   -0.465559    0.0151284    -0.407516
  -0.0536618    -0.402541     0.397673
    0.794755     0.295859    -0.274824
   -0.551799    -0.668226     -0.30555
   -0.809214    -0.182542     0.345417
    0.556253    -0.316007     0.158209
     1.07054    -0.312269   0.00191847
    0.990814    -0.475002   0.00122678
     1.02227    -0.395497   0.00234067
     1.01407    -0.240017    0.0153236
   -0.741842   -0.0315164   0.00112555
   -0.665402     0.058847  0.000895643
     1.03547    0.0346996   0.00131476
    -1.02315   -0.0983069    0.0015911
   -0.754598    0.0329733   0.00131419
   -0.748779    -0.275007   -0.0023817
   -0.852677  -0.00436284   0.00136338
    -1.03416    -0.192568   0.00613002
      1.0306    -0.181631  -0.00192912
    0.139033    -0.486722     0.288217
    0.894734    -0.498482     0.295712
    0.134242    -0.286846     0.362872
    0.973532    -0.506767     0.166918
   -0.874189      0.45463 -0.000828222
   -0.954346     0.729299  -0.00305166
   -0.895414     0.582672  -0.00229047
     1.07736     0.556731   -0.0104029
    0.506076      0.61346   0.00266008
    0.610551     0.643546   0.00136698
    0.916344     0.591787   -0.0100753
    -1.05391    -0.746884  -0.00054004
    -0.87242    -0.730687  -0.00104632
    0.982922     0.722143  -0.00111839
    0.838389     0.746969 -0.000413491
    0.957561     0.601499  0.000150434
    -1.06923     0.671281 -5.94045e-05
      -1.009      0.53163   0.00119725
   -0.488654      0.31268    -0.133723
  -0.0645088     0.146552   0.00212491
   -0.233509    0.0442207  0.000462931
   -0.345382     0.168451   0.00118906
   -0.220221     0.200666   0.00107363
   -0.195001     0.144866   0.00100422
   -0.359033     0.101666  0.000617372
   -0.362207     0.228846  -0.00197842
   -0.119134    -0.208863 -0.000630679
   0.0937193   -0.0213883  -0.00311746
    0.060671    -0.201615  -0.00333407
   -0.613449    -0.582686 -0.000932182
   -0.495533    -0.206298 -0.000368335
   -0.589822    -0.195682 -0.000801176
   -0.399171     0.152587  0.000397051
   -0.315752     0.148179  0.000531924
   -0.560135     0.632958  -0.00250542
    0.088752    -0.277706 -0.000594721
    0.210801    -0.697135   0.00625793
   -0.727874    -0.506394 -0.000702438
   -0.595288    -0.714702  -0.00174161
   0.0902978    -0.660146     0.069356
   -0.651058    -0.462792  -0.00273178
   0.0125283    -0.295533  0.000340961
   -0.498543     0.567421 -0.000803401
    0.442967     0.554826    0.0150086
    0.278245     0.420904   0.00390206
   -0.380057     0.351735  0.000655049
   -0.535678     -0.75062 -0.000350586
    0.184147     0.600466   0.00455109
   -0.456283     0.518358  0.000875692
   -0.650336     0.436466  -0.00253436
    0.063817     0.358932   0.00353174
   -0.651208     0.456664  -0.00224087
   -0.314259     0.376237  0.000319153
    0.170025     0.588595   0.00357388
    0.190464     0.667435   0.00411298
   -0.404728     0.444091   0.00238466
     0.13491     0.513015   0.00396319
    0.287486     0.565711     0.014474
   -0.601207     0.693464  -0.00195143
   -0.434006      0.56908  0.000518942
  -0.0121357    -0.270705 -0.000809134
   -0.215786     0.295474  0.000661136
  -0.0794765    -0.202806    -0.010413
   -0.559448    -0.697091 -0.000570971
    0.203832    -0.517266 -0.000293203
   -0.258869     0.343129   0.00625546
   -0.307341     0.276553 -0.000613096
    0.201087     0.724752   0.00497361
   -0.138034     0.260975   0.00211638
   -0.700411    -0.465007  -0.00168452
   -0.687774    -0.605379  -0.00121775
  -0.0435807     0.242365   0.00194826
   -0.767866     0.455538  -0.00781914
   -0.714562     0.651634  -0.00136073
   -0.708802    -0.680606  -0.00203024
   -0.370022     0.333077  0.000260375
   -0.846653     0.492687   -0.0115716
   -0.529545     0.538206   0.00015234
   -0.803835    -0.556874 -0.000968614
   -0.768494     0.669966    -0.001479
   -0.397506     0.261048 -0.000502491
   -0.641504     0.388609  -0.00267079
   -0.849812    -0.737531  -0.00280739
   -0.518424     0.596359 -0.000307631
    -0.40417     0.281337   0.00104308
   -0.386225      0.43248  0.000625275
   -0.875237     0.678182   -0.0023896
   -0.711556     -0.58235    -0.008578
    0.931073      0.52828  0.000629507
    0.986896    -0.514349  -0.00126104
   -0.834809     -0.63581  -0.00155901
  -0.0720602     0.324158   0.00214161
    -0.58957    -0.184942   0.00586283
   -0.569456    0.0270057  0.000718468
   -0.716375     0.162783  0.000526571
    -0.69756     -0.37851  3.69052e-05
   -0.630116     -0.24783  -0.00446988
   -0.974625    -0.604343  -0.00144326
   -0.398485    -0.174303 -0.000126005
   -0.873542    -0.211373 -0.000304757
     1.04209     0.224379  0.000430225
     -1.0664     0.605418   0.00276549
   -0.856526    -0.645826  -0.00207567
   -0.661995    -0.137093  0.000400004
   -0.368034     0.314236    0.0022005
    0.176465     0.395161   0.00307006
   -0.518071   -0.0811859    0.0061461
   -0.907631    -0.535966  -0.00176506
    -0.89791     -0.35891  -0.00189247
   -0.712774    -0.588555  -0.00145549
   -0.403094    0.0320354  0.000896883
   -0.782208     0.577423  -0.00194976
   -0.809809    -0.337279  -0.00179911
   -0.788715      0.10758   0.00069483
   -0.893752    -0.266904   0.00248561
   -0.526347     0.309703  -0.00117362
   -0.979194    -0.392485   0.00624843
   -0.506519     0.182224  0.000155768
   -0.242203    -0.147761 -0.000202534
   -0.920022     0.257946  0.000429411
     1.01725     0.526803  0.000209926
   -0.816105     0.357339  -0.00195332
     1.04774     0.676938     0.195015
   -0.384055    -0.313568     0.205898
    0.276385      0.50159     0.201801
   -0.235078    -0.412386     0.240613
  -0.0392565     0.126986     0.284567
    -0.11806     0.561766     0.215104
    -0.30135     0.556648    -0.293242
   -0.310448    -0.554619    -0.208952
      1.0278     0.511871     -0.15785
    0.685586     0.666455    -0.224752
   -0.129895      0.29077    -0.150703
   -0.782434    -0.184083    -0.147693
    -0.71502     0.348202    -0.223759
   -0.225933    -0.267812    -0.266684
   -0.168735     0.364197    -0.301792
   -0.883656   -0.0816581   0.00523046
     1.06755     0.141685  0.000235967
    0.809166     0.024027   0.00194814
     0.55863    -0.359708  -0.00515385
    0.577904    -0.468146 -0.000120016
      0.7084   -0.0319245   0.00112658
    0.299364    -0.105264   -0.0028443
    0.762457    -0.424849  -0.00850378
    0.577005    -0.140687   0.00140836
    0.645806    -0.235794   0.00069355
     0.83798    -0.355433   0.00790897
    0.980457   -0.0356241   0.00183981
    0.785677    -0.194254 -0.000146285
    0.855001     -0.18999   0.00215675
    0.691136    -0.236079   0.00901389
    0.513598    -0.225788 -0.000996631
    0.764958    0.0474636     0.303373
    0.268121     -0.24484     0.192994
    0.759656    -0.162437     -0.25975
    0.298056    -0.380309    -0.271617
    -1.06066    -0.421212     -0.16803
    0.973439    0.0163944   0.00183408
    0.839809     0.231432   0.00119583
     0.90797    -0.569785  -0.00184048
   -0.116624    0.0867672 -4.97306e-05
     1.07176    0.0808558  0.000723711
    0.418801     0.525585   0.00292429
    0.670487    -0.384656   0.00085314
     0.75287     -0.75107   0.00380952
    0.711683     0.378104   0.00318493
    0.507641     0.707066   0.00393958
     1.05045    -0.443529 -0.000511501
    0.704258    -0.571509  -0.00229917
    0.967055    -0.590197  -0.00306762
    0.317905     0.283734   0.00272876
    0.294108     0.664165    0.0156188
    0.288784     0.498163    0.0037799
   -0.329989     0.157071  -0.00201033
    0.779772    -0.478748   -0.0010934
    0.890764    -0.605398 -0.000895362
     1.05636    -0.404472  -0.00033475
    0.426605     0.355137   0.00147066
    0.511269    -0.275181  0.000287021
    0.662614     0.627948    0.0121499
    -1.07021     0.240288 -0.000318652
    0.565829     0.447469   0.00140233
     0.44685    -0.750116   0.00335046
      0.7205    -0.350761  -0.00249313
    0.240483     0.742083     0.181098
    0.386897     0.380211    -0.195129
   -0.331586     0.016973     -0.15952
    0.686336     0.282833   0.00133613
      1.0051     0.180718 -0.000253123
   -0.891168     0.507418  -0.00547475
    0.854881     0.505989   -0.0236991
   0.0764365     0.186664   0.00166086
    0.223013     0.305936   0.00308746
    0.470115     0.579326   0.00231991
   0.0591198     -0.21367  -0.00198148
     0.50757     0.666413   0.00458553
   -0.133335     0.166134 -0.000160504
    0.773446     0.290645   0.00103045
    0.307999    -0.736863   0.00343612
  -0.0611252   -0.0429156  0.000163018
  -0.0128392     0.141575   0.00101251
   0.0203016    -0.100526   -0.0039434
    0.417889    -0.203615   0.00565924
    0.244959     0.133184   0.00135196
    0.608476     0.332495    0.0023728
    0.364733     0.438072   0.00440122
  0.00802744     0.100583  2.08566e-07
     0.21738    -0.151468  -0.00630518
    0.222849    -0.637195  0.000972788
    0.466092    -0.557498   0.00340882
    0.608241    -0.627004  0.000598036
    0.331815    -0.467851   1.0324e-05
    0.309756     0.737562   0.00281914
    0.181102    -0.370225  -0.00356925
    0.353134  -0.00958328  0.000855501
    0.312693    -0.638673    0.0126424
    0.404633     -0.12158  5.62807e-07
    0.151105   -0.0551848  -0.00698019
     0.33763    -0.543513  -0.00010588
    0.389509     0.730756    0.0100256
    0.184028    -0.307167  -0.00891498
   -0.611848    -0.729077 -0.000719121
    0.365026    -0.373571   0.00136061
     0.66743    -0.734836   0.00147887
    0.240346      0.47575   0.00513596
     0.14668    -0.184522   -0.0083944
    0.924175     0.313538  0.000552571
   0.0777583    -0.322008  -0.00181102
     0.19388    -0.557879   0.00161848
    0.153468   -0.0426708   0.00346725
     0.15712     0.219475  0.000617571
     1.07989    -0.585015     0.224635
    -1.07989    -0.585015     0.224635
     1.07989    -0.592262     0.219225
    -1.07989    -0.592262     0.219225
   -0.118843     0.751079     0.178284
   -0.118843    -0.751079     0.178284
   -0.376139     0.751079     0.265306
   -0.376139    -0.751079     0.265306
     1.07989    -0.670829     0.208694
    -1.07989    -0.670829     0.208694
    0.568218     0.751079     0.213929
    0.568218    -0.751079     0.213929
     1.07989    -0.688619     0.253087
    -1.07989    -0.688619     0.253087
    0.716489     0.751079     0.270441
    0.716489    -0.751079     0.270441
   -0.771314    -0.475821     0.504045
   -0.771314    -0.475821    -0.504045
     1.06535    -0.484071     0.504045
     1.06535    -0.484071    -0.504045
   -0.465417    -0.240789     0.504045
   -0.465417    -0.240789    -0.504045
    -1.06536   -0.0627734     0.504045
    -1.06536   -0.0627734    -0.504045
     1.07989    -0.669257     0.400859
    -1.07989    -0.669257     0.400859
     1.07989    -0.712836     0.370184
    -1.07989    -0.712836     0.370184
    -0.36083     0.751079     0.325114
    -0.36083    -0.751079     0.325114
   -0.595883     0.751079     0.388488
   -0.595883    -0.751079     0.388488
     1.07989     0.700128      0.38997
    -1.07989     0.700128      0.38997
     1.07989     0.647379     0.381648
    -1.07989     0.647379     0.381648
   -0.476284     -0.49393     0.419068
   -0.476284      1.00823     0.419068
   -0.638742    -0.562126     0.504045
   -0.638742    -0.562126    -0.504045
   -0.934474    -0.553996     0.504045
   -0.934474    -0.553996    -0.504045
   -0.375918    -0.398139     0.504045
   -0.375918    -0.398139    -0.504045
    -0.60244    -0.630183     0.504045
    -0.60244    -0.630183    -0.504045
     -3.6237    -0.751079     0.610822
     -3.6237     0.751079     0.610822
   0.0669983    -0.534524     0.504045
   0.0669983    -0.534524    -0.504045
    0.224045     -0.49393    -0.471373
    0.224045      1.00823    -0.471373
   -0.795523     0.728885     0.504045
   -0.795523     0.728885    -0.504045
    0.189007    -0.641671     0.504045
    0.189007    -0.641671    -0.504045
    0.154385    -0.559708     0.504045
    0.154385    -0.559708    -0.504045
    -1.07989    -0.694991     0.425209
     1.07989    -0.694991     0.425209
    -1.07989    -0.572408     0.434147
     1.07989    -0.572408     0.434147
    0.263711     0.751079     0.431293
    0.263711    -0.751079     0.431293
    -1.07989     0.653761      0.43547
     1.07989     0.653761      0.43547
    -1.07989      0.61364     0.486268
     1.07989      0.61364     0.486268
   -0.760415     0.521295     0.504045
   -0.760415     0.521295    -0.504045
   0.0384018    -0.750989     0.504045
   0.0384018    -0.750989    -0.504045
   0.0382186     0.751079    -0.503988
   0.0382186    -0.751079    -0.503988
     0.94048     0.719791     0.504045
     0.94048     0.719791    -0.504045
    -1.07989      0.69274    -0.491151
     1.07989      0.69274    -0.491151
    0.394972    -0.740238     0.504045
    0.394972    -0.740238    -0.504045
    0.495878     0.467641     0.504045
    0.495878     0.467641    -0.504045
    0.760129    -0.653086     0.504045
    0.760129    -0.653086    -0.504045
    0.547819     0.751079      0.49056
    0.547819    -0.751079      0.49056
    0.627853     0.723587     0.504045
    0.627853     0.723587    -0.504045
     1.03898     0.349449     0.504045
     1.03898     0.349449    -0.504045
   -0.967195     0.751079      0.39424
   -0.967195    -0.751079      0.39424
       1.012     0.751079     0.388112
       1.012    -0.751079     0.388112
   -0.730196    -0.642774     0.504045
   -0.730196    -0.642774    -0.504045
    0.721493     0.718186     0.504045
    0.721493     0.718186    -0.504045
    -1.04847    -0.658159     0.504045
    -1.04847    -0.658159    -0.504045
   -0.971056     0.205783     0.504045
   -0.971056     0.205783    -0.504045
    -1.07989     0.726602     0.331715
     1.07989     0.726602     0.331715
    -1.07989     0.424984     0.312483
     1.07989     0.424984     0.312483
    -1.07989    -0.706413     0.280092
     1.07989    -0.706413     0.280092
    -1.07989     0.738089     0.315882
     1.07989     0.738089     0.315882
  -0.0329785     0.715063     0.320427
  -0.0329785    -0.787095     0.320427
    -1.07989     0.554186      0.34608
     1.07989     0.554186      0.34608
    0.629173    -0.458282      0.41921
    0.629173      1.04388      0.41921
   0.0402278    -0.458282     0.423382
   0.0402278      1.04388     0.423382
   -0.375691    -0.326864     0.504045
   -0.375691    -0.326864    -0.504045
    0.161661    -0.506074     0.504045
    0.161661    -0.506074    -0.504045
    0.296188    -0.458282    -0.454048
    0.296188      1.04388    -0.454048
    0.330437    -0.639978     0.504045
    0.330437    -0.639978    -0.504045
    0.326956    -0.531894     0.504045
    0.326956    -0.531894    -0.504045
    0.574054     0.751079     0.173231
    0.574054    -0.751079     0.173231
    0.186075     0.751079     0.259237
    0.186075    -0.751079     0.259237
   -0.331122     0.751079     0.253167
   -0.331122    -0.751079     0.253167
    0.404085     0.751079     0.260591
    0.404085    -0.751079     0.260591
  -0.0515557   -0.0237843     0.331544
  -0.0515557     -1.52594     0.331544
    0.364797     0.751079     0.245664
    0.364797    -0.751079     0.245664
   -0.630011     0.751079     0.234949
   -0.630011    -0.751079     0.234949
     2.44597     0.751079     0.118032
     2.44597    -0.751079     0.118032
   -0.579061    -0.536476     0.201616
     1.58073    -0.536476     0.201616
     1.07989     0.613247      0.37558
    -1.07989     0.613247      0.37558
   -0.393448     0.570395     0.504045
   -0.393448     0.570395    -0.504045
    -1.07989    -0.678013     0.250861
     1.07989    -0.678013     0.250861
    0.588404     0.751079     0.257806
    0.588404    -0.751079     0.257806
    0.530636     0.751079     0.281109
    0.530636    -0.751079     0.281109
    0.770189     0.751079     0.269816
    0.770189    -0.751079     0.269816
     1.07989    0.0763145     0.306778
    -1.07989    0.0763145     0.306778
     1.07989   -0.0395924     0.314956
    -1.07989   -0.0395924     0.314956
     1.07989    0.0239551     0.335252
    -1.07989    0.0239551     0.335252
   -0.357992    -0.340615     0.504045
   -0.357992    -0.340615    -0.504045
    0.551474     0.751079     0.303827
    0.551474    -0.751079     0.303827
     -0.3424     0.751079     0.348241
     -0.3424    -0.751079     0.348241
   -0.817808    -0.623778     0.504045
   -0.817808    -0.623778    -0.504045
    0.732503     -0.51808     0.504045
    0.732503     -0.51808    -0.504045
    0.230699    -0.473455     0.504045
    0.230699    -0.473455    -0.504045
  -0.0890933    -0.751079      0.16946
  -0.0890933     0.751079      0.16946
     1.07989    -0.556319     0.219078
    -1.07989    -0.556319     0.219078
     1.07989     0.689775     0.188465
    -1.07989     0.689775     0.188465
    0.366015    -0.711187     0.300624
    0.366015     0.790971     0.300624
    0.437572    -0.711187     0.297887
    0.437572     0.790971     0.297887
    0.207663    -0.711187     0.293054
    0.207663     0.790971     0.293054
    0.358295    -0.711187     0.299025
    0.358295     0.790971     0.299025
   -0.166144     0.751079     0.264635
   -0.166144    -0.751079     0.264635
    0.869665    -0.751079     0.380333
    0.869665     0.751079     0.380333
   -0.395156    -0.751079     0.349184
   -0.395156     0.751079     0.349184
    0.425499    -0.751079     0.380625
    0.425499     0.751079     0.380625
     0.97156    -0.582649     0.504045
     0.97156    -0.582649    -0.504045
   -0.699568    -0.751079     0.484822
   -0.699568     0.751079     0.484822
   -0.733661    -0.712653     0.504045
   -0.733661    -0.712653    -0.504045
  -0.0473439    -0.751079     0.444066
  -0.0473439     0.751079     0.444066
    0.259921    -0.573066     0.504045
    0.259921    -0.573066    -0.504045
     1.03397      0.49953     0.504045
     1.03397      0.49953    -0.504045
    0.360264     0.336611     0.504045
    0.360264     0.336611    -0.504045
    -0.77263    -0.696923     0.504045
    -0.77263    -0.696923    -0.504045
    0.723068    -0.524972     0.504045
    0.723068    -0.524972    -0.504045
   0.0937289     0.695394     0.504045
   0.0937289     0.695394    -0.504045
    0.908695    0.0785941     0.504045
    0.908695    0.0785941    -0.504045
     1.07989    -0.563706     0.311219
    -1.07989    -0.563706     0.311219
   -0.166264    -0.751079     0.302259
   -0.166264     0.751079     0.302259
    -0.23352    -0.746518     0.298841
    -0.23352      0.75564     0.298841
     1.07989      0.70021     0.279858
    -1.07989      0.70021     0.279858
     1.07989     0.672211     0.322482
    -1.07989     0.672211     0.322482
   -0.336869    -0.751079     0.296452
   -0.336869     0.751079     0.296452
   -0.443705    -0.417516     0.504045
   -0.443705    -0.417516    -0.504045
   -0.969721    -0.654196     0.504045
   -0.969721    -0.654196    -0.504045
    -1.07989     0.133918     0.325765
     1.07989     0.133918     0.325765
    -1.07989   -0.0777516     0.364725
     1.07989   -0.0777516     0.364725
    -1.07989      -0.3126     0.413905
     1.07989      -0.3126     0.413905
   -0.163539     -0.36528     0.504045
   -0.163539     -0.36528    -0.504045
   -0.891263    -0.475044     0.504045
   -0.891263    -0.475044    -0.504045
    0.322219    -0.364359     0.504045
    0.322219    -0.364359    -0.504045
     1.02463    -0.526493     0.504045
     1.02463    -0.526493    -0.504045
     1.07989    -0.597591     0.418645
    -1.07989    -0.597591     0.418645
    0.547793     0.751079     0.413765
    0.547793    -0.751079     0.413765
    -3.54717    -0.231604     0.259935
    -3.54717     -1.73376     0.259935
   -0.695677    -0.494638     0.504045
   -0.695677    -0.494638    -0.504045
    0.327505     -0.51321     0.504045
    0.327505     -0.51321    -0.504045
     1.07989    -0.561113     0.451668
    -1.07989    -0.561113     0.451668
    0.429099    -0.684388     0.504045
    0.429099    -0.684388    -0.504045
   0.0770236     0.751079    -0.475709
   0.0770236    -0.751079    -0.475709
    -0.81272    -0.561246     0.504045
    -0.81272    -0.561246    -0.504045
     1.07235     0.751079    -0.281307
     1.07235    -0.751079    -0.281307
     1.02903    -0.636316     0.504045
     1.02903    -0.636316    -0.504045
   -0.559003    -0.715354     0.504045
   -0.559003    -0.715354    -0.504045
    0.797628    -0.611467     0.504045
    0.797628    -0.611467    -0.504045
    -1.04231    -0.739745     0.504045
    -1.04231    -0.739745    -0.504045
    -1.05741     0.751079    -0.500302
    -1.05741    -0.751079    -0.500302
   -0.712629    -0.670772     0.504045
   -0.712629    -0.670772    -0.504045
   -0.713108     0.751079    -0.467335
   -0.713108    -0.751079    -0.467335
    0.629878    -0.582798     0.504045
    0.629878    -0.582798    -0.504045
   -0.875898     0.751079    -0.353125
   -0.875898    -0.751079    -0.353125
   -0.230072     -0.48786     0.322973
   -0.230072       1.0143     0.322973
    0.724016    -0.751079     0.184061
    0.724016     0.751079     0.184061
    0.602001    -0.751079     0.279757
    0.602001     0.751079     0.279757
   -0.503321    -0.751079      0.22765
   -0.503321     0.751079      0.22765
    0.561504    -0.751079     0.404753
    0.561504     0.751079     0.404753
     0.77268     0.742652     0.504045
     0.77268     0.742652    -0.504045
    -1.07989     0.747209     0.457942
     1.07989     0.747209     0.457942
   -0.455394    -0.582839     0.504045
   -0.455394    -0.582839    -0.504045
    -1.02942    -0.633778     0.504045
    -1.02942    -0.633778    -0.504045
  -0.0389686     0.553865     0.504045
  -0.0389686     0.553865    -0.504045
    -1.07989      0.71244     0.498126
     1.07989      0.71244     0.498126
    -1.03227     0.723487     0.504045
    -1.03227     0.723487    -0.504045
    0.794716      0.51245     0.504045
    0.794716      0.51245    -0.504045
    0.325444    -0.613003     0.504045
    0.325444    -0.613003    -0.504045
    0.213423     0.380061     0.504045
    0.213423     0.380061    -0.504045
    0.583495     -0.71979     0.504045
    0.583495     -0.71979    -0.504045
     1.02448     0.751079     0.388413
     1.02448    -0.751079     0.388413
     1.07547    -0.518748     0.504045
     1.07547    -0.518748    -0.504045
   -0.558535    -0.341922    0.0621846
   -0.558535     -1.84408    0.0621846
   -0.797613     -0.60194     0.504045
   -0.797613     -0.60194    -0.504045
    0.855982     0.751079     0.500711
    0.855982    -0.751079     0.500711
    0.863856     0.743105     0.504045
    0.863856     0.743105    -0.504045
    -1.07989     0.530194      0.37782
     1.07989     0.530194      0.37782
    0.409308     0.339862     0.504045
    0.409308     0.339862    -0.504045
   -0.664844    -0.715534     0.504045
   -0.664844    -0.715534    -0.504045
   -0.962788    0.0941007     0.504045
   -0.962788    0.0941007    -0.504045
   -0.494977     0.548398     0.504045
   -0.494977     0.548398    -0.504045
   0.0725548    -0.751079     0.479185
   0.0725548     0.751079     0.479185
   -0.237418    -0.396605     0.504045
   -0.237418    -0.396605    -0.504045
   -0.410465     -0.21798     0.504045
   -0.410465     -0.21798    -0.504045
    0.301805     0.109371     0.504045
    0.301805     0.109371    -0.504045
   -0.885322    -0.567798     0.504045
   -0.885322    -0.567798    -0.504045
    0.391127    -0.598359     0.504045
    0.391127    -0.598359    -0.504045
    0.468526    -0.448738     0.504045
    0.468526    -0.448738    -0.504045
    -0.70746     0.751079     0.326709
    -0.70746    -0.751079     0.326709
    0.357767     0.551517     0.504045
    0.357767     0.551517    -0.504045
    0.420544    -0.521153     0.504045
    0.420544    -0.521153    -0.504045
    0.254036    -0.485544     0.504045
    0.254036    -0.485544    -0.504045
    0.626266    -0.632349     0.504045
    0.626266    -0.632349    -0.504045
     0.45276    -0.602824     0.504045
     0.45276    -0.602824    -0.504045
  -0.0646725     0.751079     -0.32929
  -0.0646725    -0.751079     -0.32929
     1.07989     0.164898     0.423638
    -1.07989     0.164898     0.423638
   -0.385685   -0.0895737     0.504045
   -0.385685   -0.0895737    -0.504045
    0.548435     0.287905     0.504045
    0.548435     0.287905    -0.504045
  -0.0761586     0.181798     0.504045
  -0.0761586     0.181798    -0.504045
   -0.997414     0.472885     0.504045
   -0.997414     0.472885    -0.504045
   -0.405156     0.366142     0.504045
   -0.405156     0.366142    -0.504045
    0.878835     0.568445     0.504045
    0.878835     0.568445    -0.504045
    0.234611     0.265271     0.504045
    0.234611     0.265271    -0.504045
   -0.203809    -0.751079     0.268361
   -0.203809     0.751079     0.268361
     1.03899    -0.541929     0.504045
     1.03899    -0.541929    -0.504045
   -0.759268    -0.342552     0.504045
   -0.759268    -0.342552    -0.504045
   -0.455429   -0.0910587     0.504045
   -0.455429   -0.0910587    -0.504045
    0.265536     0.158737     0.504045
    0.265536     0.158737    -0.504045
    -1.06487   0.00483817     0.504045
    -1.06487   0.00483817    -0.504045
    0.275194    -0.166744     0.504045
    0.275194    -0.166744    -0.504045
    -1.07989    -0.160067     0.470252
     1.07989    -0.160067     0.470252
    -0.64879    -0.239709     0.504045
    -0.64879    -0.239709    -0.504045
      1.0248    -0.329975     0.504045
      1.0248    -0.329975    -0.504045
    -1.07989   -0.0377055     0.465123
     1.07989   -0.0377055     0.465123
   -0.514559   -0.0134969     0.504045
   -0.514559   -0.0134969    -0.504045
    0.631729    -0.084953     0.504045
    0.631729    -0.084953    -0.504045
    -1.02893   -0.0049071     0.504045
    -1.02893   -0.0049071    -0.504045
    0.387788    -0.228722     0.504045
    0.387788    -0.228722    -0.504045
   -0.665237     0.751079    -0.266582
   -0.665237    -0.751079    -0.266582
    -0.84677     0.751079    -0.297712
    -0.84677    -0.751079    -0.297712
   -0.261111     0.707961    -0.197168
     1.89868     0.707961    -0.197168
    0.192351    -0.751079    -0.182243
    0.192351     0.751079    -0.182243
   -0.898269     0.586988    -0.189695
   -0.898269      2.08915    -0.189695
   -0.406038    -0.751079     -0.23449
   -0.406038     0.751079     -0.23449
    0.783184     0.586988    -0.216272
    0.783184      2.08915    -0.216272
    0.370725    -0.751079    -0.275536
    0.370725     0.751079    -0.275536
     8.50018    -0.751079    -0.210121
     8.50018     0.751079    -0.210121
    -1.07989    -0.312691    -0.334528
     1.07989    -0.312691    -0.334528
    -1.07989    -0.180331    -0.341986
     1.07989    -0.180331    -0.341986
     1.07989    -0.593802    -0.297994
    -1.07989    -0.593802    -0.297994
     1.07989    -0.520312    -0.273742
    -1.07989    -0.520312    -0.273742
     1.07989    -0.355327    -0.368131
    -1.07989    -0.355327    -0.368131
     1.07989    -0.521083     -0.36367
    -1.07989    -0.521083     -0.36367
     1.07989    -0.316875    -0.362478
    -1.07989    -0.316875    -0.362478
     1.07989     -0.38811    -0.370323
    -1.07989     -0.38811    -0.370323
     4.28682    -0.253944    -0.397414
     4.28682      1.24821    -0.397414
    0.462577    -0.751079     -0.15623
    0.462577     0.751079     -0.15623
   -0.393518    -0.656218    -0.202108
   -0.393518      0.84594    -0.202108
     1.07989     0.736297    -0.219114
    -1.07989     0.736297    -0.219114
     1.07989     -0.68357    -0.192199
    -1.07989     -0.68357    -0.192199
     1.07989      0.55623    -0.147525
    -1.07989      0.55623    -0.147525
     1.07989     0.295257    -0.156014
    -1.07989     0.295257    -0.156014
   -0.256383     0.751079    -0.168665
   -0.256383    -0.751079    -0.168665
     1.07989     0.704673    -0.193489
    -1.07989     0.704673    -0.193489
     1.07989     0.647412    -0.181162
    -1.07989     0.647412    -0.181162
     1.07989    -0.677937    -0.239772
    -1.07989    -0.677937    -0.239772
  -0.0585815     0.751079    -0.165713
  -0.0585815    -0.751079    -0.165713
     1.07989     0.597567    -0.222413
    -1.07989     0.597567    -0.222413
   -0.539541    -0.715416    -0.160348
   -0.539541     -2.21757    -0.160348
     1.07989    -0.699346    -0.161449
    -1.07989    -0.699346    -0.161449
     1.07989    -0.573778    -0.236381
    -1.07989    -0.573778    -0.236381
    0.102916     0.751079    -0.260296
    0.102916    -0.751079    -0.260296
    -1.03652     0.751079    -0.241868
    -1.03652    -0.751079    -0.241868
   -0.707526     0.751079    -0.248814
   -0.707526    -0.751079    -0.248814
    0.752152      0.28296    -0.504045
    0.752152      0.28296     0.504045
    0.212391     0.751079    -0.205151
    0.212391    -0.751079    -0.205151
    -0.61544     0.751079    -0.293067
    -0.61544    -0.751079    -0.293067
    0.985751     0.751079    -0.248546
    0.985751    -0.751079    -0.248546
   -0.729524     0.751079    -0.254827
   -0.729524    -0.751079    -0.254827
     1.07989    -0.254838    -0.236596
    -1.07989    -0.254838    -0.236596
     1.07989      -0.2148    -0.268295
    -1.07989      -0.2148    -0.268295
     1.07989    -0.329584    -0.248191
    -1.07989    -0.329584    -0.248191
    -1.07989    -0.302078    -0.175343
     1.07989    -0.302078    -0.175343
    -1.07989   -0.0311594    -0.178159
     1.07989   -0.0311594    -0.178159
   -0.265646    -0.647788    -0.504045
   -0.265646    -0.647788     0.504045
   -0.400768    -0.566214    -0.504045
   -0.400768    -0.566214     0.504045
   -0.921478     0.751079    -0.362572
   -0.921478    -0.751079    -0.362572
     1.07989    -0.444541    -0.250925
    -1.07989    -0.444541    -0.250925
     1.07989    -0.550438    -0.303739
    -1.07989    -0.550438    -0.303739
     1.07989    -0.290822    -0.302373
    -1.07989    -0.290822    -0.302373
     1.07989    -0.382078    -0.316558
    -1.07989    -0.382078    -0.316558
     1.07989    -0.457873    -0.273164
    -1.07989    -0.457873    -0.273164
    0.756368     0.751079    -0.303374
    0.756368    -0.751079    -0.303374
    0.695092     0.751079    -0.391784
    0.695092    -0.751079    -0.391784
    0.289464     0.751079    -0.351595
    0.289464    -0.751079    -0.351595
     1.07989  -0.00995711    -0.328314
    -1.07989  -0.00995711    -0.328314
     1.07989     0.278465    -0.298868
    -1.07989     0.278465    -0.298868
     1.07989   -0.0385181    -0.332875
    -1.07989   -0.0385181    -0.332875
     1.07989    0.0275223    -0.372899
    -1.07989    0.0275223    -0.372899
    -1.07989      0.74835    -0.321675
     1.07989      0.74835    -0.321675
    -1.07989     0.516624    -0.301074
     1.07989     0.516624    -0.301074
   -0.974383     0.403881     -0.28136
   -0.974383      1.90604     -0.28136
   -0.984536     0.403881    -0.127314
   -0.984536      1.90604    -0.127314
    -1.03397    -0.751079    -0.313003
    -1.03397     0.751079    -0.313003
    -1.07989     0.572108    -0.301784
     1.07989     0.572108    -0.301784
   -0.884419     0.751079     -0.35031
   -0.884419    -0.751079     -0.35031
    0.631391     0.751079    -0.346287
    0.631391    -0.751079    -0.346287
    0.609749     0.751079    -0.358816
    0.609749    -0.751079    -0.358816
    0.814518     0.604457    -0.301272
    0.814518    -0.897701    -0.301272
     1.07989     0.310619    -0.281608
    -1.07989     0.310619    -0.281608
    0.640922     0.751079    -0.353739
    0.640922    -0.751079    -0.353739
    -1.07989     0.499988    -0.235704
     1.07989     0.499988    -0.235704
    0.979298      0.29503     0.271229
    0.979298     -1.20713     0.271229
    0.137308     0.751079    -0.315243
    0.137308    -0.751079    -0.315243
    -1.05074     0.751079    -0.313464
    -1.05074    -0.751079    -0.313464
    0.989815    -0.751079    -0.260742
    0.989815     0.751079    -0.260742
    0.112549    -0.751079    -0.222313
    0.112549     0.751079    -0.222313
    -0.20238     0.751079     0.113532
    -0.20238    -0.751079     0.113532
     1.07989    -0.623281     0.141844
    -1.07989    -0.623281     0.141844
  -0.0628475     0.751079     0.107832
  -0.0628475    -0.751079     0.107832
     1.07989     0.671789   -0.0332019
    -1.07989     0.671789   -0.0332019
    -1.07989    -0.748455     0.240588
     1.07989    -0.748455     0.240588
     0.66196     0.751079     0.110105
     0.66196    -0.751079     0.110105
    0.834581     0.751079     0.123419
    0.834581    -0.751079     0.123419
    0.840327     0.751079     0.106564
    0.840327    -0.751079     0.106564
    0.986637    -0.751079    -0.115253
    0.986637     0.751079    -0.115253
    -1.07989    -0.700844     0.228121
     1.07989    -0.700844     0.228121
     1.07989    0.0161906     0.248521
    -1.07989    0.0161906     0.248521
   -0.378329    -0.751079    -0.055799
   -0.378329     0.751079    -0.055799
   -0.740788    -0.751079   -0.0401555
   -0.740788     0.751079   -0.0401555
     1.07989      -0.7019     0.130693
    -1.07989      -0.7019     0.130693
     1.07989    -0.727407   -0.0377433
    -1.07989    -0.727407   -0.0377433
   -0.422922     0.751079     0.160339
   -0.422922    -0.751079     0.160339
   -0.422922     0.751079     0.160339
   -0.422922    -0.751079     0.160339
    -1.07989    -0.713701   -0.0355324
     1.07989    -0.713701   -0.0355324
    0.112132    -0.751079      0.16658
    0.112132     0.751079      0.16658
    -1.07989    -0.580206   -0.0385843
     1.07989    -0.580206   -0.0385843
    0.489047    -0.751079      0.15301
    0.489047     0.751079      0.15301
   -0.660184     0.751079    -0.101524
   -0.660184    -0.751079    -0.101524
     -0.8914    -0.329597    -0.271895
     -0.8914      1.17256    -0.271895
     1.07989     -0.27451   -0.0467054
    -1.07989     -0.27451   -0.0467054
     1.07989    -0.627328   -0.0372478
    -1.07989    -0.627328   -0.0372478
   -0.130032     0.751079 -0.000193071
   -0.130032    -0.751079 -0.000193071
   0.0330397     0.751079 -0.000641675
   0.0330397    -0.751079 -0.000641675
    0.135948     0.751079 -0.000838788
    0.135948    -0.751079 -0.000838788
    -1.07989    -0.553202  -0.00247609
     1.07989    -0.553202  -0.00247609
    -1.07989     -0.66519 -0.000293119
     1.07989     -0.66519 -0.000293119
   -0.463833     0.751079 -0.000409992
   -0.463833    -0.751079 -0.000409992
    0.265209     0.751079  -0.00101355
    0.265209    -0.751079  -0.00101355
    -1.07989    -0.529001   0.00440847
     1.07989    -0.529001   0.00440847
    0.815265     0.751079  0.000379024
    0.815265    -0.751079  0.000379024
    -1.07989     0.680507  0.000499411
     1.07989     0.680507  0.000499411
    -1.07989    -0.534205 -5.14839e-06
     1.07989    -0.534205 -5.14839e-06
    -1.07989    -0.707955  0.000105115
     1.07989    -0.707955  0.000105115
    -1.07989    -0.703381  0.000556609
     1.07989    -0.703381  0.000556609
    -9.57248    -0.751079  -0.00576104
    -9.57248     0.751079  -0.00576104
     1.07989    -0.165107 -0.000957418
    -1.07989    -0.165107 -0.000957418
     1.07989   -0.0172384  -0.00112395
    -1.07989   -0.0172384  -0.00112395
     1.07989    -0.291075  -0.00149618
    -1.07989    -0.291075  -0.00149618
     1.07989    -0.375508   -0.0019061
    -1.07989    -0.375508   -0.0019061
     1.07989    -0.323979 -0.000752328
    -1.07989    -0.323979 -0.000752328
     1.07989   -0.0603658  -0.00157947
    -1.07989   -0.0603658  -0.00157947
     1.07989    -0.278533 -5.50427e-05
    -1.07989    -0.278533 -5.50427e-05
   -0.049558     0.751079   0.00078359
   -0.049558    -0.751079   0.00078359
    0.409226     0.751079  -0.00201514
    0.409226    -0.751079  -0.00201514
    0.870021     0.751079  -0.00189993
    0.870021    -0.751079  -0.00189993
    0.514776     0.751079  -0.00222715
    0.514776    -0.751079  -0.00222715
    0.354578     0.751079   0.00378364
    0.354578    -0.751079   0.00378364
   -0.123643     0.751079     0.024426
   -0.123643    -0.751079     0.024426
     30.0525    -0.169853    0.0253017
     30.0525     -1.67201    0.0253017
    0.687282     0.751079  -0.00164589
    0.687282    -0.751079  -0.00164589
    0.620949     0.751079  -0.00511174
    0.620949    -0.751079  -0.00511174
    0.601966     0.751079 -0.000108244
    0.601966    -0.751079 -0.000108244
    0.562516     0.751079   0.00395662
    0.562516    -0.751079   0.00395662
    0.448992     0.751079   0.00144403
    0.448992    -0.751079   0.00144403
    0.466636     0.751079   0.00297861
    0.466636    -0.751079   0.00297861
   -0.640698     0.751079   0.00276584
   -0.640698    -0.751079   0.00276584
    0.419246     0.751079   0.00289217
    0.419246    -0.751079   0.00289217
     1.07989     0.601458    -0.001214
    -1.07989     0.601458    -0.001214
  -0.0290516    -0.751079  -0.00126539
  -0.0290516     0.751079  -0.00126539
     1.07989     0.681913  -0.00131466
    -1.07989     0.681913  -0.00131466
  -0.0536257    -0.751079  -0.00123976
  -0.0536257     0.751079  -0.00123976
     1.07989    -0.708466  0.000509556
    -1.07989    -0.708466  0.000509556
    0.624649     0.751079  -0.00157846
    0.624649    -0.751079  -0.00157846
    0.422065     0.751079  -0.00128737
    0.422065    -0.751079  -0.00128737
    0.825885     0.751079  -0.00111412
    0.825885    -0.751079  -0.00111412
    0.825931     0.751079  -0.00113941
    0.825931    -0.751079  -0.00113941
       1.012    -0.295523  -0.00454422
       1.012     -1.79768  -0.00454422
    -1.07989     -0.50064  -0.00133666
     1.07989     -0.50064  -0.00133666
    0.138097     0.751079  -0.00140481
    0.138097    -0.751079  -0.00140481
    -1.07989    -0.602833  -0.00162455
     1.07989    -0.602833  -0.00162455
   -0.216117     0.751079  -0.00209579
   -0.216117    -0.751079  -0.00209579
    0.819675     0.751079  -0.00118412
    0.819675    -0.751079  -0.00118412
    -7.57178     0.751079  -0.00654533
    -7.57178    -0.751079  -0.00654533
    0.619991     0.751079  -0.00141221
    0.619991    -0.751079  -0.00141221
    0.743525     0.751079  -0.00119885
    0.743525    -0.751079  -0.00119885
     -2.2079     0.751079     0.016321
     -2.2079    -0.751079     0.016321
     1.07989   0.00353227   0.00174673
    -1.07989   0.00353227   0.00174673
     1.07989   -0.0752816   0.00148385
    -1.07989   -0.0752816   0.00148385
     1.07989    0.0812321   0.00165895
    -1.07989    0.0812321   0.00165895
     1.07989     0.139711   0.00166091
    -1.07989     0.139711   0.00166091
     0.88905     0.751079   0.00252813
     0.88905    -0.751079   0.00252813
   -0.933628     0.751079   0.00258063
   -0.933628    -0.751079   0.00258063
    0.734039     0.751079   0.00200479
    0.734039    -0.751079   0.00200479
    0.869763     0.751079  0.000866012
    0.869763    -0.751079  0.000866012
   -0.979535     0.751079   0.00189082
   -0.979535    -0.751079   0.00189082
    0.749672     0.751079    0.0012789
    0.749672    -0.751079    0.0012789
    0.997953     0.751079   0.00250655
    0.997953    -0.751079   0.00250655
    -1.07989     0.718682 -0.000516196
     1.07989     0.718682 -0.000516196
    -1.07989     0.584687 -0.000593106
     1.07989     0.584687 -0.000593106
    0.289598     0.614774  -0.00115105
    0.289598    -0.887384  -0.00115105
    -1.07989     0.724874  -0.00260654
     1.07989     0.724874  -0.00260654
    -1.07989     0.613837 -0.000530409
     1.07989     0.613837 -0.000530409
    -1.07989     0.578164  -0.00163132
     1.07989     0.578164  -0.00163132
    -1.06319    -0.751079 -0.000668047
    -1.06319     0.751079 -0.000668047
    -1.07989     0.623048  -0.00138521
     1.07989     0.623048  -0.00138521
    0.218701    -0.751079  -0.00194724
    0.218701     0.751079  -0.00194724
    0.239791    -0.751079  -0.00187922
    0.239791     0.751079  -0.00187922
   -0.591364    -0.751079  9.30274e-05
   -0.591364     0.751079  9.30274e-05
    -1.07989     0.637875   -0.0013552
     1.07989     0.637875   -0.0013552
    0.302477    -0.751079  -0.00181466
    0.302477     0.751079  -0.00181466
    0.395062     0.379257 -0.000503728
    0.395062      -1.1229 -0.000503728
    0.634743     0.751079    0.0129694
    0.634743    -0.751079    0.0129694
      1.0444    -0.751079   0.00286252
      1.0444     0.751079   0.00286252
    0.818355    -0.751079   0.00231539
    0.818355     0.751079   0.00231539
    -1.07989   -0.0124448   0.00107845
     1.07989   -0.0124448   0.00107845
   -0.187527     0.751079   0.00155971
   -0.187527    -0.751079   0.00155971
     1.00052     0.751079   0.00403097
     1.00052    -0.751079   0.00403097
   -0.799578     0.751079    0.0022795
   -0.799578    -0.751079    0.0022795
    0.766154     0.751079   0.00759574
    0.766154    -0.751079   0.00759574
   -0.857661     0.751079   0.00375096
   -0.857661    -0.751079   0.00375096
    0.911927     0.751079   0.00550933
    0.911927    -0.751079   0.00550933
     1.02091     0.751079    0.0042888
     1.02091    -0.751079    0.0042888
    -1.00558     0.751079  0.000396031
    -1.00558    -0.751079  0.000396031
    -1.03846     0.751079  0.000331774
    -1.03846    -0.751079  0.000331774
    -1.05928     0.751079  0.000150866
    -1.05928    -0.751079  0.000150866
    -0.16636     0.751079    0.0032503
    -0.16636    -0.751079    0.0032503
   -0.345385     0.751079  0.000937706
   -0.345385    -0.751079  0.000937706
    0.533431    -0.751079  -0.00185454
    0.533431     0.751079  -0.00185454
   -0.985554    -0.751079  -0.00317742
   -0.985554     0.751079  -0.00317742
     1.01443    -0.751079  -0.00128673
     1.01443     0.751079  -0.00128673
   -0.903549     0.751079   0.00242128
   -0.903549    -0.751079   0.00242128
     1.03562     0.751079   0.00282735
     1.03562    -0.751079   0.00282735
     1.07989     0.524584   0.00106622
    -1.07989     0.524584   0.00106622
     1.07989     0.419542  0.000833038
    -1.07989     0.419542  0.000833038
    -1.07721    -0.751079  -0.00150655
    -1.07721     0.751079  -0.00150655
     1.07989    -0.750759  -0.00150549
    -1.07989    -0.750759  -0.00150549
   -0.147712    -0.751079 -0.000666252
   -0.147712     0.751079 -0.000666252
   -0.512121    -0.751079 -0.000869699
   -0.512121     0.751079 -0.000869699
     1.07989     0.603856  -0.00191442
    -1.07989     0.603856  -0.00191442
     1.07989     0.551898   -0.0021003
    -1.07989     0.551898   -0.0021003
   0.0913762    -0.751079  -0.00505052
   0.0913762     0.751079  -0.00505052
     1.07989     0.663925  -0.00183761
    -1.07989     0.663925  -0.00183761
   -0.467662    -0.751079     0.001485
   -0.467662     0.751079     0.001485
   0.0464203    -0.751079 -0.000853148
   0.0464203     0.751079 -0.000853148
    0.995996    -0.751079   0.00364565
    0.995996     0.751079   0.00364565
    0.353391    -0.751079   0.00353174
    0.353391     0.751079   0.00353174
     0.49486    -0.751079   0.00399764
     0.49486     0.751079   0.00399764
    0.395158    -0.751079   0.00399357
    0.395158     0.751079   0.00399357
    0.431167    -0.751079   0.00474506
    0.431167     0.751079   0.00474506
    -1.07989    0.0466609  0.000724547
     1.07989    0.0466609  0.000724547
     1.07989    -0.108389   0.00128637
    -1.07989    -0.108389   0.00128637
     1.07989   -0.0319595   0.00273166
    -1.07989   -0.0319595   0.00273166
     1.07989     0.083806   0.00151593
    -1.07989     0.083806   0.00151593
     1.07989   -0.0323024    0.0017946
    -1.07989   -0.0323024    0.0017946
     1.07989    -0.708411   0.00142683
    -1.07989    -0.708411   0.00142683
     1.07989    -0.555921   0.00113697
    -1.07989    -0.555921   0.00113697
     1.07989    -0.517499   0.00239849
    -1.07989    -0.517499   0.00239849
     1.07989    -0.592458   0.00331851
    -1.07989    -0.592458   0.00331851
    -1.07989     0.221026  0.000556297
     1.07989     0.221026  0.000556297
    -1.07989      0.18016  0.000722701
     1.07989      0.18016  0.000722701
    -1.07989     0.238441  0.000493089
     1.07989     0.238441  0.000493089
     1.07989    -0.729209  -0.00254748
    -1.07989    -0.729209  -0.00254748
   -0.348474     0.751079   7.3097e-05
   -0.348474    -0.751079   7.3097e-05
   -0.624912     0.751079    0.0012545
   -0.624912    -0.751079    0.0012545
     1.07989    -0.606349 -0.000208686
    -1.07989    -0.606349 -0.000208686
     1.07989    -0.678959 -8.20074e-05
    -1.07989    -0.678959 -8.20074e-05
     1.07989    -0.720025 -0.000871215
    -1.07989    -0.720025 -0.000871215
    -1.07989     0.610542  -0.00106955
     1.07989     0.610542  -0.00106955
   -0.531131    -0.751079  -0.00107962
   -0.531131     0.751079  -0.00107962
    0.461362    -0.751079  -0.00122332
    0.461362     0.751079  -0.00122332
   -0.137902    -0.751079  0.000715166
   -0.137902     0.751079  0.000715166
   -0.497614    -0.751079  -0.00317996
   -0.497614     0.751079  -0.00317996
  -0.0974293    -0.751079  0.000280022
  -0.0974293     0.751079  0.000280022
     1.05093    -0.751079 -0.000702285
     1.05093     0.751079 -0.000702285
    -1.07989     0.560279 -0.000802112
     1.07989     0.560279 -0.000802112
  -0.0943915    -0.751079 -0.000492534
  -0.0943915     0.751079 -0.000492534
    0.462133    -0.751079   0.00160815
    0.462133     0.751079   0.00160815
    0.190833    -0.751079  0.000747453
    0.190833     0.751079  0.000747453
     1.04154    -0.751079 -0.000332432
     1.04154     0.751079 -0.000332432
    0.438693    -0.751079   0.00201375
    0.438693     0.751079   0.00201375
    -0.92723    -0.751079  0.000419561
    -0.92723     0.751079  0.000419561
    -1.07989    -0.575689 -8.62136e-06
     1.07989    -0.575689 -8.62136e-06
    0.354477    -0.751079   0.00135891
    0.354477     0.751079   0.00135891
   0.0156297    -0.751079   0.00046438
   0.0156297     0.751079   0.00046438
     1.03706    -0.751079 -0.000455934
     1.03706     0.751079 -0.000455934
     1.07989    -0.635654   0.00107051
    -1.07989    -0.635654   0.00107051
     1.07989    -0.405373    0.0013018
    -1.07989    -0.405373    0.0013018
     1.07989    -0.605395  0.000923061
    -1.07989    -0.605395  0.000923061
     1.07989    -0.486012  0.000800343
    -1.07989    -0.486012  0.000800343
     1.07989    -0.441035   0.00209188
    -1.07989    -0.441035   0.00209188
   -0.316581     0.751079  -0.00764212
   -0.316581    -0.751079  -0.00764212
     1.07989    -0.607167  -0.00759714
    -1.07989    -0.607167  -0.00759714
   -0.550868     0.751079  -0.00719984
   -0.550868    -0.751079  -0.00719984
   -0.101255     0.751079  -0.00776569
   -0.101255    -0.751079  -0.00776569
     1.07989    -0.641479  -0.00777035
    -1.07989    -0.641479  -0.00777035
     1.07989     0.733977  -0.00821944
    -1.07989     0.733977  -0.00821944
     1.07989    -0.565726  -0.00825476
    -1.07989    -0.565726  -0.00825476
    -1.07989    -0.467909  -0.00212705
     1.07989    -0.467909  -0.00212705
    -1.07989    -0.454898  -0.00210337
     1.07989    -0.454898  -0.00210337
   -0.951305     -0.65538  0.000378313
   -0.951305     0.846778  0.000378313
     1.07989   -0.0632078  0.000436866
    -1.07989   -0.0632078  0.000436866
     1.07989      0.37061  0.000847441
    -1.07989      0.37061  0.000847441
     1.07989     0.140011  0.000720535
    -1.07989     0.140011  0.000720535
     1.07989   -0.0936988    0.0012205
    -1.07989   -0.0936988    0.0012205
     1.07989     0.204856  0.000484001
    -1.07989     0.204856  0.000484001
     1.07989     0.228121  0.000649734
    -1.07989     0.228121  0.000649734
    -1.07989     0.630756  -0.00946253
     1.07989     0.630756  -0.00946253
    0.330885     0.729109   -0.0114769
    0.330885    -0.773049   -0.0114769
    -1.07989    -0.736962   -0.0114589
     1.07989    -0.736962   -0.0114589
    -1.07989     0.706962   -0.0110964
     1.07989     0.706962   -0.0110964
    -1.07989     0.709693  -0.00659345
     1.07989     0.709693  -0.00659345
     1.07989    -0.067713   0.00119796
    -1.07989    -0.067713   0.00119796
     1.07989   -0.0950585   0.00179641
    -1.07989   -0.0950585   0.00179641
    -1.07989     0.642007 -0.000689789
     1.07989     0.642007 -0.000689789
   -0.581453    -0.751079 -0.000750362
   -0.581453     0.751079 -0.000750362
    0.408493    -0.751079 -0.000920629
    0.408493     0.751079 -0.000920629
  0.00719443    -0.751079  0.000497429
  0.00719443     0.751079  0.000497429
    -1.07989     0.466894  -0.00064244
     1.07989     0.466894  -0.00064244
    -1.07989     0.700511 -0.000507445
     1.07989     0.700511 -0.000507445
   -0.891019    -0.751079 -0.000501609
   -0.891019     0.751079 -0.000501609
    -1.07989     0.579545 -0.000366491
     1.07989     0.579545 -0.000366491
  -0.0503687    -0.751079 -0.000213379
  -0.0503687     0.751079 -0.000213379
     1.07989      0.53601   0.00229482
    -1.07989      0.53601   0.00229482
     1.07989     0.484063   0.00218958
    -1.07989     0.484063   0.00218958
     1.07989     0.483474   0.00220431
    -1.07989     0.483474   0.00220431
     1.07989    -0.589414  -0.00120453
    -1.07989    -0.589414  -0.00120453
   0.0997213     0.751079  -0.00127698
   0.0997213    -0.751079  -0.00127698
   -0.372244     0.751079  0.000437586
   -0.372244    -0.751079  0.000437586
     1.07989    -0.473509 -0.000286395
    -1.07989    -0.473509 -0.000286395
  -0.0719293     0.751079  -0.00206533
  -0.0719293    -0.751079  -0.00206533
     1.07989     -0.51429 -0.000596971
    -1.07989     -0.51429 -0.000596971
   -0.230976     0.751079  -0.00102511
   -0.230976    -0.751079  -0.00102511
     1.07989    -0.477496   0.00061243
    -1.07989    -0.477496   0.00061243
    -1.50729     0.751079   0.00853097
    -1.50729    -0.751079   0.00853097
    0.423111    -0.751079  0.000131126
    0.423111     0.751079  0.000131126
    0.431269    -0.751079  0.000185056
    0.431269     0.751079  0.000185056
    0.805286     0.751079  -0.00015935
    0.805286    -0.751079  -0.00015935
    0.878282     0.751079 -0.000123869
    0.878282    -0.751079 -0.000123869
    0.933741     0.751079 -7.83035e-05
    0.933741    -0.751079 -7.83035e-05
    0.979551     0.751079  6.92988e-05
    0.979551    -0.751079  6.92988e-05
    -1.07989     0.593735  -0.00131355
     1.07989     0.593735  -0.00131355
    -1.07989    -0.729742  -0.00065785
     1.07989    -0.729742  -0.00065785
    0.871659     0.565028   0.00420289
    0.871659     -0.93713   0.00420289
    -1.07989    -0.335867  3.06337e-05
     1.07989    -0.335867  3.06337e-05
    -1.07989    -0.398557 -0.000312892
     1.07989    -0.398557 -0.000312892
     1.07989     0.149824   0.00175631
    -1.07989     0.149824   0.00175631
     1.07989     0.508819  -0.00118019
    -1.07989     0.508819  -0.00118019
     1.07989     0.257431  0.000514943
    -1.07989     0.257431  0.000514943
     1.07989     0.192267  0.000699719
    -1.07989     0.192267  0.000699719
     1.07989     0.424799 -0.000274723
    -1.07989     0.424799 -0.000274723
    -1.07989    0.0501123   0.00132491
     1.07989    0.0501123   0.00132491
    -1.07989     0.101262   0.00107767
     1.07989     0.101262   0.00107767
    -1.07989    0.0847033   0.00116771
     1.07989    0.0847033   0.00116771
    0.912604     0.751079    0.0029747
    0.912604    -0.751079    0.0029747
    0.685202    -0.751079  0.000177308
    0.685202     0.751079  0.000177308
   -0.254778    -0.404549  0.000109126
   -0.254778      1.09761  0.000109126
     1.07989   -0.0186987   0.00239878
    -1.07989   -0.0186987   0.00239878
     1.07989     0.027519   0.00133919
    -1.07989     0.027519   0.00133919
     1.07989   -0.0181648   0.00139117
    -1.07989   -0.0181648   0.00139117
   -0.782336    -0.751079   0.00301905
   -0.782336     0.751079   0.00301905
   -0.951078    -0.751079   0.00388856
   -0.951078     0.751079   0.00388856
   -0.814932    -0.751079   0.00278899
   -0.814932     0.751079   0.00278899
   -0.224352    -0.751079   -0.0143363
   -0.224352     0.751079   -0.0143363
   -0.399873    -0.751079   0.00240009
   -0.399873     0.751079   0.00240009
   -0.081104    -0.751079   0.00207752
   -0.081104     0.751079   0.00207752
     1.07989     0.528991   0.00276438
    -1.07989     0.528991   0.00276438
    0.417775     0.751079  -0.00123225
    0.417775    -0.751079  -0.00123225
    0.737659     0.751079  -0.00156946
    0.737659    -0.751079  -0.00156946
    0.394679     0.751079  -0.00186581
    0.394679    -0.751079  -0.00186581
    0.143398     0.751079  -0.00165069
    0.143398    -0.751079  -0.00165069
    0.654734     0.751079  -0.00138187
    0.654734    -0.751079  -0.00138187
    0.619107     0.751079  -0.00472614
    0.619107    -0.751079  -0.00472614
    0.596436    -0.751079   0.00976394
    0.596436     0.751079   0.00976394
    0.441191    -0.751079   0.00590256
    0.441191     0.751079   0.00590256
    0.710957    -0.751079   0.00748287
    0.710957     0.751079   0.00748287
    0.973693    -0.751079   0.00274884
    0.973693     0.751079   0.00274884
    -0.97444    -0.751079   0.00276793
    -0.97444     0.751079   0.00276793
    -0.60956     0.751079  0.000834222
    -0.60956    -0.751079  0.000834222
    0.995414     0.751079   0.00369042
    0.995414    -0.751079   0.00369042
    0.827772     0.751079   0.00133263
    0.827772    -0.751079   0.00133263
    0.775232     0.751079  0.000484633
    0.775232    -0.751079  0.000484633
   -0.121685     0.751079  0.000177094
   -0.121685    -0.751079  0.000177094
    0.170936     0.751079   -0.0177634
    0.170936    -0.751079   -0.0177634
    0.334916     0.751079   0.00274421
    0.334916    -0.751079   0.00274421
    -1.07989    -0.704734   0.00128361
     1.07989    -0.704734   0.00128361
   -0.573738     0.751079  0.000661209
   -0.573738    -0.751079  0.000661209
    -1.07989     -0.65659  -0.00486785
     1.07989     -0.65659  -0.00486785
    -1.07989    -0.594989   0.00210723
     1.07989    -0.594989   0.00210723
    -1.07989    -0.635655   0.00215935
     1.07989    -0.635655   0.00215935
    0.191789    -0.751079  -0.00234914
    0.191789     0.751079  -0.00234914
   -0.557536    -0.751079 -0.000215808
   -0.557536     0.751079 -0.000215808
    -1.07989     0.630506  -0.00177254
     1.07989     0.630506  -0.00177254
    0.791311    -0.751079  -0.00224453
    0.791311     0.751079  -0.00224453
     1.07989    -0.546151  -0.00698054
    -1.07989    -0.546151  -0.00698054
     1.07989     -0.68366  -0.00733066
    -1.07989     -0.68366  -0.00733066
   -0.910559    -0.581423  -0.00107714
   -0.910559     0.920735  -0.00107714
     1.07989    -0.567334   -0.0011704
    -1.07989    -0.567334   -0.0011704
     1.07989    -0.614937 -0.000892787
    -1.07989    -0.614937 -0.000892787
     1.07989    -0.443462   0.00107645
    -1.07989    -0.443462   0.00107645
     1.07989    -0.590637  -0.00104112
    -1.07989    -0.590637  -0.00104112
    0.935027    -0.581423  -0.00110515
    0.935027     0.920735  -0.00110515
     1.07989    -0.533185   0.00107033
    -1.07989    -0.533185   0.00107033
     1.07989     0.463824  -0.00163979
    -1.07989     0.463824  -0.00163979
     1.07989     0.157604  0.000192715
    -1.07989     0.157604  0.000192715
     1.07989     0.384965 -0.000747223
    -1.07989     0.384965 -0.000747223
   -0.207153    -0.751079   -0.0156766
   -0.207153     0.751079   -0.0156766
   0.0682269    -0.751079  -0.00108308
   0.0682269     0.751079  -0.00108308
    0.381635    -0.751079   0.00204989
    0.381635     0.751079   0.00204989
    0.580105    -0.751079   0.00143794
    0.580105     0.751079   0.00143794
    0.411929    -0.751079   0.00237812
    0.411929     0.751079   0.00237812
    0.547309    -0.751079   0.00440186
    0.547309     0.751079   0.00440186
    0.959223    -0.751079    0.0043293
    0.959223     0.751079    0.0043293
   -0.963915    -0.751079   0.00526991
   -0.963915     0.751079   0.00526991
    0.990771    -0.751079   0.00112634
    0.990771     0.751079   0.00112634
   -0.842749    -0.751079  0.000847074
   -0.842749     0.751079  0.000847074
   -0.603405    -0.751079  0.000370473
   -0.603405     0.751079  0.000370473
    -1.07989    -0.571275  -0.00277607
     1.07989    -0.571275  -0.00277607
 -0.00821449     0.751079  -0.00244814
 -0.00821449    -0.751079  -0.00244814
    0.258046     0.751079  -0.00299518
    0.258046    -0.751079  -0.00299518
    -1.07989    -0.571233  -0.00308005
     1.07989    -0.571233  -0.00308005
 -0.00769735     0.751079   -0.0030841
 -0.00769735    -0.751079   -0.0030841
    -1.07989    -0.486034  -0.00459961
     1.07989    -0.486034  -0.00459961
    -1.07989     -0.54116  -0.00250608
     1.07989     -0.54116  -0.00250608
     0.45136     0.751079   -0.0016162
     0.45136    -0.751079   -0.0016162
    -1.07989    -0.469463  -0.00250167
     1.07989    -0.469463  -0.00250167
     1.15888     0.751079  7.42869e-05
     1.15888    -0.751079  7.42869e-05
    -1.07989    -0.505568  -0.00235869
     1.07989    -0.505568  -0.00235869
     1.03884    -0.751079   -0.0010861
     1.03884     0.751079   -0.0010861
    -1.05707    -0.751079  -0.00127266
    -1.05707     0.751079  -0.00127266
   -0.338663    -0.751079  0.000580133
   -0.338663     0.751079  0.000580133
     0.70593    -0.654493   0.00030781
     0.70593     0.847665   0.00030781
    0.116221     0.568117    -0.504045
    0.116221     0.568117     0.504045
   -0.309915     0.751079   0.00279281
   -0.309915    -0.751079   0.00279281
    0.674766     0.751079   0.00703813
    0.674766    -0.751079   0.00703813
    0.742164     0.751079   0.00116945
    0.742164    -0.751079   0.00116945
    0.876389     0.751079   0.00301704
    0.876389    -0.751079   0.00301704
    0.219326    -0.751079  -0.00257068
    0.219326     0.751079  -0.00257068
    -1.07989     0.510262  -0.00417849
     1.07989     0.510262  -0.00417849
    0.488678    -0.751079  -0.00697795
    0.488678     0.751079  -0.00697795
    0.482701    -0.751079  -0.00239252
    0.482701     0.751079  -0.00239252
    0.901096    -0.751079  -0.00269912
    0.901096     0.751079  -0.00269912
    -1.07989    -0.268932  0.000325276
     1.07989    -0.268932  0.000325276
     1.07989    -0.535585   0.00585481
    -1.07989    -0.535585   0.00585481
     1.07989    -0.549927   0.00764979
    -1.07989    -0.549927   0.00764979
     1.07989    -0.467976   0.00764857
    -1.07989    -0.467976   0.00764857
     1.07989     0.746068  -0.00279386
    -1.07989     0.746068  -0.00279386
   -0.397804    -0.751079   -0.0161811
   -0.397804     0.751079   -0.0161811
    -0.17804    -0.751079  -0.00261209
    -0.17804     0.751079  -0.00261209
   0.0490145    -0.751079  -0.00138306
   0.0490145     0.751079  -0.00138306
    0.801071     0.560201  -0.00208354
    0.801071    -0.941957  -0.00208354
    -1.07989    -0.637909  -0.00386058
     1.07989    -0.637909  -0.00386058
   -0.787973    -0.751079   0.00234981
   -0.787973     0.751079   0.00234981
   -0.644635    -0.751079  0.000134847
   -0.644635     0.751079  0.000134847
    0.577196    -0.751079  -0.00125224
    0.577196     0.751079  -0.00125224
     1.07989     -0.37645    0.0120269
    -1.07989     -0.37645    0.0120269
     1.07989    -0.442987    0.0132375
    -1.07989    -0.442987    0.0132375
     1.07989    -0.336232    0.0133261
    -1.07989    -0.336232    0.0133261
    0.666496     0.751079    0.0146536
    0.666496    -0.751079    0.0146536
    0.817944     0.751079    0.0125059
    0.817944    -0.751079    0.0125059
     1.07989    -0.651339  -0.00781543
    -1.07989    -0.651339  -0.00781543
  -0.0806031     0.751079  -0.00892298
  -0.0806031    -0.751079  -0.00892298
    -0.33938     0.751079  0.000495506
    -0.33938    -0.751079  0.000495506
    -0.77412     0.751079   0.00140676
    -0.77412    -0.751079   0.00140676
    -1.02649     0.751079   0.00186734
    -1.02649    -0.751079   0.00186734
    0.624708     0.745559   0.00389099
    0.624708    -0.756599   0.00389099
    0.628572     0.745559   0.00384043
    0.628572    -0.756599   0.00384043
    0.627344     0.745559   0.00380833
    0.627344    -0.756599   0.00380833
    0.764892    -0.751079    0.0120801
    0.764892     0.751079    0.0120801
    -1.01969    -0.751079   0.00662403
    -1.01969     0.751079   0.00662403
     1.07989    -0.646544  0.000426142
    -1.07989    -0.646544  0.000426142
     1.07989    -0.669906   0.00243227
    -1.07989    -0.669906   0.00243227
     1.07989    -0.572229   0.00234147
    -1.07989    -0.572229   0.00234147
     1.07989    -0.186313   0.00202169
    -1.07989    -0.186313   0.00202169
     1.07989    0.0783067   0.00139026
    -1.07989    0.0783067   0.00139026
     1.07989   -0.0848646   0.00179867
    -1.07989   -0.0848646   0.00179867
     1.07989    -0.131158    0.0028106
    -1.07989    -0.131158    0.0028106
     1.07989    -0.580658 -0.000662109
    -1.07989    -0.580658 -0.000662109
     2.34802    -0.687231   0.00227384
     2.34802     0.814927   0.00227384
   -0.815879     0.751079   0.00310657
   -0.815879    -0.751079   0.00310657
    0.416509     0.751079   0.00320885
    0.416509    -0.751079   0.00320885
    -1.07989    -0.665125  0.000947548
     1.07989    -0.665125  0.000947548
    -1.07989     0.674309   0.00104148
     1.07989     0.674309   0.00104148
     1.07989     0.525733 -0.000938974
    -1.07989     0.525733 -0.000938974
     1.07989     0.628258  -0.00110289
    -1.07989     0.628258  -0.00110289
   -0.284575    -0.751079 -0.000805095
   -0.284575     0.751079 -0.000805095
   -0.130258    -0.751079 -0.000542186
   -0.130258     0.751079 -0.000542186
    0.585168    -0.751079  0.000845412
    0.585168     0.751079  0.000845412
     1.07989    -0.241592  0.000932321
    -1.07989    -0.241592  0.000932321
     1.07989    -0.256395   0.00014127
    -1.07989    -0.256395   0.00014127
     1.07989    -0.291187  0.000881581
    -1.07989    -0.291187  0.000881581
    0.782415    -0.695248     0.504045
    0.782415    -0.695248    -0.504045
    -1.07989    -0.747013  -0.00149475
     1.07989    -0.747013  -0.00149475
     1.07989    -0.407967   0.00121238
    -1.07989    -0.407967   0.00121238
     1.07989    -0.442725  0.000129565
    -1.07989    -0.442725  0.000129565
    0.488306    -0.327199  -0.00318709
    0.488306      1.17496  -0.00318709
   -0.733792     0.751079     0.004564
   -0.733792    -0.751079     0.004564
    0.863295     0.751079   0.00878552
    0.863295    -0.751079   0.00878552
    0.355584     0.751079   0.00555959
    0.355584    -0.751079   0.00555959
   -0.723408     0.751079   0.00970211
   -0.723408    -0.751079   0.00970211
    0.378265    -0.751079  -0.00136061
    0.378265     0.751079  -0.00136061
    -1.07989    -0.731216  -0.00436726
     1.07989    -0.731216  -0.00436726
     1.07989     0.653584   -0.0196706
    -1.07989     0.653584   -0.0196706
     1.07989     0.569175   -0.0140244
    -1.07989     0.569175   -0.0140244
    -1.07989     0.248748  0.000673341
     1.07989     0.248748  0.000673341
  -0.0892174    -0.751079  0.000863329
  -0.0892174     0.751079  0.000863329
     1.03509    -0.751079   0.00142413
     1.03509     0.751079   0.00142413
    0.728903     0.751079  -0.00203971
    0.728903    -0.751079  -0.00203971
    0.421549     0.751079 -0.000581923
    0.421549    -0.751079 -0.000581923
    0.885631     0.751079  -0.00397222
    0.885631    -0.751079  -0.00397222
    -1.07989     0.277297 -3.67732e-05
     1.07989     0.277297 -3.67732e-05
    -1.07989     0.309321 -0.000190442
     1.07989     0.309321 -0.000190442
    -1.07989      0.51791 -0.000190818
     1.07989      0.51791 -0.000190818
     1.07989     0.716403  0.000220092
    -1.07989     0.716403  0.000220092
    -1.07989   -0.0274083   0.00129814
     1.07989   -0.0274083   0.00129814
    -1.07989     0.458542  -0.00116164
     1.07989     0.458542  -0.00116164
    -1.07989     0.457436  -0.00115369
     1.07989     0.457436  -0.00115369
    -1.07989     0.476217  -0.00115156
     1.07989     0.476217  -0.00115156
    -1.07989    -0.694181   0.00407912
     1.07989    -0.694181   0.00407912
     1.07989       0.4418  0.000527924
    -1.07989       0.4418  0.000527924
    -1.07989    -0.608336  -0.00255105
     1.07989    -0.608336  -0.00255105
   -0.153787     0.751079  -0.00271347
   -0.153787    -0.751079  -0.00271347
    -1.07989    -0.549917  -0.00189467
     1.07989    -0.549917  -0.00189467
     1.07989     0.118726  0.000565052
    -1.07989     0.118726  0.000565052
     1.07989    0.0329333   0.00166656
    -1.07989    0.0329333   0.00166656
     1.07989     0.145817  0.000478227
    -1.07989     0.145817  0.000478227
     1.07989     0.681449 -0.000420153
    -1.07989     0.681449 -0.000420153
    -1.07989    -0.406252   0.00330768
     1.07989    -0.406252   0.00330768
    -1.07989    -0.465038 -0.000329465
     1.07989    -0.465038 -0.000329465
     1.07989    -0.229004  -0.00111068
    -1.07989    -0.229004  -0.00111068
    0.688508     0.751079  -0.00199479
    0.688508    -0.751079  -0.00199479
    0.949959     0.751079  -0.00149541
    0.949959    -0.751079  -0.00149541
    0.925544     0.751079   -0.0015046
    0.925544    -0.751079   -0.0015046
    0.846179     0.751079  -0.00158551
    0.846179    -0.751079  -0.00158551
    0.601966     0.751079 -0.000108244
    0.601966    -0.751079 -0.000108244
     1.07989     0.681913  -0.00131466
    -1.07989     0.681913  -0.00131466
     1.07989    -0.708466  0.000509556
    -1.07989    -0.708466  0.000509556
   -0.857661     0.751079   0.00375096
   -0.857661    -0.751079   0.00375096
    0.793424    -0.751079   0.00572198
    0.793424     0.751079   0.00572198
   -0.316581     0.751079  -0.00764212
   -0.316581    -0.751079  -0.00764212
     1.07989    0.0663912  0.000915723
    -1.07989    0.0663912  0.000915723
    -1.07989     0.642007 -0.000689789
     1.07989     0.642007 -0.000689789
   -0.581453    -0.751079 -0.000750362
   -0.581453     0.751079 -0.000750362
     1.07989    -0.589414  -0.00120453
    -1.07989    -0.589414  -0.00120453
   0.0997213     0.751079  -0.00127698
   0.0997213    -0.751079  -0.00127698
     1.07989    -0.473509 -0.000286395
    -1.07989    -0.473509 -0.000286395
  -0.0719293     0.751079  -0.00206533
  -0.0719293    -0.751079  -0.00206533
    -1.07989     0.601788  -0.00184017
     1.07989     0.601788  -0.00184017
     1.07989     0.027519   0.00133919
    -1.07989     0.027519   0.00133919
   -0.719409    -0.751079   0.00757803
   -0.719409     0.751079   0.00757803
   -0.399873    -0.751079   0.00240009
   -0.399873     0.751079   0.00240009
    0.589873     0.751079  -0.00167177
    0.589873    -0.751079  -0.00167177
    0.394679     0.751079  -0.00186581
    0.394679    -0.751079  -0.00186581
     0.59464    -0.751079   0.00525352
     0.59464     0.751079   0.00525352
   -0.869761     0.751079   0.00257025
   -0.869761    -0.751079   0.00257025
   -0.830884     0.751079    0.0031914
   -0.830884    -0.751079    0.0031914
    -1.07989    -0.594989   0.00210723
     1.07989    -0.594989   0.00210723
    -1.07989    -0.635655   0.00215935
     1.07989    -0.635655   0.00215935
   -0.545217    -0.751079  -0.00203133
   -0.545217     0.751079  -0.00203133
    0.258046     0.751079  -0.00299518
    0.258046    -0.751079  -0.00299518
     1.07989    -0.442987    0.0132375
    -1.07989    -0.442987    0.0132375
     1.07989    -0.336232    0.0133261
    -1.07989    -0.336232    0.0133261
     1.07989   -0.0848646   0.00179867
    -1.07989   -0.0848646   0.00179867
    -1.07989    -0.706067  0.000976519
     1.07989    -0.706067  0.000976519
   -0.143838    -0.751079 -0.000951158
   -0.143838     0.751079 -0.000951158
   -0.284575    -0.751079 -0.000805095
   -0.284575     0.751079 -0.000805095
     1.07989    -0.600852   0.00132674
    -1.07989    -0.600852   0.00132674
    0.863295     0.751079   0.00878552
    0.863295    -0.751079   0.00878552
    0.926704     0.751079   0.00793964
    0.926704    -0.751079   0.00793964
    -1.07989     0.173617   0.00062765
     1.07989     0.173617   0.00062765
   -0.459523    -0.751079  0.000866839
   -0.459523     0.751079  0.000866839
    -1.07989    0.0519248   0.00117111
     1.07989    0.0519248   0.00117111
    -1.07989     0.404834 -8.61598e-05
     1.07989     0.404834 -8.61598e-05
    -1.07989     0.309321 -0.000190442
     1.07989     0.309321 -0.000190442
     1.07989       0.4418  0.000527924
    -1.07989       0.4418  0.000527924
    -1.07989     0.513352  0.000386604
     1.07989     0.513352  0.000386604