     1.79982            0         1.51
           0      1.50216            0
           0            0      11.2624
         350         1400            0
    0.255791    -0.309726  0.000175211
   0.0726013    -0.605493  0.000257751
    0.196608    -0.593295  0.000239551
   0.0351996    -0.382395  0.000259854
    0.507133    -0.540852  0.000141708
    0.546271    -0.460058 -0.000223161
    0.282793    -0.415816  0.000234345
    0.206352     -0.68587  0.000331291
    0.139905    -0.697289  0.000551857
    0.252979    -0.492027  0.000245518
    0.419769    -0.611327  0.000169517
    0.171709    -0.561412  0.000232083
     0.28318    -0.245731   0.00021834
    0.366982     0.328968 -0.000153904
  -0.0492968     -0.09377 -0.000119077
    0.143444  -0.00904827  8.24938e-05
    0.163535   -0.0966034  0.000144383
    0.591187     0.110277  8.84284e-05
    0.332426     -0.22835  0.000501602
    0.326638    -0.213451  0.000124286
    0.324003     0.125636 -3.57991e-05
    0.325342     0.225662 -0.000148375
    0.345382   -0.0559308  0.000130984
    0.453281   -0.0289314  0.000137545
    0.180255   -0.0902927  0.000175851
    0.310497  -0.00531413  0.000141521
     0.35815     0.130391  -6.1941e-05
    0.229265   -0.0643027  0.000469052
    0.329018    -0.137178  0.000198049
    0.246536    -0.290644  0.000217967
    0.364261    -0.282114  0.000131895
    0.374557    -0.175333  0.000154971
    0.213399    -0.363691  0.000139256
    -0.44285    -0.324158     0.246484
   -0.520485    -0.456991     0.243044
     0.65912    -0.376825     0.244032
   -0.799239    -0.236444     0.240982
    0.886262    -0.119628      0.24291
    0.815621   -0.0298576     0.241866
    0.784523    -0.298184     0.243381
   -0.735242    -0.311109     0.240505
    -0.59699     -0.12468     0.241613
    0.454631     0.664854     0.246572
    0.275057     0.405797     0.244529
    0.151672     0.404471     0.246999
    0.361997      0.53948     0.246339
    0.142415     0.596254     0.237651
   0.0353751     0.652247     0.251368
  -0.0366365    -0.188393     0.245365
    0.162146    -0.359366     0.244337
    0.119852    -0.501373      0.24408
    0.312078     0.706664     0.245622
   0.0142849     0.445896     0.243095
    0.525956    -0.669271     0.245553
     0.47622    -0.481166     0.242457
    0.651069    -0.311929     0.238822
    0.533922    -0.318482     0.245439
    0.717542    -0.528845     0.247282
   -0.403713     0.507685     0.243567
   -0.622558     0.568927     0.150574
   -0.190152     0.584069     0.136587
   -0.386526     0.745724     0.135579
   -0.542135     0.493902     0.148911
   -0.663406    -0.656023     0.132137
     0.13228     0.492218     0.138194
    0.804945     0.473078     0.142452
    0.752387     0.418498     0.137478
    0.700662     0.399668      0.14181
    0.649701     0.525003     0.120891
    0.397127     0.403359     0.136556
    0.357766     0.440129      0.13884
    0.163502    0.0882337     0.138259
    -0.29066    -0.358151      0.13303
   -0.297059    -0.317331     0.134564
   -0.245138    -0.122243     0.124487
   -0.588595   -0.0211369      0.13759
    0.261134     0.123729     0.137422
   -0.498646     0.285329     0.138917
   -0.326381    -0.498533     0.135196
    0.893153     0.398029     0.137475
   -0.634903      0.45164     0.133386
    -0.14415     0.381369     0.139401
   -0.147818    -0.487468     0.122885
   -0.779979     0.495571     0.152935
  -0.0903743     0.563613     0.137127
    -0.22658    -0.730109     0.135701
   -0.107823     0.318226     0.138045
    0.518518     0.606638     0.143994
   -0.763593    -0.733355     0.148018
    0.235619     0.584796      0.12596
    0.657202      0.14626     0.144116
   -0.661198   -0.0977253     0.136787
   -0.333079    -0.383115     0.242239
   -0.447155     -0.38958     0.235398
   -0.188239      -0.1225     0.241632
   0.0843503     0.135611     0.237541
    -0.29406     0.519113      0.23235
     0.88475    -0.663932     0.245558
    0.197628      0.47578     0.242737
    -0.41755    -0.036391     0.241609
  -0.0827576    -0.473888     0.131277
    0.640263     0.239237     0.244887
   -0.480877    -0.723463     0.243444
   -0.724589    -0.252908     0.134645
    0.409219    -0.395037     0.110206
    0.782046    -0.443893  0.000499482
    0.743949    -0.534926 -0.000365248
    0.786184    -0.460774  0.000418268
    0.774886    -0.330557   0.00223218
   -0.663192    -0.105458  0.000182715
   -0.583685   -0.0490206  0.000157344
    0.747518   -0.0153346  0.000186691
    0.858315    -0.169222  0.000236199
    -0.67463   -0.0528563  0.000181478
   -0.686356    -0.313386  0.000157743
   -0.773911   -0.0809394  0.000179372
    0.880233     -0.27127  0.000655897
    0.791826    -0.261862  0.000649891
   0.0678641    -0.567639     0.132175
    0.702861    -0.575562      0.13416
   0.0729621     -0.35858      0.13444
    0.762274    -0.578939     0.123328
   -0.657286     0.393175   0.00101644
   -0.724405     0.673099  0.000240151
   -0.665828     0.518865  0.000276328
    0.808773     0.523728  0.000227091
    0.348816     0.574453 -0.000225281
     0.45594     0.640589 -1.70954e-05
    0.763316     0.552402  7.13214e-05
   -0.782913     0.699825  0.000176063
   -0.723145     0.703355  0.000153908
    0.849449     0.670624  0.000149578
    0.641282     0.687714  0.000118418
    0.781338     0.570556   0.00012381
   -0.830471     0.622709  0.000216163
   -0.784606      0.47723  0.000182295
   -0.423708      0.23842      0.24966
   -0.120966     0.106653  0.000100539
   -0.190156   -0.0156008  0.000219855
   -0.351462     0.107663  0.000147576
   -0.240731     0.168193  6.72988e-05
   -0.194414     0.117857  0.000114126
   -0.294407    0.0380327   0.00015484
   -0.371981     0.189348  9.04752e-05
   -0.325502    -0.307585  7.51759e-06
  -0.0830409   -0.0890124  0.000215044
    -0.26269    -0.297264  0.000140255
   -0.463198    -0.687297  0.000198263
   -0.439732    -0.352821 -0.000137871
   -0.348691    -0.305524  4.07828e-05
   -0.330432    0.0769597  0.000153838
   -0.254603    0.0793353  0.000115113
   -0.270373     0.647329  0.000547736
   -0.169983    -0.353663  0.000228605
   -0.124745     0.716379  0.000558958
   -0.450972    -0.532647  0.000227943
   -0.271685     -0.67647  0.000302094
   -0.274027    -0.492089  0.000250721
   -0.332604    -0.462968  0.000194448
    -0.26987    -0.434751  0.000243262
   -0.240996     0.577567  0.000356439
    0.213225     0.506986  -0.00185376
    0.166684     0.440544 -0.000318142
   -0.374162     0.335557   0.00015564
   -0.195955     0.660745  0.000262007
   -0.102879     0.571819  0.000341763
   -0.167771     0.551864  0.000231492
   -0.441405     0.406723  0.000237109
  -0.0241288     0.345623   0.00131031
   -0.420833     0.408134  0.000218124
   -0.317994     0.371286  0.000204112
   -0.143462     0.554517  0.000303621
   -0.149084     0.603381  0.000394073
   -0.176678     0.455828  0.000187745
   -0.121404     0.474286  0.000252129
   0.0478498     0.524427  0.000519078
   -0.278947     0.713299    0.0003329
   -0.168606     0.605952  0.000235957
   -0.254603    -0.404681  0.000225958
   -0.268259     0.257921  6.16725e-05
   -0.352596    -0.417036  0.000176419
   -0.232011    -0.680621  0.000295357
    -0.09275    -0.600366  0.000308996
   -0.257386     0.300086 -3.95023e-05
   -0.354384     0.249241  1.59451e-05
   -0.148329     0.666243  0.000401784
   -0.148497     0.235458  0.000129943
   -0.438651    -0.482824  0.000214682
   -0.408568    -0.629629  0.000253789
  -0.0647104     0.194496  -2.4727e-06
   -0.581367      0.41216   0.00018482
    -0.55155      0.62783  0.000198124
   -0.471918    -0.721523  0.000196009
   -0.416579         0.36  0.000233398
   -0.646239     0.448782  0.000333358
   -0.293342     0.557414  0.000356302
    -0.60336     -0.60604  0.000226282
   -0.564378     0.635234  0.000270172
   -0.435292     0.223075  0.000173727
   -0.457525     0.360841  0.000155554
   -0.615564     0.705851  0.000276688
   -0.278811     0.614762   0.00015008
   -0.430689     0.278443  0.000205817
   -0.390264     0.428725  0.000238839
   -0.615932     0.640748  0.000216438
   -0.473417    -0.604598  0.000228386
    0.755114      0.48115  0.000240339
    0.783673    -0.587114  0.000160219
    -0.55425    -0.686265  0.000237677
   -0.127659      0.26667 -6.91808e-05
    -0.50592    -0.283613 -0.000414209
   -0.487311   -0.0680204  0.000170061
   -0.636273    0.0518093  0.000157128
   -0.422037    -0.417634  0.000184016
   -0.574563    -0.357221  2.43651e-05
   -0.765647    -0.643482  0.000184331
   -0.397837    -0.261305  -1.6959e-05
    -0.70245    -0.288839  0.000205915
     0.80104     0.166149   0.00015948
   -0.834221     0.555831  0.000158634
   -0.600349    -0.705785  0.000248871
   -0.471104    -0.214637   0.00019105
   -0.385782     0.319861 -0.000121264
   0.0710824     0.409403   0.00013979
   -0.436927    -0.173617  0.000274246
   -0.683065    -0.617474  0.000223066
   -0.769997    -0.431498  9.86494e-05
    -0.50332     -0.64304  4.39573e-05
   -0.330569   -0.0528801  0.000173564
   -0.546829     0.529014  0.000285644
   -0.667973    -0.397752   0.00024104
   -0.695714    0.0200801  0.000180588
   -0.744642    -0.344305  0.000405485
   -0.557519     0.282284  0.000170972
   -0.827626    -0.453532  0.000788861
   -0.439297    0.0927925  0.000187217
   -0.260993    -0.190808  0.000197098
   -0.801587     0.192837   9.2638e-05
    0.829793     0.489498  7.96463e-05
   -0.616498     0.288306  0.000322348
    0.839522     0.606006     0.115265
   -0.363306    -0.390937       0.1359
    0.178251     0.436039     0.144408
    -0.24409    -0.494339     0.131196
  -0.0822436    0.0500635     0.145895
   -0.146036     0.486768     0.135833
    -0.28192     0.507506     0.244192
   -0.289469    -0.623604      0.24661
    0.849094      0.45858     0.249277
    0.553273     0.611193     0.246915
   -0.129591     0.225139     0.248555
   -0.671165    -0.234116     0.248794
   -0.619223     0.294293     0.245674
   -0.213685    -0.322445     0.245109
   -0.175759     0.313214     0.242147
   -0.768717    -0.169065  1.17662e-05
    0.778109    0.0824057  0.000149313
    0.590181   -0.0563507  0.000171265
    0.360101    -0.471294  0.000186167
    0.376392    -0.528132  0.000202849
     0.36962   -0.0999464  0.000121293
    0.183208    -0.185693  0.000150772
    0.603606    -0.507276  0.000242357
    0.423875    -0.247895  0.000312354
    0.423198    -0.333195  0.000185795
     0.66394     -0.43272 -0.000401319
    0.710756   -0.0988313  0.000303157
    0.504819    -0.266757  0.000217934
    0.617097    -0.272707  0.000651097
    0.430623    -0.286635  3.32289e-05
    0.291881    -0.330879  0.000220991
    0.587857   -0.0185855      0.13469
    0.168467    -0.320305     0.118399
    0.603439    -0.208689      0.24528
    0.219652    -0.435879     0.245135
    0.901337    -0.467285     0.248073
    0.666984   -0.0396826  0.000152424
    0.564814     0.179738   3.7465e-05
    0.728022    -0.653429  0.000209969
   -0.110731    0.0697942   7.2934e-05
    0.760882     0.028615  0.000172566
        0.23     0.474648 -0.000334795
    0.487325    -0.469706  0.000265263
    0.546463     0.683413  0.000461916
    0.517811     0.383121 -8.46658e-05
    0.280269     0.657801  7.39228e-05
    0.797332     -0.49492  0.000171285
     0.51049    -0.639458  0.000122245
    0.768511    -0.661566  0.000154907
    0.201857     0.222272 -0.000154867
   0.0147679     0.619526   0.00166653
    0.131168     0.468446 -0.000376737
   -0.373202     0.111338  0.000116222
    0.611327    -0.542332  0.000168615
    0.725484    -0.669527 -0.000260529
    0.827974    -0.465724  0.000235513
    0.325049     0.320955 -9.82713e-05
    0.291582    -0.372288  0.000137487
    0.458491     0.560628   0.00105812
    0.842188     0.180726  0.000111402
    0.407807      0.49911 -0.000232204
    0.212201     0.690698  8.52473e-05
    0.524412     -0.45942  0.000155501
    0.144108      0.67174     0.109475
    0.303516     0.328908     0.247416
    -0.32055    -0.028476     0.247728
    0.524242     0.184623  -8.5197e-06
    0.730574     0.137479  0.000108322
   -0.687258     0.447908  0.000310264
    0.694435     0.471598 -0.000142772
   0.0483203     0.126972 -5.65058e-06
    0.124241     0.275884 -0.000125202
    0.347658     0.544474  3.54213e-06
   -0.214871    -0.312588  0.000187725
    0.297918     0.625609  4.17157e-05
    -0.15541     0.134166 -2.07034e-05
    0.547869     0.265922 -1.58823e-05
     0.03456     0.703497   0.00030539
  -0.0939051    -0.069658   0.00015064
 -0.00233938     0.108543  1.79061e-05
   -0.219618    -0.189776  0.000143172
    0.276509    -0.290628 -0.000297174
    0.215296    0.0565392   4.1053e-05
    0.499079     0.272533 -8.35364e-05
    0.246036     0.424199  -0.00195621
  0.00666789     0.100646 -3.43459e-06
   0.0426587    -0.227672  0.000204554
  -0.0415823    -0.711401  0.000271934
    0.223566    -0.631834  0.000345127
    0.397815    -0.688067  0.000162442
   0.0833657    -0.554123  0.000285607
   0.0124727     0.660028  0.000303959
  -0.0565747      -0.4531  0.000413957
    0.268704   -0.0896041  0.000196329
   0.0219469    -0.714972   0.00117247
    0.242264    -0.212031  0.000228373
  -0.0193179    -0.129203  0.000327169
   0.0569279    -0.629784  0.000283562
     0.12327     0.667715  0.000475439
  -0.0682915    -0.400608  0.000216072
   -0.290677    -0.724278  0.000261494
    0.149359    -0.456128  0.000254804
    0.471207     0.698297  8.36143e-05
    0.114963     0.450587  4.22482e-05
  -0.0650089    -0.269376  0.000166231
    0.698385     0.272603  6.52138e-05
    -0.16534    -0.449282  0.000226154
   -0.192782    -0.669718  0.000318634
   0.0109215     -0.10278  0.000483883
    0.137884     0.169106  -0.00133001
     1.20055    -0.734928      2.24234
   -0.599271    -0.734928      2.24234
   -0.149585     0.751079      1.68837
   -0.149585    -0.751079      1.68837
   -0.141994     0.751079      2.22965
   -0.141994    -0.751079      2.22965
   -0.463924     0.751079       1.8745
   -0.463924    -0.751079       1.8745
      1.1847     0.682119      2.12409
   -0.615125     0.682119      2.12409
   -0.386715     0.751079      2.16204
   -0.386715    -0.751079      2.16204
     1.25649     0.659369      2.65958
    -0.54333     0.659369      2.65958
     1.16744     0.725564      1.99538
   -0.632382     0.725564      1.99538
   -0.318075     0.670195      1.21681
   -0.318075    -0.831963      1.21681
   -0.286328     0.670195      1.66564
   -0.286328    -0.831963      1.66564
     1.14346     0.570671      1.81647
   -0.656368     0.570671      1.81647
     1.08179      0.47649      1.35654
   -0.718034      0.47649      1.35654
   0.0699058    -0.713429        1.429
   0.0699058     0.788729        1.429
    0.545846    -0.713429      7.72172
    0.545846     0.788729      7.72172
    0.106263    -0.713429      2.35708
    0.106263     0.788729      2.35708
   -0.730933     0.692561      1.26034
     1.06889     0.692561      1.26034
   -0.731426        0.673      1.25666
      1.0684        0.673      1.25666
   -0.750264    -0.623756      1.11615
     1.04956    -0.623756      1.11615
    0.626365     0.737772      1.71437
    0.626365    -0.764386      1.71437
    -0.72326     0.459134      1.31756
     1.07656     0.459134      1.31756
    -0.31795     0.469238      4.34058
     1.48187     0.469238      4.34058
    0.700508     0.737772      1.93959
    0.700508    -0.764386      1.93959
   -0.338945     0.669015      4.18399
     1.46088     0.669015      4.18399
   -0.179911     0.563526      5.37014
     1.61991     0.563526      5.37014
    0.664005     0.737772      1.87695
    0.664005    -0.764386      1.87695
   -0.685752     0.730022      1.59732
     1.11407     0.730022      1.59732
     1.06273     0.732759      1.64673
     1.06273    -0.769399      1.64673
     1.07892     0.647621      1.33514
   -0.720903     0.647621      1.33514
     1.10839     0.168942      1.55493
   -0.691435     0.168942      1.55493
     1.16795     0.497949      1.99915
   -0.631877     0.497949      1.99915
    0.823336     0.444724      2.23922
    0.823336     -1.05743      2.23922
     1.20391    -0.737359      2.26736
   -0.595916    -0.737359      2.26736
     1.12121      0.45568      1.65059
    -0.67861      0.45568      1.65059
      1.1029     0.157558      1.51396
   -0.696929     0.157558      1.51396
    0.523871    -0.672631      1.82668
    0.523871     0.829527      1.82668
    0.323706    -0.672631      1.27872
    0.323706     0.829527      1.27872
     0.42844    -0.672631      3.57767
     0.42844     0.829527      3.57767
   -0.337259     0.751079       2.0343
   -0.337259    -0.751079       2.0343
    0.520553     0.751079      2.60809
    0.520553    -0.751079      2.60809
    0.230208     0.751079      2.17934
    0.230208    -0.751079      2.17934
   -0.313289     0.751079      2.68044
   -0.313289    -0.751079      2.68044
    0.778323    -0.235119      6.23726
    0.778323     -1.73728      6.23726
   -0.146074     0.751079      3.12956
   -0.146074    -0.751079      3.12956
    0.119873     0.751079       1.3916
    0.119873    -0.751079       1.3916
   -0.343813     0.634824      0.47772
     1.45601     0.634824      0.47772
     1.08686     0.457777      1.39434
   -0.712967     0.457777      1.39434
   -0.756599     0.723699       1.0689
     1.04322     0.723699       1.0689
    0.823544     0.605789      1.45486
    0.823544    -0.896369      1.45486
    0.836198     0.605789      1.82521
    0.836198    -0.896369      1.82521
     1.11713   -0.0295333      1.62012
   -0.682695   -0.0295333      1.62012
     1.10317    -0.110515      1.51604
    -0.69665    -0.110515      1.51604
     1.11033   -0.0631682      1.56943
    -0.68949   -0.0631682      1.56943
    0.178276     0.751079      1.34171
    0.178276    -0.751079      1.34171
  -0.0232661     0.751079      1.51829
  -0.0232661    -0.751079      1.51829
   -0.450299    -0.751079      1.23273
   -0.450299     0.751079      1.23273
     1.14489    -0.645082      1.82716
   -0.654935    -0.645082      1.82716
     1.13833     0.571904      1.77822
   -0.661498     0.571904      1.77822
       0.568    -0.751079       2.0629
       0.568     0.751079       2.0629
    0.759131    -0.751079      1.87592
    0.759131     0.751079      1.87592
   0.0994847    -0.751079      1.65471
   0.0994847     0.751079      1.65471
    0.446037    -0.751079      1.25573
    0.446037     0.751079      1.25573
   -0.376112     0.751079      1.64008
   -0.376112    -0.751079      1.64008
     1.09011    -0.751079      2.49471
     1.09011     0.751079      2.49471
   -0.136833    -0.751079      1.58315
   -0.136833     0.751079      1.58315
    0.431973    -0.751079     0.927284
    0.431973     0.751079     0.927284
   -0.370468    -0.751079      1.52334
   -0.370468     0.751079      1.52334
   -0.675539    -0.751079     -2.19896
   -0.675539     0.751079     -2.19896
   -0.458916    -0.751079     -3.85621
   -0.458916     0.751079     -3.85621
     1.10467    -0.672424       1.5272
   -0.695153    -0.672424       1.5272
     1.58053     0.524066      5.07466
     1.58053      2.02622      5.07466
   -0.443532    -0.751079      1.85532
   -0.443532     0.751079      1.85532
     1.09195     0.581959      1.43235
    -0.70787     0.581959      1.43235
     1.16089     0.549338      1.94654
    -0.63893     0.549338      1.94654
      1.0168     0.524066       2.2362
      1.0168      2.02622       2.2362
   -0.670409    0.0422459      1.71176
     1.12942    0.0422459      1.71176
   -0.645027   -0.0915214      1.90107
      1.1548   -0.0915214      1.90107
    -0.21918    -0.415796      5.07725
     1.58064    -0.415796      5.07725
   -0.384032    -0.746671      1.52283
   -0.384032     0.755487      1.52283
     1.11987     -0.61921      1.64055
   -0.679956     -0.61921      1.64055
     0.97643     0.751079      1.72828
     0.97643    -0.751079      1.72828
   -0.379919    -0.430704    -0.851574
   -0.379919     -1.93286    -0.851574
     0.18771     0.751079      5.00172
     0.18771    -0.751079      5.00172
   -0.699743     0.751079     0.456942
   -0.699743    -0.751079     0.456942
   -0.127555     0.751079      4.93614
   -0.127555    -0.751079      4.93614
   0.0893474     0.751079     -1.29693
   0.0893474    -0.751079     -1.29693
   -0.227703     -0.73407      1.51045
   -0.227703     0.768088      1.51045
   -0.159611    -0.751079      1.59489
   -0.159611     0.751079      1.59489
   -0.247099     -0.73407      1.48631
   -0.247099     0.768088      1.48631
     1.03434    -0.751079      2.56795
     1.03434     0.751079      2.56795
    0.277625    -0.751079      1.82917
    0.277625     0.751079      1.82917
     1.05477    -0.751079      1.60105
     1.05477     0.751079      1.60105
    0.909695    -0.751079      1.83365
    0.909695     0.751079      1.83365
    0.965515    -0.751079      1.15543
    0.965515     0.751079      1.15543
   -0.215648     0.684278       5.1036
     1.58418     0.684278       5.1036
   -0.343695     0.431964      4.14855
     1.45613     0.431964      4.14855
    -1.44916     0.661764     -4.09658
    0.350664     0.661764     -4.09658
   0.0753752    -0.544001      2.33155
   0.0753752     -2.04616      2.33155
     1.26618     0.751079      3.54443
     1.26618    -0.751079      3.54443
   -0.684859     0.427136      1.56763
     1.11497     0.427136      1.56763
   -0.867553    -0.751079    -0.274265
   -0.867553     0.751079    -0.274265
    0.384844     0.751079   -0.0287673
    0.384844    -0.751079   -0.0287673
     1.08398    0.0715423       1.3729
    -0.71584    0.0715423       1.3729
    0.141885     0.751079      5.57176
    0.141885    -0.751079      5.57176
   -0.302755    -0.255603      4.45391
     1.49707    -0.255603      4.45391
    -0.41008    -0.122522      3.65342
     1.38974    -0.122522      3.65342
   -0.137791     0.751079      2.76187
   -0.137791    -0.751079      2.76187
   -0.152939     0.751079      2.74813
   -0.152939    -0.751079      2.74813
    0.267989      0.71947      3.05847
     2.06781      0.71947      3.05847
    0.353462    -0.751079      3.11613
    0.353462     0.751079      3.11613
   -0.372069     0.379732      3.00811
   -0.372069      1.88189      3.00811
     0.19327    -0.751079      2.95742
     0.19327     0.751079      2.95742
    0.562161     0.379732      2.65852
    0.562161      1.88189      2.65852
    0.934288    -0.751079      2.24966
    0.934288     0.751079      2.24966
    0.332023    -0.751079      2.74619
    0.332023     0.751079      2.74619
     2.26225    -0.751079      2.92219
     2.26225     0.751079      2.92219
    0.245464    -0.721894      2.89046
     2.04529    -0.721894      2.89046
   -0.524449    -0.394718       2.8004
     1.27537    -0.394718       2.8004
   -0.531971    -0.229277       2.7443
     1.26785    -0.229277       2.7443
   -0.528097    -0.291396      2.77319
     1.27173    -0.291396      2.77319
   -0.531721     -0.69952      2.74616
      1.2681     -0.69952      2.74616
   -0.530631    -0.687093      2.75429
     1.26919    -0.687093      2.75429
     1.26741     -0.43669      2.74099
   -0.532414     -0.43669      2.74099
     1.26678    -0.468163      2.73627
   -0.533048    -0.468163      2.73627
    0.988942    -0.399921      5.27605
    0.988942      1.10224      5.27605
    0.575863     0.664419      3.17139
    0.575863      2.16658      3.17139
   -0.208937    -0.751079      2.77861
   -0.208937     0.751079      2.77861
     1.28095     0.335232        2.842
   -0.518872     0.335232        2.842
     1.27326     0.106585      2.78461
   -0.526566     0.106585      2.78461
    0.114289     0.626641      2.70127
    0.114289    -0.875517      2.70127
     1.25111      0.53631      2.61942
   -0.548714      0.53631      2.61942
      1.2032    -0.729867      2.26209
   -0.596622    -0.729867      2.26209
  -0.0745258     0.626641      2.69538
  -0.0745258    -0.875517      2.69538
     1.21886     0.450931      2.37889
   -0.580963     0.450931      2.37889
    0.158917     0.751079      2.75065
    0.158917    -0.751079      2.75065
   -0.149494     0.751079      2.73452
   -0.149494    -0.751079      2.73452
   -0.461637     0.751079      2.73523
   -0.461637    -0.751079      2.73523
    -0.11878     0.751079        2.828
    -0.11878    -0.751079        2.828
    0.330416     0.751079      2.57842
    0.330416    -0.751079      2.57842
     1.25986     0.751079      2.73451
     1.25986    -0.751079      2.73451
     1.28293    -0.325622      2.85672
   -0.516898    -0.325622      2.85672
   -0.543636    -0.382154      2.65729
     1.25619    -0.382154      2.65729
   -0.544737   -0.0220404      2.64908
     1.25509   -0.0220404      2.64908
   -0.541457    -0.307211      2.67355
     1.25837    -0.307211      2.67355
   -0.526272    -0.439172      2.78681
     1.27355    -0.439172      2.78681
   -0.198674     0.751079      2.69062
   -0.198674    -0.751079      2.69062
     1.25261    -0.456749      2.63061
   -0.547214    -0.456749      2.63061
    -0.21123     0.751079      3.18106
    -0.21123    -0.751079      3.18106
    0.650423     0.751079      3.21169
    0.650423    -0.751079      3.21169
     1.29144     0.252304      2.92024
   -0.508381     0.252304      2.92024
     1.26331    -0.135741      2.71038
   -0.536518    -0.135741      2.71038
     1.26184   -0.0559281      2.69947
   -0.537981   -0.0559281      2.69947
    0.858023    -0.558438      2.77929
    0.858023      0.94372      2.77929
      1.0557     0.258577       2.6697
      1.0557      1.76073       2.6697
     1.27155     0.464836      2.77185
   -0.528277     0.464836      2.77185
   -0.495723     0.258577      2.80429
   -0.495723      1.76073      2.80429
   -0.455815    -0.751079      2.60498
   -0.455815     0.751079      2.60498
     1.24576    -0.712004       2.5795
   -0.554066    -0.712004       2.5795
     1.24979     0.426668      2.60955
   -0.550038     0.426668      2.60955
     1.24128    -0.724689       2.5461
   -0.558545    -0.724689       2.5461
      1.1919    -0.694495      2.75744
      1.1919     0.807663      2.75744
   -0.319518    -0.516616      2.79452
     1.48031    -0.516616      2.79452
  -0.0500585     0.751079      2.55986
  -0.0500585    -0.751079      2.55986
     0.52894     0.751079      2.22111
     0.52894    -0.751079      2.22111
     1.28676     0.218672       2.8853
   -0.513066     0.218672       2.8853
     1.25694    -0.184752      2.66287
   -0.542888    -0.184752      2.66287
   -0.532371      0.41028      2.74131
     1.26745      0.41028      2.74131
     0.57368      0.13307     0.584553
     0.57368     -1.36909     0.584553
   -0.364413     0.751079      2.74279
   -0.364413    -0.751079      2.74279
    -0.46131      0.43131      2.75791
     1.33851      0.43131      2.75791
     1.18562     0.751079      2.76307
     1.18562    -0.751079      2.76307
    0.500664     0.751079      2.63692
    0.500664    -0.751079      2.63692
   -0.510586    -0.538977       2.9038
     1.28924    -0.538977       2.9038
    -0.79299     0.751079     -2.45484
    -0.79299    -0.751079     -2.45484
    -1.30207     0.526046     -5.63119
    0.207929     0.526046      5.63119
    -1.17832     0.731177     -5.63119
    0.331681     0.731177      5.63119
    0.455532    -0.744703     -3.31442
    -1.34429    -0.744703     -3.31442
   -0.196368      0.64605     -5.63119
     1.31363      0.64605      5.63119
    -1.34177    -0.664542     -5.63119
    0.168226    -0.664542      5.63119
   -0.774248     0.751079      -2.5526
   -0.774248    -0.751079      -2.5526
    -1.33604     0.523362     -5.63119
    0.173955     0.523362      5.63119
    -1.21216    -0.724131     -5.63119
     0.29784    -0.724131      5.63119
   -0.909308    -0.530912     -5.63119
    0.600692    -0.530912      5.63119
   -0.323857     0.751079     -2.82837
   -0.323857    -0.751079     -2.82837
    -1.24117     0.502268     -5.63119
    0.268833     0.502268      5.63119
   -0.337954    -0.513099     -5.63119
     1.17205    -0.513099      5.63119
   -0.245136     0.751079     -3.04737
   -0.245136    -0.751079     -3.04737
   -0.900784     0.470093     -5.63119
    0.609216     0.470093      5.63119
   -0.474711    -0.462501     -5.63119
     1.03529    -0.462501      5.63119
   -0.465167    -0.484722     -5.63119
     1.04483    -0.484722      5.63119
   -0.823302    -0.600174     -5.63119
    0.686698    -0.600174      5.63119
    -1.49826    -0.653924     -5.63119
   0.0117428    -0.653924      5.63119
   -0.128445    -0.520186     -5.63119
     1.38156    -0.520186      5.63119
    -1.60028    -0.400877     -5.63119
  -0.0902783    -0.400877      5.63119
    -1.57691    -0.361516     -5.63119
  -0.0669123    -0.361516      5.63119
    -1.47753     -0.46119     -5.63119
   0.0324725     -0.46119      5.63119
    -1.18006      0.69658      -2.0895
    0.619763      0.69658      -2.0895
    -1.21216    -0.724131     -5.63119
     0.29784    -0.724131      5.63119
    -1.64953     0.412921     -5.63119
   -0.139531     0.412921      5.63119
   -0.296413     0.215782     -5.63119
     1.21359     0.215782      5.63119
    -1.39596     0.706678     -5.63119
    0.114041     0.706678      5.63119
    -1.48717   -0.0820449     -5.63119
   0.0228278   -0.0820449      5.63119
    0.865196   -0.0632172    -0.258932
   -0.934628   -0.0632172    -0.258932
   -0.449105    -0.142013     -5.63119
     1.06089    -0.142013      5.63119
    -1.64455     0.277889     -5.63119
   -0.134553     0.277889      5.63119
    -1.36722     0.537188     -5.63119
    0.142779     0.537188      5.63119
    -1.33344     0.544668     -5.63119
     0.17656     0.544668      5.63119
    -3.23996    -0.751079     -26.4105
    -3.23996     0.751079     -26.4105
   0.0324437     0.582057     -5.63119
     1.54244     0.582057      5.63119
    -2.16056    -0.751079     -17.8958
    -2.16056     0.751079     -17.8958
    0.647751     0.692029     -1.88075
    -1.15207     0.692029     -1.88075
   -0.442793    -0.621855     -5.63119
     1.06721    -0.621855      5.63119
    -1.24254     0.636187     -5.63119
    0.267462     0.636187      5.63119
   -0.227242     0.494154     -5.63119
     1.28276     0.494154      5.63119
  -0.0325943    -0.653275     -5.63119
     1.47741    -0.653275      5.63119
  -0.0514448    -0.646138     -5.63119
     1.45856    -0.646138      5.63119
   -0.150359    -0.747051     -5.63119
     1.35964    -0.747051      5.63119
   -0.549434     0.646909     -5.63119
    0.960566     0.646909      5.63119
   -0.418747     0.738281     -5.63119
     1.09125     0.738281      5.63119
   -0.786162      0.59042     -5.63119
    0.723838      0.59042      5.63119
   -0.436432     0.721612     -5.63119
     1.07357     0.721612      5.63119
    -0.63557     0.695171     -5.63119
     0.87443     0.695171      5.63119
   -0.366618     0.714386     -5.63119
     1.14338     0.714386      5.63119
    -543.306     0.426573     -4045.55
    -541.506     0.426573     -4045.55
    0.142898     0.337143     -5.63119
      1.6529     0.337143      5.63119
   -0.271031    -0.175574     -5.63119
     1.23897    -0.175574      5.63119
    -1.46875   -0.0761841     -5.63119
    0.041252   -0.0761841      5.63119
   -0.308282    -0.460183     -5.63119
     1.20172    -0.460183      5.63119
    -1.52678     0.372955     -5.63119
  -0.0167752     0.372955      5.63119
    -1.13934      0.35232     -5.63119
    0.370663      0.35232      5.63119
    -1.04085    -0.631433     -5.63119
    0.469153    -0.631433      5.63119
   -0.586912    0.0313965     -5.63119
    0.923088    0.0313965      5.63119
    -0.58785    -0.279299     -5.63119
     0.92215    -0.279299      5.63119
   -0.304998    -0.364209     -5.63119
       1.205    -0.364209      5.63119
   -0.931612    -0.146834     -5.63119
    0.578388    -0.146834      5.63119
   -0.304237    -0.495387     -5.63119
     1.20576    -0.495387      5.63119
   -0.422205    -0.482001     -5.63119
      1.0878    -0.482001      5.63119
     -1.0162    -0.132163     -5.63119
    0.493796    -0.132163      5.63119
    -1.02103    -0.411688     -5.63119
    0.488972    -0.411688      5.63119
     -1.4661    -0.716813     -5.63119
   0.0439036    -0.716813      5.63119
    -1.35073    -0.638159     -5.63119
    0.159273    -0.638159      5.63119
    0.107165     0.591429     -5.63119
     1.61716     0.591429      5.63119
    0.767817    -0.751079      4.54329
    0.767817     0.751079      4.54329
   -0.440385    -0.588655     -5.63119
     1.06962    -0.588655      5.63119
    -46.7132    -0.437001       -341.7
    -44.9134    -0.437001       -341.7
     1.06752    -0.751079      3.36285
     1.06752     0.751079      3.36285
  -0.0920138     0.595931     -5.63119
     1.41799     0.595931      5.63119
   -0.128445    -0.520186     -5.63119
     1.38156    -0.520186      5.63119
  -0.0594911     0.466353     -5.63119
     1.45051     0.466353      5.63119
   -0.326322     0.559024     -5.63119
     1.18368     0.559024      5.63119
    -51.8521      0.66414     -380.028
    -50.0522      0.66414     -380.028
   -0.617759     0.421478     -5.63119
    0.892241     0.421478      5.63119
    -1.55509     0.290983     -5.63119
  -0.0450931     0.290983      5.63119
    -1.15042     0.213666     -5.63119
    0.359581     0.213666      5.63119
    -1.41057    0.0482734     -5.63119
   0.0994274    0.0482734      5.63119
   -0.294233     0.352722     -5.63119
     1.21577     0.352722      5.63119
   -0.421392     0.624547     -5.63119
     1.08861     0.624547      5.63119
    -1.40153     -0.67145     -5.63119
    0.108468     -0.67145      5.63119
    -1.36606    -0.565806     -5.63119
    0.143942    -0.565806      5.63119
    -2.58155     0.751079     -23.3498
    -2.58155    -0.751079     -23.3498
    -1.57723      0.46961     -5.63119
  -0.0672346      0.46961      5.63119
    -1.10577     0.395045     -5.63119
    0.404228     0.395045      5.63119
    -0.73236     0.614331     -5.63119
     0.77764     0.614331      5.63119
   -0.595544     0.275276     -5.63119
    0.914456     0.275276      5.63119
    0.105059    -0.699362     -5.63119
     1.61506    -0.699362      5.63119
   -0.209536    -0.689853     -5.63119
     1.30046    -0.689853      5.63119
    0.114996    -0.664836      -2.1527
    0.114996     0.837322      -2.1527
   0.0516729    -0.393003     -5.63119
     1.56167    -0.393003      5.63119
    -1.33916    -0.389656     -5.63119
    0.170836    -0.389656      5.63119
    0.515468    -0.384077     -2.86738
    -1.28436    -0.384077     -2.86738
  -0.0809294    -0.434799     -5.63119
     1.42907    -0.434799      5.63119
   -0.364138     -0.51097     -5.63119
     1.14586     -0.51097      5.63119
   -0.195963    -0.734249     -5.63119
     1.31404    -0.734249      5.63119
    -1.62433    -0.692042     -5.63119
   -0.114334    -0.692042      5.63119
    0.369697     0.751079   0.00119547
    0.369697    -0.751079   0.00119547
   -0.899532    -0.630903   0.00283266
    0.900292    -0.630903   0.00283266
    0.806237     0.751079    -0.014467
    0.806237    -0.751079    -0.014467
   -0.902265     0.717465   -0.0175491
    0.897559     0.717465   -0.0175491
    0.467899     0.751079    0.0027323
    0.467899    -0.751079    0.0027323
    -0.89051    -0.655547    0.0701285
    0.909314    -0.655547    0.0701285
   -0.900958    -0.462901  -0.00780204
    0.898866    -0.462901  -0.00780204
   -0.900057    -0.602073  -0.00108152
    0.899767    -0.602073  -0.00108152
   -0.900477      0.66106  -0.00421454
    0.899347      0.66106  -0.00421454
   -0.905471     0.720153   -0.0414588
    0.894353     0.720153   -0.0414588
    -0.49918     -0.46471   0.00984055
    -0.49918      1.03745   0.00984055
   -0.233963     -0.46471    0.0246844
   -0.233963      1.03745    0.0246844
    0.898065    -0.267705   -0.0137782
   -0.901759    -0.267705   -0.0137782
    0.897722    -0.125542   -0.0163305
   -0.902102    -0.125542   -0.0163305
    0.898418    -0.413312   -0.0111401
   -0.901406    -0.413312   -0.0111401
    0.898443    -0.501407   -0.0109544
   -0.901381    -0.501407   -0.0109544
    0.899638    -0.449562  -0.00204673
   -0.900186    -0.449562  -0.00204673
   -0.854875     0.751079  0.000137968
   -0.854875    -0.751079  0.000137968
   -0.493205     0.751079   0.00232571
   -0.493205    -0.751079   0.00232571
   -0.172895     0.751079    0.0390572
   -0.172895    -0.751079    0.0390572
   -0.491655     0.751079  -0.00345724
   -0.491655    -0.751079  -0.00345724
   -0.475047     0.751079  -0.00715556
   -0.475047    -0.751079  -0.00715556
   -0.676061     0.751079 -0.000405719
   -0.676061    -0.751079 -0.000405719
   -0.783858     0.751079  -0.00217211
   -0.783858    -0.751079  -0.00217211
    -0.39818     0.751079   0.00307838
    -0.39818    -0.751079   0.00307838
   -0.206657     0.751079  0.000793106
   -0.206657    -0.751079  0.000793106
   -0.192121     0.751079   0.00105109
   -0.192121    -0.751079   0.00105109
   -0.364618     0.751079  0.000906066
   -0.364618    -0.751079  0.000906066
   -0.303777     0.751079   0.00202684
   -0.303777    -0.751079   0.00202684
   -0.716914    -0.751079   0.00164462
   -0.716914     0.751079   0.00164462
    0.900121     -0.67811    0.0015555
   -0.899703     -0.67811    0.0015555
   -0.341213    -0.751079   0.00150076
   -0.341213     0.751079   0.00150076
    0.900272     0.583725     0.002682
   -0.899552     0.583725     0.002682
   -0.552556    -0.751079    0.0100078
   -0.552556     0.751079    0.0100078
   -0.486613    -0.751079  0.000685645
   -0.486613     0.751079  0.000685645
    0.902913     0.698004     0.022381
   -0.896911     0.698004     0.022381
    0.870255     0.751079   0.00216601
    0.870255    -0.751079   0.00216601
   -0.706293     0.751079   0.00563391
   -0.706293    -0.751079   0.00563391
    0.363533    -0.367037    -0.123233
    0.363533      -1.8692    -0.123233
   -0.899672     -0.55216   0.00179149
    0.900152     -0.55216   0.00179149
    0.589815     0.751079   0.00168262
    0.589815    -0.751079   0.00168262
   -0.899679    -0.617502   0.00174075
    0.900145    -0.617502   0.00174075
   -0.687773     0.751079  0.000619457
   -0.687773    -0.751079  0.000619457
    0.884718     0.751079   0.00223612
    0.884718    -0.751079   0.00223612
   -0.210373     0.751079   -0.0158664
   -0.210373    -0.751079   -0.0158664
    0.855559     0.751079  -0.00391201
    0.855559    -0.751079  -0.00391201
   -0.787856     0.751079   0.00417396
   -0.787856    -0.751079   0.00417396
   -0.115756     0.751079    0.0806014
   -0.115756    -0.751079    0.0806014
    0.900209    -0.106561   0.00221608
   -0.899615    -0.106561   0.00221608
    0.900272    -0.174482   0.00268146
   -0.899552    -0.174482   0.00268146
    0.900198   -0.0544211   0.00213611
   -0.899626   -0.0544211   0.00213611
         0.9   -0.0127458  0.000653549
   -0.899824   -0.0127458  0.000653549
    0.480447     0.751079   0.00397892
    0.480447    -0.751079   0.00397892
    0.521577     0.751079   0.00647308
    0.521577    -0.751079   0.00647308
    0.646814     0.751079   0.00260598
    0.646814    -0.751079   0.00260598
    0.466658     0.751079   0.00607441
    0.466658    -0.751079   0.00607441
   -0.901178     0.632744  -0.00944563
    0.898646     0.632744  -0.00944563
    -0.90116     0.492781  -0.00931048
    0.898664     0.492781  -0.00931048
   -0.900898     0.645928  -0.00735274
    0.898926     0.645928  -0.00735274
   -0.902361     0.523613   -0.0182643
    0.897463     0.523613   -0.0182643
   -0.899603     0.479192   0.00230149
    0.900221     0.479192   0.00230149
   -0.565928    -0.751079    0.0103333
   -0.565928     0.751079    0.0103333
    -0.89965     0.508301   0.00195473
    0.900174     0.508301   0.00195473
    0.612458    -0.751079   0.00278507
    0.612458     0.751079   0.00278507
    0.740065    -0.751079   0.00424158
    0.740065     0.751079   0.00424158
    0.584605    -0.751079   0.00564029
    0.584605     0.751079   0.00564029
   -0.533515    -0.751079   0.00999885
   -0.533515     0.751079   0.00999885
   -0.899556     0.510523   0.00265516
    0.900268     0.510523   0.00265516
    0.726706    -0.751079   0.00165527
    0.726706     0.751079   0.00165527
   -0.491666     0.364381   0.00882488
   -0.491666     -1.13778   0.00882488
    0.487459    -0.751079   -0.0108599
    0.487459     0.751079   -0.0108599
    0.147039    -0.751079   0.00249094
    0.147039     0.751079   0.00249094
    0.646663    -0.751079  -0.00638743
    0.646663     0.751079  -0.00638743
    0.376528    -0.751079  -0.00652357
    0.376528     0.751079  -0.00652357
   -0.899673   -0.0937285   0.00178255
    0.900151   -0.0937285   0.00178255
   -0.845048     0.751079   0.00686519
   -0.845048    -0.751079   0.00686519
    0.459976     0.751079      0.01297
    0.459976    -0.751079      0.01297
    0.676456     0.751079   0.00619075
    0.676456    -0.751079   0.00619075
    0.322252     0.751079    0.0356838
    0.322252    -0.751079    0.0356838
    0.406315     0.751079    0.0172266
    0.406315    -0.751079    0.0172266
   -0.353369     0.751079   0.00451186
   -0.353369    -0.751079   0.00451186
   -0.386172     0.751079   0.00475251
   -0.386172    -0.751079   0.00475251
    -0.16338     0.751079    0.0287651
    -0.16338    -0.751079    0.0287651
    0.667997    -0.751079  0.000354021
    0.667997     0.751079  0.000354021
   -0.503709    -0.751079   0.00543694
   -0.503709     0.751079   0.00543694
    0.598018    -0.751079   0.00132206
    0.598018     0.751079   0.00132206
    0.827549    -0.751079     0.006096
    0.827549     0.751079     0.006096
   -0.767024    -0.751079   -0.0069801
   -0.767024     0.751079   -0.0069801
   -0.575153    -0.751079 -0.000347174
   -0.575153     0.751079 -0.000347174
    0.900158     0.437618   0.00183297
   -0.899666     0.437618   0.00183297
    0.900253     0.661953   0.00254296
   -0.899571     0.661953   0.00254296
    0.641494    -0.751079   0.00265533
    0.641494     0.751079   0.00265533
   -0.422135    -0.751079   0.00528832
   -0.422135     0.751079   0.00528832
    0.833747    -0.751079  -0.00329837
    0.833747     0.751079  -0.00329837
    0.900484     0.475019   0.00426872
    -0.89934     0.475019   0.00426872
   -0.805234    -0.751079   0.00477061
   -0.805234     0.751079   0.00477061
    0.900648    -0.682571   0.00548575
   -0.899176    -0.682571   0.00548575
   -0.338187    -0.751079   0.00361689
   -0.338187     0.751079   0.00361689
    0.900298     0.545609   0.00287672
   -0.899526     0.545609   0.00287672
       0.902    -0.751079    0.0536974
       0.902     0.751079    0.0536974
   -0.731503    -0.751079  -0.00228937
   -0.731503     0.751079  -0.00228937
   -0.255438    -0.751079  -0.00944819
   -0.255438     0.751079  -0.00944819
    0.116279     0.751079  0.000790165
    0.116279    -0.751079  0.000790165
  -0.0180879     0.751079   0.00205383
  -0.0180879    -0.751079   0.00205383
    0.301675     0.751079 -0.000372415
    0.301675    -0.751079 -0.000372415
    0.289118     0.751079  -0.00131562
    0.289118    -0.751079  -0.00131562
   -0.271258     0.751079   0.00167618
   -0.271258    -0.751079   0.00167618
   -0.204557     0.751079   0.00404917
   -0.204557    -0.751079   0.00404917
   -0.900383    -0.425795  -0.00351157
    0.899441    -0.425795  -0.00351157
   -0.853977   -0.0959832   0.00192431
    0.945847   -0.0959832   0.00192431
    0.900371    -0.200819   0.00342077
   -0.899453    -0.200819   0.00342077
    0.899633     -0.12176  -0.00208142
   -0.900191     -0.12176  -0.00208142
    0.900265   -0.0251119   0.00263052
   -0.899559   -0.0251119   0.00263052
    0.899398      0.69125   -0.0038363
   -0.900426      0.69125   -0.0038363
    0.899489    -0.642383  -0.00315721
   -0.900335    -0.642383  -0.00315721
    0.900478    -0.613433   0.00422499
   -0.899346    -0.613433   0.00422499
    0.902177     -0.68792    0.0168938
   -0.897647     -0.68792    0.0168938
   -0.899625    0.0678483   0.00214293
    0.900199    0.0678483   0.00214293
   -0.899133   0.00368888   0.00580944
    0.900691   0.00368888   0.00580944
   -0.899798     0.123863  0.000851745
    0.900026     0.123863  0.000851745
   -0.899699    0.0904407    0.0015885
    0.900125    0.0904407    0.0015885
   -0.898432   -0.0289552    0.0110361
    0.901392   -0.0289552    0.0110361
    0.900834     0.696964   0.00687445
    -0.89899     0.696964   0.00687445
   -0.523079     0.694448   0.00114829
   -0.523079     -0.80771   0.00114829
   -0.631399     0.694448   0.00418299
   -0.631399     -0.80771   0.00418299
    0.900274    -0.651363   0.00269975
    -0.89955    -0.651363   0.00269975
    0.900481    -0.750735   0.00424404
   -0.899343    -0.750735   0.00424404
    0.900656     0.698725   0.00554907
   -0.899168     0.698725   0.00554907
   -0.899696      -0.4616   0.00161446
    0.900128      -0.4616   0.00161446
    0.445019     0.751079   0.00323957
    0.445019    -0.751079   0.00323957
    0.668929     0.751079   0.00575008
    0.668929    -0.751079   0.00575008
     0.77597     0.751079  -0.00371698
     0.77597    -0.751079  -0.00371698
   -0.899805    -0.519255  0.000795094
    0.900019    -0.519255  0.000795094
   -0.388696     0.751079   0.00427688
   -0.388696    -0.751079   0.00427688
   -0.208439     0.751079   0.00331289
   -0.208439    -0.751079   0.00331289
  -0.0504072     0.751079   0.00395785
  -0.0504072    -0.751079   0.00395785
   -0.618842     -0.64615   0.00320398
     1.18098     -0.64615   0.00320398
   -0.270369    -0.751079   0.00386242
   -0.270369     0.751079   0.00386242
   -0.137526    -0.751079   0.00371152
   -0.137526     0.751079   0.00371152
   -0.480012    -0.751079  -0.00417465
   -0.480012     0.751079  -0.00417465
    0.899133     0.706562  -0.00580663
   -0.900691     0.706562  -0.00580663
    0.899052     -0.55369  -0.00641245
   -0.900772     -0.55369  -0.00641245
    0.899083     0.703459  -0.00618169
   -0.900741     0.703459  -0.00618169
    0.899136    -0.630559  -0.00578431
   -0.900688    -0.630559  -0.00578431
    0.900191    -0.599946   0.00207846
   -0.899633    -0.599946   0.00207846
    0.900383    -0.670468   0.00351513
   -0.899441    -0.670468   0.00351513
   -0.574611     0.751079   0.00197768
   -0.574611    -0.751079   0.00197768
   -0.422869     0.751079   0.00253177
   -0.422869    -0.751079   0.00253177
    0.900524    -0.717662   0.00456234
     -0.8993    -0.717662   0.00456234
    0.900972    -0.595436    0.0079062
   -0.898852    -0.595436    0.0079062
   -0.898898    -0.518956   0.00756274
    0.900926    -0.518956   0.00756274
   -0.899625    -0.558441   0.00214425
    0.900199    -0.558441   0.00214425
   -0.899408    -0.539948   0.00376213
    0.900416    -0.539948   0.00376213
    -0.89942    -0.408924   0.00366809
    0.900404    -0.408924   0.00366809
   -0.898127    -0.453401     0.013315
    0.901697    -0.453401     0.013315
    0.726972    -0.751079   0.00519367
    0.726972     0.751079   0.00519367
    0.646127    -0.751079  0.000637409
    0.646127     0.751079  0.000637409
     0.90035    -0.181126   0.00326689
   -0.899474    -0.181126   0.00326689
    0.900217     0.311977   0.00227143
   -0.899607     0.311977   0.00227143
    0.900216    0.0368703   0.00226653
   -0.899608    0.0368703   0.00226653
    0.901309    -0.198388    0.0104178
   -0.898515    -0.198388    0.0104178
    0.899822     0.138467 -0.000668792
   -0.900002     0.138467 -0.000668792
   -0.899946     0.558251 -0.000253331
    0.899878     0.558251 -0.000253331
   -0.899731     0.704347   0.00134698
    0.900093     0.704347   0.00134698
   -0.900547     0.641136  -0.00473634
    0.899277     0.641136  -0.00473634
    -0.89983     0.638322  0.000614381
    0.899994     0.638322  0.000614381
   -0.899758     -0.46729    0.0011478
    0.900066     -0.46729    0.0011478
     0.41272     0.751079   0.00238925
     0.41272    -0.751079   0.00238925
    0.644379     0.751079   0.00475321
    0.644379    -0.751079   0.00475321
   -0.901943    -0.708783   -0.0151515
    0.897881    -0.708783   -0.0151515
   -0.818802     0.751079   -0.0179619
   -0.818802    -0.751079   -0.0179619
    0.526975     0.751079   0.00448234
    0.526975    -0.751079   0.00448234
   -0.900009    -0.461038 -0.000726845
    0.899815    -0.461038 -0.000726845
   -0.899894    -0.532177  0.000136348
     0.89993    -0.532177  0.000136348
    0.829533     0.751079   0.00488296
    0.829533    -0.751079   0.00488296
    0.896479     0.410221 -0.000879946
   -0.903345     0.410221 -0.000879946
    0.896476     0.409081 -0.000902765
   -0.903348     0.409081 -0.000902765
    0.900324    -0.718512   0.00307611
     -0.8995    -0.718512   0.00307611
    0.808803     0.751079   0.00327865
    0.808803    -0.751079   0.00327865
    0.900182    -0.568337    0.0020108
   -0.899642    -0.568337    0.0020108
   -0.360353     0.751079   0.00191572
   -0.360353    -0.751079   0.00191572
    0.900308    -0.628409   0.00295541
   -0.899516    -0.628409   0.00295541
   -0.407535     0.751079   -0.0156858
   -0.407535    -0.751079   -0.0156858
    0.903258    -0.575175    0.0249555
   -0.896566    -0.575175    0.0249555
   -0.465948     0.751079    0.0758685
   -0.465948    -0.751079    0.0758685
   -0.252252    -0.751079   0.00195492
   -0.252252     0.751079   0.00195492
   -0.237379    -0.751079   0.00318593
   -0.237379     0.751079   0.00318593
   -0.178948    -0.751079   0.00509282
   -0.178948     0.751079   0.00509282
   -0.672154     0.751079   0.00203398
   -0.672154    -0.751079   0.00203398
   -0.613852     0.751079  0.000881863
   -0.613852    -0.751079  0.000881863
   -0.526509     0.751079   0.00238113
   -0.526509    -0.751079   0.00238113
   -0.901909     0.517871   -0.0148943
    0.897915     0.517871   -0.0148943
   -0.723071     0.716785   0.00266094
     1.07675     0.716785   0.00266094
   -0.899907    -0.523494  3.41626e-05
    0.899917    -0.523494  3.41626e-05
   -0.899494     -0.51852   0.00311518
     0.90033     -0.51852   0.00311518
    0.899416    0.0275765  -0.00370298
   -0.900408    0.0275765  -0.00370298
    0.901031     0.467418   0.00834906
   -0.898793     0.467418   0.00834906
    0.900274     0.138599   0.00269763
    -0.89955     0.138599   0.00269763
    0.900251    0.0873784   0.00253013
   -0.899573    0.0873784   0.00253013
    0.901263     0.360038    0.0100743
   -0.898561     0.360038    0.0100743
   -0.899618   -0.0599389   0.00219583
    0.900206   -0.0599389   0.00219583
   -0.899936    0.0234581 -0.000178374
    0.899888    0.0234581 -0.000178374
   -0.899755   -0.0139841   0.00116946
    0.900069   -0.0139841   0.00116946
   -0.898228    -0.165518     0.012559
    0.901596    -0.165518     0.012559
    0.309522    -0.751079  -0.00331635
    0.309522     0.751079  -0.00331635
  -0.0927105    -0.311435    0.0608549
  -0.0927105      1.19072    0.0608549
   -0.896582    -0.660065   0.00627283
   -0.896582     0.842093   0.00627283
   -0.858803    -0.660065  0.000601299
   -0.858803     0.842093  0.000601299
    0.899402    -0.115419  -0.00380645
   -0.900422    -0.115419  -0.00380645
    0.900161    -0.062078   0.00185774
   -0.899663    -0.062078   0.00185774
   -0.862191     0.751079   -0.0110908
   -0.862191    -0.751079   -0.0110908
    0.482218     0.751079  -0.00724344
    0.482218    -0.751079  -0.00724344
    0.824023     0.751079  -0.00728302
    0.824023    -0.751079  -0.00728302
    -0.56315     0.751079  -0.00858036
    -0.56315    -0.751079  -0.00858036
   -0.466964     0.751079   -0.0534701
   -0.466964    -0.751079   -0.0534701
   -0.881819     0.751079    -0.028022
   -0.881819    -0.751079    -0.028022
    0.737011     0.751079  0.000965547
    0.737011    -0.751079  0.000965547
    -0.74135     0.751079    0.0042122
    -0.74135    -0.751079    0.0042122
    0.647154     0.751079  0.000914186
    0.647154    -0.751079  0.000914186
   -0.843928     0.751079   0.00233646
   -0.843928    -0.751079   0.00233646
    0.894747     0.751079   0.00105324
    0.894747    -0.751079   0.00105324
    0.241327     0.751079  -0.00492462
    0.241327    -0.751079  -0.00492462
  -0.0609491     0.751079    0.0322821
  -0.0609491    -0.751079    0.0322821
   -0.677686     0.751079   -0.0318709
   -0.677686    -0.751079   -0.0318709
   -0.608936     0.751079  -0.00981918
   -0.608936    -0.751079  -0.00981918
    -0.30767     0.751079  -0.00507743
    -0.30767    -0.751079  -0.00507743
    0.768435     0.751079   0.00299859
    0.768435    -0.751079   0.00299859
    0.439866     0.751079    0.0133092
    0.439866    -0.751079    0.0133092
    0.392533     0.751079   0.00962175
    0.392533    -0.751079   0.00962175
    0.337519     0.751079    0.0104461
    0.337519    -0.751079    0.0104461
   -0.731386     0.751079   0.00713705
   -0.731386    -0.751079   0.00713705
   -0.532473     0.751079   -0.0327544
   -0.532473    -0.751079   -0.0327544
   0.0145921     0.751079    0.0107882
   0.0145921    -0.751079    0.0107882
    0.632404     0.751079   0.00170578
    0.632404    -0.751079   0.00170578
   -0.899692     0.683811   0.00164096
    0.900132     0.683811   0.00164096
   -0.901474    -0.734008   -0.0116487
     0.89835    -0.734008   -0.0116487
   -0.899893     0.602563  0.000141801
    0.899931     0.602563  0.000141801
   -0.899851    -0.657188  0.000454016
    0.899973    -0.657188  0.000454016
   -0.900048    -0.709075  -0.00101553
    0.899776    -0.709075  -0.00101553
    0.574313    -0.751079   0.00240295
    0.574313     0.751079   0.00240295
    0.703457    -0.751079   0.00397712
    0.703457     0.751079   0.00397712
   -0.539848    -0.751079   0.00994496
   -0.539848     0.751079   0.00994496
   -0.899566     0.512471   0.00258231
    0.900258     0.512471   0.00258231
   -0.663168    -0.751079    0.0175097
   -0.663168     0.751079    0.0175097
    0.900161    -0.669312    0.0018602
   -0.899663    -0.669312    0.0018602
    0.900212      0.69022   0.00223818
   -0.899612      0.69022   0.00223818
   -0.723253    -0.751079   0.00225508
   -0.723253     0.751079   0.00225508
     -0.3985    -0.735816    0.0021049
     -0.3985     0.766342    0.0021049
    0.900542    -0.623388    0.0046952
   -0.899282    -0.623388    0.0046952
    0.899811     -0.70178 -0.000753421
   -0.900013     -0.70178 -0.000753421
    0.899379    -0.528906  -0.00397466
   -0.900445    -0.528906  -0.00397466
   -0.397858    -0.735816   0.00207185
   -0.397858     0.766342   0.00207185
    0.900478    -0.621062   0.00421871
   -0.899346    -0.621062   0.00421871
    0.901129     0.421372   0.00907669
   -0.898695     0.421372   0.00907669
    0.900382    0.0813443   0.00350876
   -0.899442    0.0813443   0.00350876
     0.90142     0.332204    0.0112456
   -0.898404     0.332204    0.0112456
   -0.387096    -0.751079   -0.0267241
   -0.387096     0.751079   -0.0267241
   -0.136805    -0.751079  -0.00251319
   -0.136805     0.751079  -0.00251319
   -0.248759    -0.751079   0.00518969
   -0.248759     0.751079   0.00518969
 -0.00784547    -0.751079   0.00460168
 -0.00784547     0.751079   0.00460168
    -0.17241    -0.751079   0.00746375
    -0.17241     0.751079   0.00746375
    0.362199    -0.751079    -0.022248
    0.362199     0.751079    -0.022248
    0.308464    -0.751079   0.00872966
    0.308464     0.751079   0.00872966
    0.756335    -0.751079    0.0451262
    0.756335     0.751079    0.0451262
    0.268289    -0.751079   0.00828551
    0.268289     0.751079   0.00828551
    0.786619    -0.751079  -0.00684551
    0.786619     0.751079  -0.00684551
    0.792777    -0.751079  -0.00141046
    0.792777     0.751079  -0.00141046
   -0.821109    -0.751079 -3.09131e-05
   -0.821109     0.751079 -3.09131e-05
    0.516993    -0.751079    -0.001407
    0.516993     0.751079    -0.001407
   -0.899691    -0.694119   0.00164959
    0.900133    -0.694119   0.00164959
   -0.786438     0.751079   0.00135363
   -0.786438    -0.751079   0.00135363
   -0.899916    -0.682101 -3.06978e-05
    0.899908    -0.682101 -3.06978e-05
   -0.754222     0.751079  -0.00101832
   -0.754222    -0.751079  -0.00101832
   -0.899601    -0.569877   0.00231729
    0.900223    -0.569877   0.00231729
   -0.900001    -0.671619 -0.000665646
    0.899823    -0.671619 -0.000665646
    -0.72246     0.751079  -0.00214882
    -0.72246    -0.751079  -0.00214882
   -0.899567    -0.561763   0.00257187
    0.900257    -0.561763   0.00257187
    0.181788     0.751079    0.0022163
    0.181788    -0.751079    0.0022163
   -0.900164    -0.584285  -0.00187665
     0.89966    -0.584285  -0.00187665
   -0.746841     0.510034   0.00131089
     1.05298     0.510034   0.00131089
    -0.49905    -0.751079  -0.00437552
    -0.49905     0.751079  -0.00437552
    -0.44206    -0.751079   0.00659002
    -0.44206     0.751079   0.00659002
    0.880932    -0.751079  -0.00555781
    0.880932     0.751079  -0.00555781
    0.111898    -0.751079   0.00360824
    0.111898     0.751079   0.00360824
   -0.319935     0.751079   0.00272391
   -0.319935    -0.751079   0.00272391
   0.0364928     0.751079    0.0347192
   0.0364928    -0.751079    0.0347192
   0.0756951     0.751079   0.00247229
   0.0756951    -0.751079   0.00247229
   -0.899622    -0.504048   0.00216416
    0.900202    -0.504048   0.00216416
    0.599211     0.751079   0.00023341
    0.599211    -0.751079   0.00023341
   -0.833774     0.751079   0.00192971
   -0.833774    -0.751079   0.00192971
    0.895171     0.751079  0.000411749
    0.895171    -0.751079  0.000411749
   -0.795567    -0.352829   0.00245439
     1.00426    -0.352829   0.00245439
    -0.48785      0.39316    0.0068425
     1.31197      0.39316    0.0068425
    0.901092    -0.649435   0.00880469
   -0.898732    -0.649435   0.00880469
    0.903064    -0.658734    0.0235106
    -0.89676    -0.658734    0.0235106
    0.899881     0.652191  -0.00023209
   -0.899943     0.652191  -0.00023209
   -0.614962    -0.751079   -0.0287522
   -0.614962     0.751079   -0.0287522
    -0.54354    -0.751079   0.00031941
    -0.54354     0.751079   0.00031941
   -0.276121    -0.751079  -0.00505215
   -0.276121     0.751079  -0.00505215
   -0.562424     0.470844   0.00413656
   -0.562424     -1.03131   0.00413656
   -0.899657     -0.72061   0.00189959
    0.900167     -0.72061   0.00189959
    0.817382    -0.751079    0.0504869
    0.817382     0.751079    0.0504869
    0.795245    -0.751079  -0.00069889
    0.795245     0.751079  -0.00069889
   -0.472238    -0.751079    0.0113372
   -0.472238     0.751079    0.0113372
    0.778532    -0.751079   0.00310912
    0.778532     0.751079   0.00310912
    0.894177    -0.505641   -0.0427744
   -0.905647    -0.505641   -0.0427744
    0.897073    -0.566748   -0.0211737
   -0.902751    -0.566748   -0.0211737
   0.0323099     0.751079   0.00386212
   0.0323099    -0.751079   0.00386212
    0.125384     0.751079   -0.0167408
    0.125384    -0.751079   -0.0167408
    0.900735    -0.709681   0.00614115
   -0.899089    -0.709681   0.00614115
   -0.717174     0.751079  -0.00951117
   -0.717174    -0.751079  -0.00951117
     0.19849      0.65628    0.0182615
     0.19849    -0.845878    0.0182615
    0.241419      0.65628    0.0106854
    0.241419    -0.845878    0.0106854
    0.158871    -0.751079   -0.0198577
    0.158871     0.751079   -0.0198577
   -0.383284    -0.751079   -0.0374302
   -0.383284     0.751079   -0.0374302
     0.25112    -0.751079   -0.0354441
     0.25112     0.751079   -0.0354441
    0.901443    -0.741949    0.0114161
   -0.898381    -0.741949    0.0114161
    0.904023     0.742241    0.0306591
   -0.895801     0.742241    0.0306591
    0.900817    -0.290915   0.00675231
   -0.899007    -0.290915   0.00675231
  -0.0742788    -0.751079   -0.0080922
  -0.0742788     0.751079   -0.0080922
   -0.397819     0.751079 -0.000517724
   -0.397819    -0.751079 -0.000517724
   -0.314335     0.751079    0.0010508
   -0.314335    -0.751079    0.0010508
   -0.899941     0.548067 -0.000215712
    0.899883     0.548067 -0.000215712
   -0.899915    -0.726438 -1.98622e-05
    0.899909    -0.726438 -1.98622e-05
   -0.900289     0.565673     -0.00281
    0.899535     0.565673     -0.00281
    0.901488     0.731569    0.0117569
   -0.898336     0.731569    0.0117569
     0.86798    -0.751079    0.0129758
     0.86798     0.751079    0.0129758
    0.902043     0.532477    0.0158943
   -0.897781     0.532477    0.0158943
   -0.745117    -0.751079     0.010459
   -0.745117     0.751079     0.010459
    -0.57828    -0.751079    0.0122503
    -0.57828     0.751079    0.0122503
    -0.40586    -0.751079    0.0199817
    -0.40586     0.751079    0.0199817
    0.541313    -0.751079   0.00943426
    0.541313     0.751079   0.00943426
   -0.118471    -0.751079   0.00635732
   -0.118471     0.751079   0.00635732
    0.900207    -0.398555   0.00219862
   -0.899617    -0.398555   0.00219862
   -0.899533     0.642766   0.00282647
    0.900291     0.642766   0.00282647
    0.899106    -0.495223  -0.00601198
   -0.900718    -0.495223  -0.00601198
   -0.899205    -0.506904   0.00527582
    0.900619    -0.506904   0.00527582
    0.730596    -0.545279    0.0105414
    0.730596     0.956879    0.0105414
   -0.897578    -0.564826    0.0174061
    0.902246    -0.564826    0.0174061
    0.604467     0.751079   -0.0101714
    0.604467    -0.751079   -0.0101714
    0.239527     0.751079    0.0083195
    0.239527    -0.751079    0.0083195
   -0.117198     0.751079  -0.00122639
   -0.117198    -0.751079  -0.00122639
   -0.898986    -0.254047   0.00690879
    0.900838    -0.254047   0.00690879
    0.845733    -0.751079  0.000607478
    0.845733     0.751079  0.000607478
   -0.900233     0.691719    -0.002394
    0.899591     0.691719    -0.002394
    0.901987      0.52506     0.015473
   -0.897837      0.52506     0.015473
   -0.900181     0.187426  -0.00200504
    0.899643     0.187426  -0.00200504
    0.493165     0.751079    0.0207611
    0.493165    -0.751079    0.0207611
    -0.64638     0.751079  -0.00703465
    -0.64638    -0.751079  -0.00703465
   -0.409442     0.751079  -0.00282075
   -0.409442    -0.751079  -0.00282075
   -0.899409    -0.169533   0.00375512
    0.900415    -0.169533   0.00375512
    0.328798    -0.751079   -0.0138195
    0.328798     0.751079   -0.0138195
   -0.898374    -0.481364    0.0114735
     0.90145    -0.481364    0.0114735
    0.833456     0.751079   0.00532852
    0.833456    -0.751079   0.00532852
    0.900562     0.380495    0.0048491
   -0.899262     0.380495    0.0048491
    0.899986      0.27955  0.000551773
   -0.899838      0.27955  0.000551773
    0.899957     0.628523  0.000334191
   -0.899867     0.628523  0.000334191
   -0.899772     0.387782   0.00104386
    0.900052     0.387782   0.00104386
   -0.899689     0.381086   0.00166394
    0.900135     0.381086   0.00166394
   -0.899782     0.462623  0.000969544
    0.900042     0.462623  0.000969544
   -0.902016     0.677413   -0.0156913
    0.897808     0.677413   -0.0156913
   -0.899302    -0.575498   0.00454671
    0.900522    -0.575498   0.00454671
    0.900113      0.36981   0.00150138
   -0.899711      0.36981   0.00150138
   -0.899761    -0.653965   0.00112977
    0.900063    -0.653965   0.00112977
   -0.722643     0.751079  1.86986e-05
   -0.722643    -0.751079  1.86986e-05
   -0.899921    -0.588987 -7.04541e-05
    0.899903    -0.588987 -7.04541e-05
    0.900281    0.0206082   0.00274892
   -0.899543    0.0206082   0.00274892
    0.900196  -0.00287531   0.00211671
   -0.899628  -0.00287531   0.00211671
    0.901728     0.548822    0.0135422
   -0.898096     0.548822    0.0135422
    0.898287    -0.268872   -0.0121217
   -0.901537    -0.268872   -0.0121217
    0.897045     -0.17932   -0.0213842
   -0.902779     -0.17932   -0.0213842
     0.18436     0.751079    0.0109242
     0.18436    -0.751079    0.0109242
   -0.899891     -0.53755  0.000153572
    0.899933     -0.53755  0.000153572
   -0.706567     0.751079  -0.00192093
   -0.706567    -0.751079  -0.00192093
   -0.447013     0.751079    0.0020327
   -0.447013    -0.751079    0.0020327
    -0.51434     0.751079  0.000810151
    -0.51434    -0.751079  0.000810151
    -0.39818     0.751079   0.00307838
    -0.39818    -0.751079   0.00307838
    0.900272     0.583725     0.002682
   -0.899552     0.583725     0.002682
    0.902913     0.698004     0.022381
   -0.896911     0.698004     0.022381
    0.740065    -0.751079   0.00424158
    0.740065     0.751079   0.00424158
    0.376528    -0.751079  -0.00652357
    0.376528     0.751079  -0.00652357
    0.790736    -0.751079   0.00573869
    0.790736     0.751079   0.00573869
    0.179653     0.751079    0.0140063
    0.179653    -0.751079    0.0140063
    0.445019     0.751079   0.00323957
    0.445019    -0.751079   0.00323957
    0.630759     0.751079   0.00571887
    0.630759    -0.751079   0.00571887
     -0.3486     0.751079   0.00527667
     -0.3486    -0.751079   0.00527667
    0.900204   -0.0240188   0.00217748
    -0.89962   -0.0240188   0.00217748
   -0.899758     -0.46729    0.0011478
    0.900066     -0.46729    0.0011478
     0.41272     0.751079   0.00238925
     0.41272    -0.751079   0.00238925
    0.900324    -0.718512   0.00307611
     -0.8995    -0.718512   0.00307611
    0.808803     0.751079   0.00327865
    0.808803    -0.751079   0.00327865
    0.900182    -0.568337    0.0020108
   -0.899642    -0.568337    0.0020108
   -0.360353     0.751079   0.00191572
   -0.360353    -0.751079   0.00191572
   -0.899772     0.524271    0.0010447
    0.900052     0.524271    0.0010447
   -0.898125    -0.426234    0.0133301
    0.901699    -0.426234    0.0133301
    0.900161    -0.062078   0.00185774
   -0.899663    -0.062078   0.00185774
    0.859663     0.751079  0.000668977
    0.859663    -0.751079  0.000668977
  -0.0609491     0.751079    0.0322821
  -0.0609491    -0.751079    0.0322821
    -0.30767     0.751079  -0.00507743
    -0.30767    -0.751079  -0.00507743
    0.620729     0.751079   0.00424275
    0.620729    -0.751079   0.00424275
   -0.899851    -0.657188  0.000454016
    0.899973    -0.657188  0.000454016
   -0.900048    -0.709075  -0.00101553
    0.899776    -0.709075  -0.00101553
    0.703457    -0.751079   0.00397712
    0.703457     0.751079   0.00397712
     0.88379    -0.751079  2.99182e-05
     0.88379     0.751079  2.99182e-05
   -0.760644    -0.751079   0.00123904
   -0.760644     0.751079   0.00123904
    0.792777    -0.751079  -0.00141046
    0.792777     0.751079  -0.00141046
    0.516993    -0.751079    -0.001407
    0.516993     0.751079    -0.001407
    0.897073    -0.566748   -0.0211737
   -0.902751    -0.566748   -0.0211737
   0.0493952    -0.751079   -0.0244069
   0.0493952     0.751079   -0.0244069
   -0.900086     0.724001  -0.00129842
    0.899738     0.724001  -0.00129842
   -0.358557    -0.751079    0.0143246
   -0.358557     0.751079    0.0143246
    -0.57828    -0.751079    0.0122503
    -0.57828     0.751079    0.0122503
    0.902885    -0.691939     0.022175
   -0.896939    -0.691939     0.022175
    0.239527     0.751079    0.0083195
    0.239527    -0.751079    0.0083195
   -0.898986    -0.254047   0.00690879
    0.900838    -0.254047   0.00690879
   -0.897376    -0.306977    0.0189138
    0.902448    -0.306977    0.0189138
   -0.899877     0.103452   0.00025961
    0.899947     0.103452   0.00025961
   -0.899761    0.0624408   0.00112338
    0.900063    0.0624408   0.00112338
   -0.899409    -0.169533   0.00375512
    0.900415    -0.169533   0.00375512
   -0.899782   -0.0199633  0.000968959
    0.900042   -0.0199633  0.000968959
    0.328798    -0.751079   -0.0138195
    0.328798     0.751079   -0.0138195
   -0.898374    -0.481364    0.0114735
     0.90145    -0.481364    0.0114735
    0.899986      0.27955  0.000551773
   -0.899838      0.27955  0.000551773
   -0.899302    -0.575498   0.00454671
    0.900522    -0.575498   0.00454671
    0.900113      0.36981   0.00150138
   -0.899711      0.36981   0.00150138
   -0.899831     0.467332  0.000605979
    0.899993     0.467332  0.000605979
    0.897826    -0.524875   -0.0155612
   -0.901998    -0.524875   -0.0155612