      2.0923            0            0
           0      1.50216            0
           0            0      1.02521
         350         1444            0
    0.312568    -0.279763  2.94473e-05
    0.131066     -0.60393  0.000836851
    0.269565    -0.588447  0.000530458
   0.0881829    -0.375902 -5.43216e-05
    0.577542    -0.553265  -0.00190474
    0.656434    -0.508451  -0.00700636
    0.334719    -0.409252  0.000172605
    0.287836    -0.681878   0.00111885
    0.201518    -0.693919   0.00224253
    0.312105    -0.493765 -9.89193e-05
    0.491419    -0.615201  0.000152545
    0.248819    -0.564231  0.000649207
     0.37041    -0.238325 -0.000916956
    0.385885     0.327914   0.00103602
  -0.0378084   -0.0919339   -0.0136927
     0.16654    0.0192922    0.0001301
    0.205297   -0.0786144  -0.00018841
    0.747804    0.0725346  0.000554455
    0.413771    -0.213898    0.0117309
    0.414482    -0.197084   0.00137679
    0.354996     0.128759  0.000505963
    0.375423     0.223717   0.00121174
    0.442997   -0.0315485   0.00141604
    0.558648  -0.00758347  0.000905074
    0.217436   -0.0556963  0.000840872
    0.340347    0.0313531  0.000757072
    0.446779     0.149377  0.000903731
     0.26011   -0.0295663   0.00120815
    0.397212    -0.108332   0.00035328
     0.30511    -0.263373 -0.000373297
     0.41572    -0.271394  0.000829719
     0.48651    -0.158648  0.000631592
    0.261119    -0.360962   0.00051013
      -0.538    -0.334658    -0.228298
   -0.616276    -0.449342    -0.336627
    0.751278    -0.375336    -0.298307
   -0.944766    -0.240918    -0.350141
     1.02175    -0.127509    -0.309441
    0.942031    -0.026454    -0.341045
    0.902203     -0.30356    -0.305045
   -0.866637    -0.314482    -0.363893
   -0.708933    -0.128809    -0.334974
    0.509229     0.664267    -0.234713
    0.306422     0.397896    -0.309929
    0.159873     0.401275    -0.214271
    0.400119     0.537734    -0.240452
     0.16016     0.599841    -0.442687
   0.0345933     0.644061    -0.382363
  -0.0592553    -0.192806    -0.270232
    0.175384     -0.36132    -0.307972
    0.126992    -0.496193    -0.365812
     0.34881     0.708074    -0.286618
  0.00794171     0.450418    -0.322062
    0.602862     -0.67566    -0.288101
    0.539701    -0.477559    -0.342831
    0.746517    -0.310715    -0.381447
    0.600735    -0.325903    -0.261934
    0.807797    -0.525707    -0.194534
   -0.477813     0.505604    -0.320534
   -0.724906     0.583284      0.41474
   -0.217443     0.599617     0.326753
   -0.453506    -0.737259     0.318409
   -0.631269     0.509863     0.401454
   -0.773722    -0.631497     0.230434
      0.1549     0.507673      0.34062
    0.938908      0.49127      0.38362
    0.872997     0.444173     0.311891
    0.817378     0.422752     0.372851
     0.75486     0.535237     0.184529
    0.461748     0.434377     0.268016
    0.415978      0.45799     0.361466
    0.196923     0.108336     0.311636
   -0.335429    -0.335912     0.390902
   -0.335058    -0.290615     0.323601
   -0.293812   -0.0950869     0.397441
   -0.684795   0.00179955     0.301415
    0.310371     0.141725     0.317857
   -0.579594     0.311123     0.372238
   -0.374606    -0.479447      0.35749
     1.03682     0.434362     0.310949
   -0.740121     0.481099     0.259603
   -0.167724     0.404956      0.24484
   -0.171655    -0.468087     0.432199
   -0.907184     0.514603     0.439989
   -0.103872     0.576397      0.34103
   -0.265417    -0.717151     0.358049
   -0.127121     0.334448     0.357977
    0.599158     0.619425     0.420201
   -0.891888    -0.702843     0.397994
     0.26568     0.593477     0.419752
    0.759395     0.156403     0.419593
   -0.774887   -0.0938284      0.42589
   -0.396242    -0.387868    -0.373311
   -0.524705     -0.39017    -0.402653
   -0.240117    -0.128571    -0.342573
   0.0885613     0.126912    -0.382651
   -0.361746      0.52221    -0.385068
     1.01405    -0.669664    -0.317247
    0.227337     0.471165     -0.36509
   -0.497674   -0.0380433    -0.420759
   -0.101197    -0.455968     0.398786
    0.728717     0.242716    -0.279859
   -0.579334    -0.722609    -0.313489
   -0.834476    -0.235803      0.34325
    0.488328    -0.374674     0.147427
    0.950437    -0.417102   0.00045131
     0.85857    -0.510468  0.000304669
    0.923625    -0.454825  0.000345355
    0.931344    -0.306031   0.00365358
   -0.770641   -0.0884286   0.00103571
   -0.693146  -0.00535111  0.000694827
    0.911523   -0.0242355  0.000903934
     1.03798    -0.161128  0.000866389
   -0.783165   -0.0309557  0.000783655
   -0.768522    -0.311557  -0.00181224
   -0.884571   -0.0618219  0.000831371
    -1.04457    -0.267316   0.00217808
    0.940429    -0.235953 -0.000841542
    0.084282    -0.539855     0.284478
    0.816827    -0.553557     0.292485
   0.0814465    -0.340953      0.36144
     0.89332    -0.562447     0.159143
   -0.795512     0.418098   0.00100954
   -0.802356     0.713924 -0.000697292
    -0.81125     0.557512  -0.00078808
    0.948569     0.535158 -0.000863348
    0.443432     0.561944  0.000902584
    0.549241     0.632533  0.000407793
    0.871031     0.544681  -0.00694276
   -0.945407     0.712286 -0.000729595
   -0.808454      0.71709 -0.000573896
    0.966606     0.674057 -0.000950538
    0.750049     0.679245 -0.000321599
    0.912207     0.581551 -0.000535986
   -0.998394     0.623417 -0.000863649
   -0.928267     0.500464  -0.00192522
   -0.506623     0.257684    -0.146439
   -0.137443     0.117699   0.00124296
   -0.284724    0.0293503   0.00233446
   -0.378798     0.128541  0.000707813
   -0.257135     0.173136  0.000905913
    -0.20949     0.122929  0.000876189
   -0.370664    0.0450132   0.00073452
   -0.411517     0.203079 -0.000944609
    -0.28901    -0.280438  0.000394823
  -0.0662178    -0.088959 -0.000609019
   -0.261907    -0.281089 -0.000361704
   -0.509754    -0.672388 -7.64157e-05
   -0.515198    -0.294805  0.000924245
    -0.41331     -0.32124  0.000508375
   -0.420751      0.09381  0.000502116
   -0.337005    0.0893964  0.000395443
   -0.316049     0.652046  0.000760482
   -0.140251    -0.333314  0.000187607
  -0.0369723     0.742852   0.00240366
   -0.506318    -0.530417  0.000110065
   -0.320704    -0.673053  0.000690927
   -0.271711    -0.552652  0.000299823
   -0.416515      -0.4461  0.000201934
   -0.230894    -0.402365  0.000386014
   -0.249846     0.590465   0.00130083
    0.287203     0.522085   0.00540171
    0.207572     0.427548   0.00209972
    -0.40349     0.341105  0.000404549
   -0.236498     0.697493  0.000952738
  -0.0112849     0.588571   0.00232809
   -0.195182     0.536076  0.000989968
    -0.51624     0.432271 -8.02959e-05
  0.00474867      0.34402   0.00230953
   -0.525048     0.462474 -0.000107416
   -0.349729     0.366028   0.00144069
   -0.123445     0.554277   0.00184702
  -0.0726093     0.619325   0.00253306
   -0.245778     0.449261  0.000955037
  -0.0576455     0.500144   0.00226811
    0.118613     0.528538   0.00369948
   -0.329981     0.730034  0.000753697
   -0.165775      0.59336   0.00139305
   -0.216244     -0.37951  0.000444588
    -0.26992     0.267332  0.000365331
   -0.314465    -0.377986  0.000253503
   -0.271421    -0.690317  0.000793804
  -0.0531856    -0.586356   0.00136605
   -0.270163      0.31424   0.00324002
   -0.362429     0.253036 -0.000370426
   -0.103193     0.688253   0.00211232
   -0.154871       0.2395   0.00130824
   -0.518016    -0.462317  0.000266505
   -0.458102     -0.62559  0.000153378
  -0.0618312     0.214585    0.0011304
   -0.674384     0.421466  -0.00324069
   -0.637366     0.639575 -0.000407341
   -0.527013    -0.715462  7.68162e-05
   -0.449339     0.377678  0.000565779
    -0.76239     0.467254  -0.00380801
   -0.391628     0.507071  0.000470478
   -0.663127     -0.59806 -0.000134299
   -0.621779     0.641238 -9.92296e-05
   -0.450959     0.230031 -0.000130173
   -0.539706     0.373457 -0.000533218
    -0.69041     0.742704  -0.00039423
   -0.403947     0.601766   0.00245566
   -0.464707     0.289632  0.000357908
   -0.424562     0.420907  0.000885474
   -0.712384     0.648685  -0.00068996
   -0.525258    -0.593104  -0.00040631
    0.890541     0.488234  0.000260512
    0.936058    -0.572691   -0.0011412
    -0.61253    -0.666585 -0.000120923
   -0.125303     0.291495   0.00132165
   -0.608646    -0.268078   0.00225922
   -0.596205   -0.0351288  0.000842629
   -0.738957      0.10134  0.000411973
   -0.488576    -0.391982  -0.00138975
   -0.649453    -0.334498    -0.006609
    -0.91062    -0.659876  -0.00185706
    -0.46225    -0.207751  0.000980113
   -0.817766    -0.275969   0.00156117
    0.942498     0.167202  0.000459579
   -0.989817     0.574617 -0.000830707
   -0.730988    -0.676711 -0.000662422
   -0.568871    -0.190083  0.000821211
   -0.431195     0.339172   0.00045087
    0.104243     0.408545   0.00197404
   -0.536475    -0.139995   0.00245012
    -0.82969     -0.60694 -0.000688081
   -0.876948    -0.412373   -0.0011543
   -0.556957    -0.629073  5.10124e-05
   -0.429694   -0.0366751  0.000745692
   -0.681566      0.54994 -0.000310013
   -0.759178    -0.397903 -0.000235714
   -0.816787    0.0440926  0.000713511
   -0.859623    -0.331085  0.000850612
   -0.580004     0.277856 -0.000611507
   -0.972676    -0.443464   0.00217989
   -0.529026     0.120404  0.000376073
   -0.317218    -0.147362  0.000757491
   -0.935648     0.210604   0.00023082
    0.966754      0.50284 -0.000736786
   -0.745286     0.315942  -0.00011048
    0.972689     0.615587     0.180817
    -0.42109    -0.366449     0.201511
    0.211512     0.455092     0.203354
    -0.27805    -0.464456     0.236572
  -0.0874582     0.074955     0.275842
   -0.169661     0.511491     0.214727
   -0.336414     0.502401    -0.301794
   -0.349207    -0.614568    -0.224709
    0.961698     0.462958     -0.14543
    0.624061     0.612376    -0.224775
   -0.165312     0.238127    -0.160391
   -0.802157    -0.243348    -0.146121
    -0.73333     0.292812    -0.229901
   -0.266268    -0.322687    -0.272286
   -0.208069     0.310331    -0.311031
   -0.889832    -0.161766   0.00371524
    0.939661     0.080201  0.000409563
     0.69156    -0.058427   0.00103059
    0.419375    -0.464944 -0.000750111
    0.436435    -0.536259 -0.000659571
    0.462209   -0.0726849  0.000715484
    0.229584    -0.163528 -0.000460031
    0.671371    -0.508305  -0.00198994
    0.514247     -0.22792  0.000720677
    0.552564    -0.311365  0.000804162
     0.76548    -0.457249  0.000861821
    0.879967    -0.110276  0.000922316
    0.614608    -0.256651   0.00230165
    0.764689    -0.273201   0.00162575
    0.576916    -0.272899   0.00394202
    0.419418    -0.309383 -8.65841e-05
    0.690766  -0.00610693     0.296113
    0.208108    -0.300225     0.175492
    0.690377    -0.215701    -0.262184
    0.241694    -0.435605    -0.278933
     1.01577    -0.482665     -0.16361
    0.819021   -0.0466598   0.00195161
    0.707188     0.184109  0.000674005
    0.841043    -0.634171 -0.000730398
   -0.117011    0.0918785   0.00028759
    0.925609    0.0287441  0.000604038
    0.306878     0.485628   0.00109888
    0.549443    -0.462078 -0.000330983
    0.653704     0.681897   0.00165537
    0.635765     0.357551    0.0014667
     0.36758     0.667066   0.00157159
    0.952033    -0.481068   -8.613e-05
    0.599465    -0.650587 -0.000958089
    0.909948    -0.646518  -0.00337692
    0.250681     0.244721   0.00133765
   0.0942993     0.628467   0.00666299
    0.189159     0.475354   0.00223781
   -0.417472     0.124761 -0.000433366
    0.682641    -0.556285  -0.00232923
    0.824398     -0.66618 -0.000981983
    0.972089    -0.447415  0.000555702
     0.36808      0.31982  0.000656368
    0.417317    -0.353218  0.000606167
    0.561614     0.561364   0.00919447
    0.999636     0.186934 -7.65019e-05
    0.497163     0.441124   1.2973e-05
    0.288069        0.699   0.00145168
    0.625007    -0.435029  -0.00118345
    0.167156     0.693061     0.171679
    0.335883     0.329617    -0.199073
   -0.370434   -0.0362147    -0.166203
    0.610302     0.218635  0.000600379
    0.873912     0.138226  7.40689e-05
   -0.802921     0.472589   -0.0014155
    0.792245     0.473465   -0.0164474
   0.0539562      0.14764   0.00103586
    0.161656     0.284424   0.00166301
    0.426067     0.548739   0.00111517
   -0.181395    -0.291194  0.000121399
    0.402833     0.621992   0.00206224
   -0.164971     0.157313  0.000263545
    0.693249     0.246765  0.000533291
    0.112597     0.703078   0.00187105
   -0.132473   -0.0485541  0.000891509
  -0.0101748     0.131006   0.00094184
   -0.185875    -0.193009  -0.00128131
    0.354176    -0.270853   0.00353783
    0.233006     0.080485  0.000909715
    0.548075      0.28682  0.000980992
    0.295821     0.429052   0.00186485
  0.00776842     0.100591  2.70853e-07
    0.088534    -0.217995  -0.00103059
   0.0322394    -0.683817   0.00107232
     0.29646    -0.641582   0.00114787
    0.481574    -0.692989  0.000235114
      0.1256    -0.549123  0.000598218
   0.0936798     0.664868   0.00201504
  -0.0109574    -0.438821  0.000604025
    0.315828   -0.0617135   0.00048828
     0.08077    -0.684355     0.003182
    0.327409    -0.187692   0.00081186
   0.0058654    -0.124698  -0.00416746
    0.089483    -0.638392  0.000856722
    0.206602     0.668287   0.00271115
  -0.0422229    -0.391219  -0.00197216
   -0.341527    -0.715835   0.00059459
    0.202905    -0.458866  0.000234871
    0.576291     0.700457  0.000413415
    0.156797      0.45161   0.00141866
  -0.0220426    -0.267372 -0.000824275
    0.842835     0.276983  0.000432383
   -0.125103    -0.428184  0.000458216
    -0.14217    -0.661244   0.00120587
   0.0506356   -0.0936049   0.00148445
    0.142879     0.180081   0.00158559
     1.04615    -0.673631     0.211621
    -1.04615    -0.673631     0.211621
   -0.207314     0.751079     0.175529
   -0.207314    -0.751079     0.175529
   -0.367544     0.751079     0.238769
   -0.367544    -0.751079     0.238769
     1.04615    -0.746202      0.20116
    -1.04615    -0.746202      0.20116
     1.01756     0.751079     0.201616
     1.01756    -0.751079     0.201616
   -0.971739     0.751079     0.240534
   -0.971739    -0.751079     0.240534
     1.04615     0.736953     0.245022
    -1.04615     0.736953     0.245022
   -0.821968    -0.557505     0.512605
   -0.821968    -0.557505    -0.512605
    0.963368    -0.567703     0.512605
    0.963368    -0.567703    -0.512605
   -0.535222     -0.31779     0.512605
   -0.535222     -0.31779    -0.512605
    0.989167    -0.124823     0.512605
    0.989167    -0.124823    -0.512605
     1.04615     0.751019      0.40798
    -1.04615     0.751019      0.40798
   -0.197113      0.72485     0.380872
   -0.197113    -0.777308     0.380872
   -0.236717      0.72485     0.393743
   -0.236717    -0.777308     0.393743
     1.04615     0.627368     0.397105
    -1.04615     0.627368     0.397105
     1.04615     0.573506      0.38845
    -1.04615     0.573506      0.38845
    0.301506    -0.655203      0.43858
    0.301506     0.846955      0.43858
   -0.693469     -0.64159     0.512605
   -0.693469     -0.64159    -0.512605
    -0.97807    -0.632734     0.512605
    -0.97807    -0.632734    -0.512605
   -0.447156    -0.478187     0.512605
   -0.447156    -0.478187    -0.512605
   -0.660326    -0.711065     0.512605
   -0.660326    -0.711065    -0.512605
  -0.0889606    -0.751079    -0.161576
  -0.0889606     0.751079    -0.161576
   -0.188114    -0.655203     0.480016
   -0.188114     0.846955     0.480016
  -0.0371486    -0.612891     0.512605
  -0.0371486    -0.612891    -0.512605
   -0.823264     0.649664     0.512605
   -0.823264     0.649664    -0.512605
    0.068903    -0.723906     0.512605
    0.068903    -0.723906    -0.512605
   0.0275358    -0.641821     0.512605
   0.0275358    -0.641821    -0.512605
    -1.04615     0.735688      0.42312
     1.04615     0.735688      0.42312
    -1.04615     0.717347     0.432127
     1.04615     0.717347     0.432127
    -1.04615    -0.638234     0.443087
     1.04615    -0.638234     0.443087
    0.197191     0.751079     0.449107
    0.197191    -0.751079     0.449107
    -1.04615     0.537036     0.444822
     1.04615     0.537036     0.444822
    -1.04615      0.49323     0.503822
     1.04615      0.49323     0.503822
   -0.904278     0.446639     0.512605
   -0.904278     0.446639    -0.512605
     0.40696     0.751079     0.464542
     0.40696    -0.751079     0.464542
    -1.04615     0.685178     0.504983
     1.04615     0.685178     0.504983
   -0.925683     0.672758     0.512605
   -0.925683     0.672758    -0.512605
    0.775849     0.644827     0.512605
    0.775849     0.644827    -0.512605
    -1.04615     0.585257    -0.484014
     1.04615     0.585257    -0.484014
    0.329154     0.684271     0.512605
    0.329154     0.684271    -0.512605
    0.419948     0.395366     0.512605
    0.419948     0.395366    -0.512605
    0.653645    -0.734106     0.512605
    0.653645    -0.734106    -0.512605
    0.253016     0.751079     0.461699
    0.253016    -0.751079     0.461699
    0.534988     0.645918     0.512605
    0.534988     0.645918    -0.512605
    0.947777     0.248815     0.512605
    0.947777     0.248815    -0.512605
    -1.04615     0.749896     0.402641
     1.04615     0.749896     0.402641
    0.817818     0.751079     0.410255
    0.817818    -0.751079     0.410255
     0.79217     0.751079     0.409255
     0.79217    -0.751079     0.409255
   -0.789531    -0.723718     0.512605
   -0.789531    -0.723718    -0.512605
    0.654994     0.638189     0.512605
    0.654994     0.638189    -0.512605
     1.00376    -0.739585     0.512605
     1.00376    -0.739585    -0.512605
     -1.0046    0.0974535     0.512605
     -1.0046    0.0974535    -0.512605
     1.04615     0.687307     0.300966
    -1.04615     0.687307     0.300966
     1.04615      0.30544     0.315225
    -1.04615      0.30544     0.315225
     1.04615     0.566948     0.344063
    -1.04615     0.566948     0.344063
    0.874543     0.553881     0.347925
    0.874543    -0.948277     0.347925
     1.04615    -0.736491     0.355532
    -1.04615    -0.736491     0.355532
     1.04615     0.536733       0.3456
    -1.04615     0.536733       0.3456
     1.04615     0.275753     0.356974
    -1.04615     0.275753     0.356974
    0.980294    -0.618793     0.417591
    0.980294     0.883365     0.417591
    0.740393    -0.618793     0.421903
    0.740393     0.883365     0.421903
   -0.443869    -0.402945     0.512605
   -0.443869    -0.402945    -0.512605
  -0.0375351    -0.618793     0.476246
  -0.0375351     0.883365     0.476246
   0.0564256    -0.583116     0.512605
   0.0564256    -0.583116    -0.512605
    0.207211    -0.723003     0.512605
    0.207211    -0.723003    -0.512605
      0.1959    -0.613034     0.512605
      0.1959    -0.613034    -0.512605
    -0.14353     0.751079      0.16938
    -0.14353    -0.751079      0.16938
    0.149549     0.751079     0.241427
    0.149549    -0.751079     0.241427
   -0.243563     0.751079      0.23738
   -0.243563    -0.751079      0.23738
   -0.260402     0.751079     0.242178
   -0.260402    -0.751079     0.242178
     1.68945    -0.171062     0.252718
     1.68945     -1.67322     0.252718
     0.85181     0.751079     0.231658
     0.85181    -0.751079     0.231658
   -0.461762     0.751079     0.222068
   -0.461762    -0.751079     0.222068
    0.925202     0.751079     0.127641
    0.925202    -0.751079     0.127641
   -0.715943    -0.603516     0.201249
     1.37635    -0.603516     0.201249
     1.04615      0.53879     0.382004
    -1.04615      0.53879     0.382004
   -0.520706     0.489964     0.512605
   -0.520706     0.489964    -0.512605
    -1.04615     0.751011     0.247853
     1.04615     0.751011     0.247853
    0.527306     0.694295     0.262722
    0.527306    -0.807863     0.262722
    0.498297     0.694295     0.276098
    0.498297    -0.807863     0.276098
    0.616044     0.694295     0.269709
    0.616044    -0.807863     0.269709
     1.04615  -0.00484234     0.304931
    -1.04615  -0.00484234     0.304931
     1.04615   -0.0991447     0.312178
    -1.04615   -0.0991447     0.312178
     1.04615   -0.0479307     0.330286
    -1.04615   -0.0479307     0.330286
   -0.496476     -0.43311     0.512605
   -0.496476     -0.43311    -0.512605
    0.143015     0.751079     0.323624
    0.143015    -0.751079     0.323624
   -0.339854     0.751079     0.352727
   -0.339854    -0.751079     0.352727
    -0.85642    -0.705539     0.512605
    -0.85642    -0.705539    -0.512605
    0.611338    -0.598391     0.512605
    0.611338    -0.598391    -0.512605
    0.122471    -0.550728     0.512605
    0.122471    -0.550728    -0.512605
   -0.481159    -0.751079      0.17451
   -0.481159     0.751079      0.17451
     1.04615    -0.654505     0.213136
    -1.04615    -0.654505     0.213136
     1.04615     0.613364     0.184272
    -1.04615     0.613364     0.184272
     0.34892    -0.751079      0.32459
     0.34892     0.751079      0.32459
    0.551792    -0.751079     0.315411
    0.551792     0.751079     0.315411
  -0.0749242    -0.751079     0.300102
  -0.0749242     0.751079     0.300102
    0.334361    -0.751079     0.319941
    0.334361     0.751079     0.319941
    -0.44124     0.751079     0.219157
    -0.44124    -0.751079     0.219157
    0.569094    -0.751079     0.395746
    0.569094     0.751079     0.395746
   -0.459488    -0.751079     0.352064
   -0.459488     0.751079     0.352064
    0.526663    -0.751079     0.397256
    0.526663     0.751079     0.397256
    0.880193    -0.650361     0.512605
    0.880193    -0.650361    -0.512605
   -0.782628     0.716006     0.512605
   -0.782628     0.716006    -0.512605
   -0.810012    -0.751079    -0.495072
   -0.810012     0.751079    -0.495072
  -0.0297174    -0.751079     0.476268
  -0.0297174     0.751079     0.476268
    0.145193     -0.64253     0.512605
    0.145193     -0.64253    -0.512605
    0.957668     0.419692     0.512605
    0.957668     0.419692    -0.512605
    0.238318     0.252274     0.512605
    0.238318     0.252274    -0.512605
   -0.819721     0.730811     0.512605
   -0.819721     0.730811    -0.512605
    0.608027    -0.583584     0.512605
    0.608027    -0.583584    -0.512605
 -0.00997979     0.615694     0.512605
 -0.00997979     0.615694    -0.512605
    0.810698   -0.0238449     0.512605
    0.810698   -0.0238449    -0.512605
     1.04615    -0.664829     0.312264
    -1.04615    -0.664829     0.312264
     3.47867     0.590176    -0.405015
     3.47867      2.09233    -0.405015
   -0.579652    -0.751079     0.327526
   -0.579652     0.751079     0.327526
     1.04615     0.625532     0.283136
    -1.04615     0.625532     0.283136
     1.04615     0.598653     0.323553
    -1.04615     0.598653     0.323553
    -0.79198     0.590176     0.223859
    -0.79198      2.09233     0.223859
   -0.574321    -0.491369     0.512605
   -0.574321    -0.491369    -0.512605
     1.03569    -0.736348     0.512605
     1.03569    -0.736348    -0.512605
    -1.04615    0.0720694     0.333711
     1.04615    0.0720694     0.333711
    -1.04615    -0.115984     0.373503
     1.04615    -0.115984     0.373503
    -1.04615    -0.400724      0.43152
     1.04615    -0.400724      0.43152
   -0.333428    -0.448092     0.512605
   -0.333428    -0.448092    -0.512605
   -0.929984    -0.563809     0.512605
   -0.929984    -0.563809    -0.512605
     0.27282    -0.446903     0.512605
     0.27282    -0.446903    -0.512605
    0.927703    -0.603457     0.512605
    0.927703    -0.603457    -0.512605
     1.04615    -0.641866     0.428542
    -1.04615    -0.641866     0.428542
    0.723304     0.751079     0.425036
    0.723304    -0.751079     0.425036
    -1.20164    -0.392288     0.306868
    -1.20164     -1.89445     0.306868
   -0.814778    -0.575171     0.512605
   -0.814778    -0.575171    -0.512605
    0.162636     -0.59677     0.512605
    0.162636     -0.59677    -0.512605
    -0.33919     0.751079     0.506685
    -0.33919    -0.751079     0.506685
   -0.300229     0.737086     0.512605
   -0.300229     0.737086    -0.512605
   -0.924175    -0.643566     0.512605
   -0.924175    -0.643566    -0.512605
     1.04025     0.751079    -0.390244
     1.04025    -0.751079    -0.390244
       0.884    -0.715858     0.512605
       0.884    -0.715858    -0.512605
   -0.691495     0.709885     0.512605
   -0.691495     0.709885    -0.512605
    0.663533    -0.692963     0.512605
    0.663533    -0.692963    -0.512605
    0.962653    -0.518576     0.512605
    0.962653    -0.518576    -0.512605
   -0.834353    -0.749359     0.512605
   -0.834353    -0.749359    -0.512605
   -0.834311     0.751079    -0.511813
   -0.834311    -0.751079    -0.511813
    0.501755    -0.666581     0.512605
    0.501755    -0.666581    -0.512605
    -0.16771     0.751079     -0.43976
    -0.16771    -0.751079     -0.43976
   -0.483781    -0.644294     0.277539
   -0.483781     0.857864     0.277539
   -0.114971    -0.751079     0.219949
   -0.114971     0.751079     0.219949
    0.560539    -0.751079     0.315196
    0.560539     0.751079     0.315196
 6.75593e-05    -0.751079     0.226136
 6.75593e-05     0.751079     0.226136
    0.571189    -0.751079     0.416334
    0.571189     0.751079     0.416334
     0.67857     0.660842     0.512605
     0.67857     0.660842    -0.512605
    -1.04615     0.705975      0.47604
     1.04615     0.705975      0.47604
   -0.605336     -0.65662     0.512605
   -0.605336     -0.65662    -0.512605
     1.02847    -0.703644     0.512605
     1.02847    -0.703644    -0.512605
    -1.04615     0.461855     0.469906
     1.04615     0.461855     0.469906
   -0.480363     0.472536     0.512605
   -0.480363     0.472536    -0.512605
    0.951535     0.641533     0.512605
    0.951535     0.641533    -0.512605
    -1.04615      0.66699    -0.498964
     1.04615      0.66699    -0.498964
    0.698062     0.430995     0.512605
    0.698062     0.430995    -0.512605
    0.272393    -0.689599     0.512605
    0.272393    -0.689599    -0.512605
    0.113431     0.293458     0.512605
    0.113431     0.293458    -0.512605
    0.462258     0.702665     0.512605
    0.462258     0.702665    -0.512605
    0.781079     0.751079     0.407683
    0.781079    -0.751079     0.407683
    0.974721    -0.598694     0.512605
    0.974721    -0.598694    -0.512605
    0.313709    -0.500869    -0.199164
    0.313709     -2.00303    -0.199164
   -0.856282    -0.683223     0.512605
   -0.856282    -0.683223    -0.512605
    0.691082     0.751079     0.476968
    0.691082    -0.751079     0.476968
    0.770586     0.664966     0.512605
    0.770586     0.664966    -0.512605
    -1.04615     0.428178     0.387207
     1.04615     0.428178     0.387207
     0.27445      0.25602     0.512605
     0.27445      0.25602    -0.512605
   -0.722981     0.711938     0.512605
   -0.722981     0.711938    -0.512605
   -0.996785  -0.00696927     0.512605
   -0.996785  -0.00696927    -0.512605
    -0.57275     0.466653     0.512605
    -0.57275     0.466653    -0.512605
   -0.619555    -0.751079     0.469518
   -0.619555     0.751079     0.469518
   -0.391446    -0.476298     0.512605
   -0.391446    -0.476298    -0.512605
   -0.472376    -0.293338     0.512605
   -0.472376    -0.293338    -0.512605
    0.186859     0.045394     0.512605
    0.186859     0.045394    -0.512605
    -1.00506     -0.65304     0.512605
    -1.00506     -0.65304    -0.512605
    0.269209    -0.685745     0.512605
    0.269209    -0.685745    -0.512605
    0.338532    -0.530954     0.512605
    0.338532    -0.530954    -0.512605
   -0.658388     0.751079     0.333264
   -0.658388    -0.751079     0.333264
     0.24873     0.474449     0.512605
     0.24873     0.474449    -0.512605
     0.29303     -0.60249     0.512605
     0.29303     -0.60249    -0.512605
    0.155723    -0.565512     0.512605
    0.155723    -0.565512    -0.512605
    0.494815    -0.711069     0.512605
    0.494815    -0.711069    -0.512605
     0.33426    -0.684521     0.512605
     0.33426    -0.684521    -0.512605
    0.134548     0.751079    -0.438467
    0.134548    -0.751079    -0.438467
     1.04615     0.103921     0.431707
    -1.04615     0.103921     0.431707
   -0.525639    -0.180559     0.512605
   -0.525639    -0.180559    -0.512605
    0.424189      0.20855     0.512605
    0.424189      0.20855    -0.512605
   -0.241443    0.0997449     0.512605
   -0.241443    0.0997449    -0.512605
     1.01388     0.392951     0.512605
     1.01388     0.392951    -0.512605
   -0.538462     0.285766     0.512605
   -0.538462     0.285766    -0.512605
    0.740468     0.493653     0.512605
    0.740468     0.493653    -0.512605
    0.126924     0.187929     0.512605
    0.126924     0.187929    -0.512605
    -0.15988    -0.751079     0.257242
    -0.15988     0.751079     0.257242
    0.945506    -0.610148     0.512605
    0.945506    -0.610148    -0.512605
   -0.810414    -0.431126     0.512605
   -0.810414    -0.431126    -0.512605
   -0.524295    -0.171908     0.512605
   -0.524295    -0.171908    -0.512605
    0.146729    0.0850417     0.512605
    0.146729    0.0850417    -0.512605
    0.986476   -0.0720075     0.512605
    0.986476   -0.0720075    -0.512605
    0.230975     -0.24807     0.512605
    0.230975     -0.24807    -0.512605
    -1.04615    -0.264261     0.487651
     1.04615    -0.264261     0.487651
   -0.764873    -0.324569     0.512605
   -0.764873    -0.324569    -0.512605
    0.932758     -0.42287     0.512605
    0.932758     -0.42287    -0.512605
    -1.04615    -0.113085     0.481518
     1.04615    -0.113085     0.481518
   -0.647869   -0.0937918     0.512605
   -0.647869   -0.0937918    -0.512605
    0.558281    -0.164805     0.512605
    0.558281    -0.164805    -0.512605
     1.04306    -0.081608     0.512605
     1.04306    -0.081608    -0.512605
    0.332885    -0.312159     0.512605
    0.332885    -0.312159    -0.512605
   -0.704642     0.751079    -0.308294
   -0.704642    -0.751079    -0.308294
   -0.711432     0.751079    -0.309489
   -0.711432    -0.751079    -0.309489
   -0.415142     0.619531    -0.211058
     1.67715     0.619531    -0.211058
    0.608337    -0.751079    -0.148398
    0.608337     0.751079    -0.148398
    0.950229     0.406881    -0.181259
    0.950229      1.90904    -0.181259
   -0.235169    -0.751079    -0.279239
   -0.235169     0.751079    -0.279239
  -0.0230561     0.406881    -0.234867
  -0.0230561      1.90904    -0.234867
   -0.988006    -0.751079    -0.350462
   -0.988006     0.751079    -0.350462
 -0.00831062    -0.751079    -0.245755
 -0.00831062     0.751079    -0.245755
     7.90563    -0.751079     -0.17756
     7.90563     0.751079     -0.17756
   -0.415142     0.637753    -0.217693
     1.67715     0.637753    -0.217693
    -1.04615    -0.397373    -0.347072
     1.04615    -0.397373    -0.347072
    -1.04615    -0.245894    -0.356676
     1.04615    -0.245894    -0.356676
    -1.04615    -0.305614     -0.34956
     1.04615    -0.305614     -0.34956
    -1.04615    -0.718815    -0.343317
     1.04615    -0.718815    -0.343317
    -1.04615    -0.681594    -0.329124
     1.04615    -0.681594    -0.329124
     1.04615    -0.439899    -0.385455
    -1.04615    -0.439899    -0.385455
     1.04615    -0.468376    -0.387518
    -1.04615    -0.468376    -0.387518
     1.48815    -0.414199    -0.404965
     1.48815      1.08796    -0.404965
    0.615033     0.673847    -0.121517
    0.615033      2.17601    -0.121517
   -0.501832    -0.751079    -0.203378
   -0.501832     0.751079    -0.203378
     1.04615     0.477185    -0.149596
    -1.04615     0.477185    -0.149596
     1.04615     0.235022    -0.149306
    -1.04615     0.235022    -0.149306
  -0.0375286     0.639793    -0.182674
  -0.0375286    -0.862365    -0.182674
     1.04615     0.573541    -0.177284
    -1.04615     0.573541    -0.177284
     1.04615     0.743751    -0.241499
    -1.04615     0.743751    -0.241499
   -0.394876     0.639793    -0.172569
   -0.394876    -0.862365    -0.172569
     1.04615     0.524653     -0.22114
    -1.04615     0.524653     -0.22114
   0.0272088     0.751079    -0.157761
   0.0272088    -0.751079    -0.157761
   -0.333738     0.751079    -0.256221
   -0.333738    -0.751079    -0.256221
   -0.810679     0.751079    -0.247728
   -0.810679    -0.751079    -0.247728
    0.556411     0.203417    -0.512605
    0.556411     0.203417     0.512605
   -0.274472     0.751079    -0.216321
   -0.274472    -0.751079    -0.216321
   -0.216922     0.751079     -0.29152
   -0.216922    -0.751079     -0.29152
   -0.894975     0.751079    -0.258681
   -0.894975    -0.751079    -0.258681
     1.04615    -0.335542    -0.246258
    -1.04615    -0.335542    -0.246258
    -1.04615    -0.393404    -0.184052
     1.04615    -0.393404    -0.184052
    -1.04615   -0.0671861    -0.188043
     1.04615   -0.0671861    -0.188043
    -1.04615    -0.319731    -0.179893
     1.04615    -0.319731    -0.179893
    -1.04615    -0.460892     -0.15305
     1.04615    -0.460892     -0.15305
   -0.194692    -0.728716    -0.512605
   -0.194692    -0.728716     0.512605
   -0.511133    -0.649768    -0.512605
   -0.511133    -0.649768     0.512605
   -0.814407     0.751079    -0.390232
   -0.814407    -0.751079    -0.390232
     1.04615    -0.462157      -0.3282
    -1.04615    -0.462157      -0.3282
   -0.330407     0.751079    -0.363721
   -0.330407    -0.751079    -0.363721
     0.23461     0.751079    -0.397926
     0.23461    -0.751079    -0.397926
     1.04615     0.185622    -0.313099
    -1.04615     0.185622    -0.313099
     1.04615    -0.114695    -0.347572
    -1.04615    -0.114695    -0.347572
     1.04615   -0.0523029    -0.389898
    -1.04615   -0.0523029    -0.389898
    0.645603    -0.557616    -0.288375
    0.645603     0.944542    -0.288375
    0.511541     0.241354    -0.274588
    0.511541      1.74351    -0.274588
     1.04615     0.468382    -0.295065
    -1.04615     0.468382    -0.295065
    -5.63412     0.241354   -0.0489106
    -5.63412      1.74351   -0.0489106
     1.04615     0.693765     -0.32697
    -1.04615     0.693765     -0.32697
    0.734107    -0.751079    -0.327471
    0.734107     0.751079    -0.327471
     1.04615     0.446751    -0.323609
    -1.04615     0.446751    -0.323609
     1.04615     0.719801    -0.338922
    -1.04615     0.719801    -0.338922
    -1.03033    -0.683658    -0.346719
    -1.03033       0.8185    -0.346719
    -1.04615    -0.513662    -0.231823
     1.04615    -0.513662    -0.231823
   -0.630559     0.751079    -0.373068
   -0.630559    -0.751079    -0.373068
    0.348962     0.751079    -0.380107
    0.348962    -0.751079    -0.380107
     1.04615     0.121687    -0.289632
    -1.04615     0.121687    -0.289632
     1.04615     -0.19254    -0.326401
    -1.04615     -0.19254    -0.326401
    -1.04615     0.412566     -0.24837
     1.04615     0.412566     -0.24837
     2.40297      0.12862    0.0037319
     2.40297     -1.37354    0.0037319
    -1.00699     0.751079    -0.328493
    -1.00699    -0.751079    -0.328493
    -1.04615     0.451182    -0.311355
     1.04615     0.451182    -0.311355
   -0.961023     0.751079    -0.294406
   -0.961023    -0.751079    -0.294406
   0.0713279     0.751079    -0.350288
   0.0713279    -0.751079    -0.350288
    -1.04615    -0.547764    -0.331263
     1.04615    -0.547764    -0.331263
   -0.234425     0.751079     0.133193
   -0.234425    -0.751079     0.133193
     1.04615    -0.708504     0.129796
    -1.04615    -0.708504     0.129796
   -0.137777     0.751079      0.12854
   -0.137777    -0.751079      0.12854
     0.22096     0.751079     0.115699
     0.22096    -0.751079     0.115699
    0.399699     0.751079     0.116862
    0.399699    -0.751079     0.116862
    -1.04615     0.730652     0.221723
     1.04615     0.730652     0.221723
     1.04615   -0.0643315     0.255317
    -1.04615   -0.0643315     0.255317
   -0.659928    -0.751079   -0.0911322
   -0.659928     0.751079   -0.0911322
   -0.963811    -0.751079   -0.0792077
   -0.963811     0.751079   -0.0792077
     1.04615     0.715555     0.127343
    -1.04615     0.715555     0.127343
    -1.04615     0.732312   -0.0366641
     1.04615     0.732312   -0.0366641
   0.0716636    -0.751079     0.133008
   0.0716636     0.751079     0.133008
    -1.04615     -0.65552   -0.0385842
     1.04615     -0.65552   -0.0385842
    0.668086    -0.751079     0.119231
    0.668086     0.751079     0.119231
    -1.04615     0.595632   -0.0379202
     1.04615     0.595632   -0.0379202
   -0.716376     0.751079   -0.0891885
   -0.716376    -0.751079   -0.0891885
    0.948502    -0.645759   -0.0451835
    0.948502     0.856399   -0.0451835
     1.04615    -0.359169   -0.0441475
    -1.04615    -0.359169   -0.0441475
      0.1148     0.751079  -0.00118824
      0.1148    -0.751079  -0.00118824
    -1.04615    -0.615784 -0.000885342
     1.04615    -0.615784 -0.000885342
     1.02524     0.751079 -0.000920707
     1.02524    -0.751079 -0.000920707
    -1.04615     0.747287 -0.000921429
     1.04615     0.747287 -0.000921429
    0.266768     0.751079 -0.000819606
    0.266768    -0.751079 -0.000819606
    -1.04615    -0.625247   0.00361131
     1.04615    -0.625247   0.00361131
    -1.04615    -0.493632 -0.000329059
     1.04615    -0.493632 -0.000329059
    -1.04615      -0.5904 -0.000795332
     1.04615      -0.5904 -0.000795332
    -1.04615     0.715117 -0.000499697
     1.04615     0.715117 -0.000499697
    -1.04615     0.738748 -0.000442534
     1.04615     0.738748 -0.000442534
   -0.817029    -0.389089   0.00069369
   -0.817029      1.11307   0.00069369
   0.0620093    -0.389089   0.00180558
   0.0620093      1.11307   0.00180558
     1.04615    -0.255894 -0.000278657
    -1.04615    -0.255894 -0.000278657
     1.04615    -0.118622  -0.00045454
    -1.04615    -0.118622  -0.00045454
     1.04615    -0.379508 -0.000161626
    -1.04615    -0.379508 -0.000161626
     1.04615    -0.464393 -0.000671167
    -1.04615    -0.464393 -0.000671167
     1.04615    -0.410919 -0.000394807
    -1.04615    -0.410919 -0.000394807
     1.04615    -0.369563 -0.000184499
    -1.04615    -0.369563 -0.000184499
    0.740953     0.751079  0.000212322
    0.740953    -0.751079  0.000212322
   -0.674989     0.751079  0.000747633
   -0.674989    -0.751079  0.000747633
  -0.0259211     0.751079   0.00171588
  -0.0259211    -0.751079   0.00171588
   -0.552233     0.751079  0.000514274
   -0.552233    -0.751079  0.000514274
   -0.188705     0.751079  0.000325715
   -0.188705    -0.751079  0.000325715
   -0.931938     0.751079  0.000500995
   -0.931938    -0.751079  0.000500995
    0.996756     0.751079  0.000194902
    0.996756    -0.751079  0.000194902
   -0.368638     0.751079    0.0009587
   -0.368638    -0.751079    0.0009587
    -0.11908     0.751079   0.00212319
    -0.11908    -0.751079   0.00212319
  -0.0316438     0.751079    0.0021946
  -0.0316438    -0.751079    0.0021946
   -0.430936     0.751079   0.00211402
   -0.430936    -0.751079   0.00211402
   -0.238135     0.751079   0.00220197
   -0.238135    -0.751079   0.00220197
   -0.678052    -0.751079   -0.0010704
   -0.678052     0.751079   -0.0010704
     1.04615     -0.67723  -0.00100306
    -1.04615     -0.67723  -0.00100306
   -0.107559    -0.751079  -0.00113067
   -0.107559     0.751079  -0.00113067
     1.04615      0.59346  -0.00135518
    -1.04615      0.59346  -0.00135518
    -0.36873    -0.751079 -0.000611271
    -0.36873     0.751079 -0.000611271
   -0.290191    -0.751079  -0.00100451
   -0.290191     0.751079  -0.00100451
     1.04615     0.708762 -0.000369416
    -1.04615     0.708762 -0.000369416
    0.885168     0.751079 -0.000284432
    0.885168    -0.751079 -0.000284432
   -0.882344     0.751079 -6.20266e-05
   -0.882344    -0.751079 -6.20266e-05
    0.569102     -0.33175   -0.0237783
    0.569102     -1.83391   -0.0237783
    -1.04615    -0.532957 -0.000479671
     1.04615    -0.532957 -0.000479671
    0.387562     0.751079  -0.00089041
    0.387562    -0.751079  -0.00089041
    -1.04615    -0.618853 -0.000792013
     1.04615    -0.618853 -0.000792013
   -0.555399     0.751079   -0.0014313
   -0.555399    -0.751079   -0.0014313
    0.925128     0.751079 -0.000314013
    0.925128    -0.751079 -0.000314013
    -1.11722     0.751079  -0.00182186
    -1.11722    -0.751079  -0.00182186
    0.880486     0.751079 -0.000250987
    0.880486    -0.751079 -0.000250987
   -0.994975     0.751079 -0.000142297
   -0.994975    -0.751079 -0.000142297
   -0.883751     0.751079   0.00262517
   -0.883751    -0.751079   0.00262517
     1.04615    -0.101177   0.00105764
    -1.04615    -0.101177   0.00105764
     1.04615    -0.176006   0.00115682
    -1.04615    -0.176006   0.00115682
     1.04615   -0.0461026   0.00099655
    -1.04615   -0.0461026   0.00099655
     1.04615  0.000847865  0.000933868
    -1.04615  0.000847865  0.000933868
     0.65092     0.751079     0.001137
     0.65092    -0.751079     0.001137
     0.72942     0.751079  0.000997932
     0.72942    -0.751079  0.000997932
    0.924074     0.751079   0.00101913
    0.924074    -0.751079   0.00101913
     0.63598     0.751079   0.00109618
     0.63598    -0.751079   0.00109618
    -1.04615      0.66063  0.000872916
     1.04615      0.66063  0.000872916
    -1.04615     0.519702  0.000924369
     1.04615     0.519702  0.000924369
    -1.04615     0.678187  0.000661338
     1.04615     0.678187  0.000661338
    -1.04615     0.557596  0.000900773
     1.04615     0.557596  0.000900773
    -1.04615     0.509515 -0.000199931
     1.04615     0.509515 -0.000199931
   -0.664037    -0.751079   0.00027298
   -0.664037     0.751079   0.00027298
    -1.04615     0.540721 -0.000120488
     1.04615     0.540721 -0.000120488
    0.568511    -0.751079 -0.000300527
    0.568511     0.751079 -0.000300527
    0.718325    -0.751079 -0.000201805
    0.718325     0.751079 -0.000201805
    0.380203    -0.751079 -0.000470979
    0.380203     0.751079 -0.000470979
    -0.58474    -0.751079  0.000609616
    -0.58474     0.751079  0.000609616
    -1.04615     0.546339 -5.85464e-05
     1.04615     0.546339 -5.85464e-05
    0.656939    -0.751079 -0.000334351
    0.656939     0.751079 -0.000334351
   -0.692616     0.348584  0.000508158
   -0.692616     -1.15357  0.000508158
    0.802828    -0.751079   0.00154215
    0.802828     0.751079   0.00154215
    0.305448    -0.751079   0.00147597
    0.305448     0.751079   0.00147597
     1.00213    -0.751079  0.000912257
     1.00213     0.751079  0.000912257
    0.602563    -0.751079   0.00125826
    0.602563     0.751079   0.00125826
    -1.04615   -0.0837133  0.000977525
     1.04615   -0.0837133  0.000977525
   -0.641276     0.751079   0.00118368
   -0.641276    -0.751079   0.00118368
    0.699366     0.751079   0.00181812
    0.699366    -0.751079   0.00181812
    0.975624     0.751079     0.001427
    0.975624    -0.751079     0.001427
    0.469088     0.751079   0.00242623
    0.469088    -0.751079   0.00242623
    0.616291     0.751079   0.00216294
    0.616291    -0.751079   0.00216294
   -0.448176     0.751079   0.00129017
   -0.448176    -0.751079   0.00129017
   -0.505072     0.751079   0.00125601
   -0.505072    -0.751079   0.00125601
   -0.105311     0.751079   0.00184896
   -0.105311    -0.751079   0.00184896
    0.581075    -0.751079  -0.00014804
    0.581075     0.751079  -0.00014804
   -0.660927    -0.751079  0.000398526
   -0.660927     0.751079  0.000398526
    0.375444    -0.751079 -0.000205463
    0.375444     0.751079 -0.000205463
    0.822808    -0.751079  4.34766e-06
    0.822808     0.751079  4.34766e-06
    0.899989    -0.751079 -0.000955535
    0.899989     0.751079 -0.000955535
   -0.859072    -0.751079   0.00120926
   -0.859072     0.751079   0.00120926
     1.04615     0.455753  0.000162728
    -1.04615     0.455753  0.000162728
     1.04615     0.662397 -0.000776006
    -1.04615     0.662397 -0.000776006
     0.48547    -0.751079 -0.000797375
     0.48547     0.751079 -0.000797375
   -0.174468    -0.751079  1.11722e-05
   -0.174468     0.751079  1.11722e-05
   -0.947149    -0.751079 -3.14074e-05
   -0.947149     0.751079 -3.14074e-05
     1.04615     0.522181 -0.000728452
    -1.04615     0.522181 -0.000728452
   -0.883972    -0.751079 -0.000665072
   -0.883972     0.751079 -0.000665072
     1.04615      -0.6918 -0.000640442
    -1.04615      -0.6918 -0.000640442
  -0.0842868    -0.751079 -0.000822521
  -0.0842868     0.751079 -0.000822521
     1.04615     0.564465 -0.000738002
    -1.04615     0.564465 -0.000738002
    -0.89136    -0.751079   0.00401626
    -0.89136     0.751079   0.00401626
   -0.641947    -0.751079 -0.000427917
   -0.641947     0.751079 -0.000427917
   0.0261769    -0.751079 -0.000753188
   0.0261769     0.751079 -0.000753188
     0.27119     0.751079   0.00143956
     0.27119    -0.751079   0.00143956
    0.112665     0.751079   0.00162487
    0.112665    -0.751079   0.00162487
    0.554246     0.751079    0.0012648
    0.554246    -0.751079    0.0012648
    0.537184     0.751079   0.00126873
    0.537184    -0.751079   0.00126873
   -0.405983     0.751079   0.00148525
   -0.405983    -0.751079   0.00148525
    -0.17827     0.751079   0.00165879
    -0.17827    -0.751079   0.00165879
    -1.04615    -0.040069  0.000841774
     1.04615    -0.040069  0.000841774
     1.04615    -0.193986   0.00190255
    -1.04615    -0.193986   0.00190255
     1.04615    -0.125959   0.00239954
    -1.04615    -0.125959   0.00239954
     1.04615   -0.0209816   0.00168874
    -1.04615   -0.0209816   0.00168874
     1.04615     0.706645  -0.00020775
    -1.04615     0.706645  -0.00020775
     1.04615    -0.645132  0.000172962
    -1.04615    -0.645132  0.000172962
     1.04615    -0.611042  0.000491338
    -1.04615    -0.611042  0.000491338
     1.04615    -0.677428  0.000789628
    -1.04615    -0.677428  0.000789628
    -1.04615     0.124077  0.000457051
     1.04615     0.124077  0.000457051
    -1.04615    0.0641158  0.000521338
     1.04615    0.0641158  0.000521338
    -1.04615     0.182094  0.000342969
     1.04615     0.182094  0.000342969
    -1.04615     0.144201  0.000421932
     1.04615     0.144201  0.000421932
     1.04615     0.719871  -0.00095539
    -1.04615     0.719871  -0.00095539
   -0.300919      0.71573   0.00019481
   -0.300919    -0.786428   0.00019481
   -0.385943      0.71573  0.000323354
   -0.385943    -0.786428  0.000323354
     1.04615    -0.631565 -4.11276e-06
    -1.04615    -0.631565 -4.11276e-06
     1.04615    -0.727176 -2.60559e-05
    -1.04615    -0.727176 -2.60559e-05
     1.04615     0.723902 -0.000207079
    -1.04615     0.723902 -0.000207079
    -1.04615    -0.443445 -0.000663662
     1.04615    -0.443445 -0.000663662
    0.229306     0.751079  -0.00110541
    0.229306    -0.751079  -0.00110541
    0.692514     0.751079 -0.000376485
    0.692514    -0.751079 -0.000376485
    0.860417     0.751079 -0.000314152
    0.860417    -0.751079 -0.000314152
    -1.04615     -0.48754 -0.000580212
     1.04615     -0.48754 -0.000580212
   -0.546653     0.751079  0.000920124
   -0.546653    -0.751079  0.000920124
  -0.0891918     0.751079   0.00102009
  -0.0891918    -0.751079   0.00102009
   0.0637541     0.751079  0.000937254
   0.0637541    -0.751079  0.000937254
   -0.998345    -0.590302  -0.00140055
     1.09395    -0.590302  -0.00140055
   -0.232346    -0.751079   0.00138722
   -0.232346     0.751079   0.00138722
  0.00222679    -0.751079   0.00127168
  0.00222679     0.751079   0.00127168
   -0.819546    -0.751079   0.00157147
   -0.819546     0.751079   0.00157147
     1.04615      0.73864 -0.000143924
    -1.04615      0.73864 -0.000143924
     1.04615    -0.537306  0.000789597
    -1.04615    -0.537306  0.000789597
     1.04615    -0.744765  0.000132208
    -1.04615    -0.744765  0.000132208
     1.04615     -0.61341  0.000243616
    -1.04615     -0.61341  0.000243616
     1.04615     -0.57497  0.000574224
    -1.04615     -0.57497  0.000574224
     1.04615    -0.670046  -0.00579444
    -1.04615    -0.670046  -0.00579444
   -0.450934     0.751079  -0.00615961
   -0.450934    -0.751079  -0.00615961
   -0.243338     0.751079  -0.00653472
   -0.243338    -0.751079  -0.00653472
     1.04615    -0.706097  -0.00594776
    -1.04615    -0.706097  -0.00594776
     1.04615    -0.612628  -0.00512018
    -1.04615    -0.612628  -0.00512018
    -1.04615    -0.536135  -0.00153479
     1.04615    -0.536135  -0.00153479
    -1.04615    -0.521131  -0.00142664
     1.04615    -0.521131  -0.00142664
    -1.04615    -0.413993  -0.00140991
     1.04615    -0.413993  -0.00140991
     1.01839    -0.751079 -0.000406985
     1.01839     0.751079 -0.000406985
    0.877367    -0.751079 -0.000397801
    0.877367     0.751079 -0.000397801
     1.04615    -0.144971  0.000894548
    -1.04615    -0.144971  0.000894548
     1.04615     0.296755 -1.40377e-05
    -1.04615     0.296755 -1.40377e-05
     1.04615    0.0526678  0.000650793
    -1.04615    0.0526678  0.000650793
     1.04615     -0.16716  0.000686403
    -1.04615     -0.16716  0.000686403
     1.04615       0.1401  0.000526616
    -1.04615       0.1401  0.000526616
    -1.04615     0.581433  -0.00310599
     1.04615     0.581433  -0.00310599
    -1.04615     0.728917  -0.00335807
     1.04615     0.728917  -0.00335807
    -1.04615     0.654066  -0.00580171
     1.04615     0.654066  -0.00580171
    -1.04615     0.656978  -0.00298027
     1.04615     0.656978  -0.00298027
    0.888009    -0.124837   0.00078831
    -1.20429    -0.124837   0.00078831
    -1.04615    -0.452328 -0.000802192
     1.04615    -0.452328 -0.000802192
    0.172053     0.751079  -0.00119798
    0.172053    -0.751079  -0.00119798
    0.676936     0.751079 -0.000463071
    0.676936    -0.751079 -0.000463071
    -1.04615    -0.668355 -0.000821345
     1.04615    -0.668355 -0.000821345
    -0.71971     0.751079 -0.000847042
    -0.71971    -0.751079 -0.000847042
    0.338483     0.751079 -0.000728671
    0.338483    -0.751079 -0.000728671
    -1.04615    -0.455014 -0.000616724
     1.04615    -0.455014 -0.000616724
    -1.04615    -0.505418 -0.000697476
     1.04615    -0.505418 -0.000697476
    0.965363     0.751079 -0.000590748
    0.965363    -0.751079 -0.000590748
     1.04615     0.454103  0.000858379
    -1.04615     0.454103  0.000858379
     1.04615      0.42268  0.000968269
    -1.04615      0.42268  0.000968269
     1.04615    -0.681179  -0.00121673
    -1.04615    -0.681179  -0.00121673
    0.689904     0.751079  -0.00130511
    0.689904    -0.751079  -0.00130511
     1.04615    -0.541939 -0.000945133
    -1.04615    -0.541939 -0.000945133
   -0.159521     0.751079  -0.00189629
   -0.159521    -0.751079  -0.00189629
     1.04615    -0.587236   -0.0012298
    -1.04615    -0.587236   -0.0012298
   -0.281884     0.751079 -0.000985756
   -0.281884    -0.751079 -0.000985756
     1.04615     -0.55258 -0.000193305
    -1.04615     -0.55258 -0.000193305
   0.0605354     0.751079   0.00226957
   0.0605354    -0.751079   0.00226957
   -0.273808    -0.751079    0.0013125
   -0.273808     0.751079    0.0013125
   -0.237011    -0.751079   0.00160714
   -0.237011     0.751079   0.00160714
  -0.0509981    -0.751079   0.00173279
  -0.0509981     0.751079   0.00173279
   -0.857452     0.751079   0.00045184
   -0.857452    -0.751079   0.00045184
   -0.832965     0.751079  0.000467261
   -0.832965    -0.751079  0.000467261
   -0.814769     0.751079  0.000485093
   -0.814769    -0.751079  0.000485093
    -1.04615     0.507122   -0.0016583
     1.04615     0.507122   -0.0016583
    -1.04615     0.706571  0.000115796
     1.04615     0.706571  0.000115796
    -1.04615    -0.447304   0.00127422
     1.04615    -0.447304   0.00127422
    -1.04615    -0.488936   0.00139732
     1.04615    -0.488936   0.00139732
     1.04615    0.0625485   0.00134064
    -1.04615    0.0625485   0.00134064
     1.04615     0.446675 -8.79906e-05
    -1.04615     0.446675 -8.79906e-05
     1.04615     0.173788  0.000545505
    -1.04615     0.173788  0.000545505
     1.04615     0.119017  0.000571089
    -1.04615     0.119017  0.000571089
     1.04615     0.354368  0.000286926
    -1.04615     0.354368  0.000286926
    -1.04615   -0.0435462  0.000828039
     1.04615   -0.0435462  0.000828039
    -1.04615    0.0321292  0.000649796
     1.04615    0.0321292  0.000649796
    -1.04615  0.000462022  0.000729792
     1.04615  0.000462022  0.000729792
     0.53857    -0.751079   0.00105511
     0.53857     0.751079   0.00105511
    0.365238    -0.250303   0.00358566
    0.365238      1.25186   0.00358566
   -0.862669    -0.637151  2.67424e-05
   -0.862669     0.865007  2.67424e-05
   -0.785827    -0.637151 -0.000337565
   -0.785827     0.865007 -0.000337565
     1.04615    -0.112574   0.00165196
    -1.04615    -0.112574   0.00165196
     1.04615   -0.0573597  0.000907879
    -1.04615   -0.0573597  0.000907879
    -0.81103     0.751079  0.000696686
    -0.81103    -0.751079  0.000696686
    0.614511     0.751079   0.00116751
    0.614511    -0.751079   0.00116751
    -0.96795     0.751079   0.00121493
    -0.96795    -0.751079   0.00121493
   -0.310948     0.751079 -0.000253096
   -0.310948    -0.751079 -0.000253096
   -0.160007     0.751079  0.000803448
   -0.160007    -0.751079  0.000803448
   -0.854653     0.751079  -0.00139293
   -0.854653    -0.751079  -0.00139293
     0.72023     0.751079 -0.000116214
     0.72023    -0.751079 -0.000116214
   -0.906647     0.751079  0.000146721
   -0.906647    -0.751079  0.000146721
    0.446527     0.751079 -0.000336209
    0.446527    -0.751079 -0.000336209
     1.04384     0.751079 -8.17431e-06
     1.04384    -0.751079 -8.17431e-06
    0.960883     0.751079 -0.000231229
    0.960883    -0.751079 -0.000231229
    0.536487     0.751079   0.00190918
    0.536487    -0.751079   0.00190918
    0.117702     0.751079   0.00277384
    0.117702    -0.751079   0.00277384
    -1.02246     0.751079  0.000103351
    -1.02246    -0.751079  0.000103351
   -0.886302     0.751079   0.00142644
   -0.886302    -0.751079   0.00142644
     -0.2616     0.751079   0.00196058
     -0.2616    -0.751079   0.00196058
   -0.967793     0.751079  0.000680296
   -0.967793    -0.751079  0.000680296
    0.656898     0.751079   0.00145073
    0.656898    -0.751079   0.00145073
    0.582319     0.751079    0.0011349
    0.582319    -0.751079    0.0011349
    0.519096     0.751079   0.00114505
    0.519096    -0.751079   0.00114505
   -0.636417     0.751079 -0.000430362
   -0.636417    -0.751079 -0.000430362
   -0.521939     0.751079  -0.00410177
   -0.521939    -0.751079  -0.00410177
   0.0131392     0.751079     0.001481
   0.0131392    -0.751079     0.001481
    0.906093     0.751079   -0.0014528
    0.906093    -0.751079   -0.0014528
    -1.04615     0.733337  -0.00154796
     1.04615     0.733337  -0.00154796
    -1.04615    -0.707317  -0.00576508
     1.04615    -0.707317  -0.00576508
    -1.04615     0.656188 -0.000664093
     1.04615     0.656188 -0.000664093
    -1.04615    -0.634932 -0.000771254
     1.04615    -0.634932 -0.000771254
    -1.04615    -0.678631  -0.00082749
     1.04615    -0.678631  -0.00082749
    0.468767    -0.751079 -0.000690158
    0.468767     0.751079 -0.000690158
    0.612677    -0.751079 -0.000600058
    0.612677     0.751079 -0.000600058
    -0.64359    -0.751079  0.000260917
    -0.64359     0.751079  0.000260917
    -1.04615     0.566876 -0.000478083
     1.04615     0.566876 -0.000478083
   -0.879459    -0.751079 -0.000143974
   -0.879459     0.751079 -0.000143974
     1.04615    -0.675767  -0.00141511
    -1.04615    -0.675767  -0.00141511
     1.04615     0.702221  -0.00181643
    -1.04615     0.702221  -0.00181643
   -0.698612    -0.751079   -0.0019732
   -0.698612     0.751079   -0.0019732
   -0.313809    -0.694203 -0.000129819
   -0.313809     0.807955 -0.000129819
     1.04615    -0.596632 -0.000272266
    -1.04615    -0.596632 -0.000272266
     1.04615    -0.682243 -0.000380897
    -1.04615    -0.682243 -0.000380897
     1.04615     -0.53774  0.000937042
    -1.04615     -0.53774  0.000937042
   -0.382874    -0.694203 -0.000149945
   -0.382874     0.807955 -0.000149945
     1.04615    -0.627437 -0.000294671
    -1.04615    -0.627437 -0.000294671
     1.04615     -0.61808  0.000427601
    -1.04615     -0.61808  0.000427601
     1.04615     0.406849 -0.000337445
    -1.04615     0.406849 -0.000337445
     1.04615     0.101281  0.000263477
    -1.04615     0.101281  0.000263477
     1.04615     0.323375  1.99534e-05
    -1.04615     0.323375  1.99534e-05
   -0.156052    -0.751079   -0.0141383
   -0.156052     0.751079   -0.0141383
     0.21253    -0.751079 -0.000830263
     0.21253     0.751079 -0.000830263
   -0.282824    -0.751079   0.00151784
   -0.282824     0.751079   0.00151784
    0.161847    -0.751079   0.00144708
    0.161847     0.751079   0.00144708
  -0.0181429    -0.751079    0.0016923
  -0.0181429     0.751079    0.0016923
    0.560151    -0.751079   0.00142827
    0.560151     0.751079   0.00142827
    0.500631    -0.751079   0.00167658
    0.500631     0.751079   0.00167658
   -0.932929    -0.751079   0.00510462
   -0.932929     0.751079   0.00510462
    0.397965    -0.751079  0.000912679
    0.397965     0.751079  0.000912679
   -0.967789    -0.751079  0.000312672
   -0.967789     0.751079  0.000312672
   -0.949304    -0.751079  0.000302235
   -0.949304     0.751079  0.000302235
   -0.679051    -0.751079  3.90847e-05
   -0.679051     0.751079  3.90847e-05
    0.729956    -0.751079  0.000660127
    0.729956     0.751079  0.000660127
    -1.04615     -0.60615 -0.000722686
     1.04615     -0.60615 -0.000722686
   -0.526449     0.751079 -0.000729106
   -0.526449    -0.751079 -0.000729106
    -1.04615    -0.594737  -0.00128626
     1.04615    -0.594737  -0.00128626
   -0.446741     0.751079  -0.00182765
   -0.446741    -0.751079  -0.00182765
    -1.04615    -0.507359 -0.000748458
     1.04615    -0.507359 -0.000748458
    -1.04615    -0.611403  -0.00122594
     1.04615    -0.611403  -0.00122594
   -0.559769     0.751079  -0.00161888
   -0.559769    -0.751079  -0.00161888
    -1.04615    -0.497664 -0.000469129
     1.04615    -0.497664 -0.000469129
   -0.778508     0.751079  0.000447593
   -0.778508    -0.751079  0.000447593
    -1.04615    -0.519226  -0.00072267
     1.04615    -0.519226  -0.00072267
    -1.04615     0.546182 -0.000529769
     1.04615     0.546182 -0.000529769
   -0.823768    -0.751079   0.00148588
   -0.823768     0.751079   0.00148588
   -0.535399    -0.751079  0.000988592
   -0.535399     0.751079  0.000988592
    0.863835    -0.751079  0.000959054
    0.863835     0.751079  0.000959054
    0.241438    -0.751079  0.000840868
    0.241438     0.751079  0.000840868
   -0.385993     0.751079    0.0017175
   -0.385993    -0.751079    0.0017175
    0.178244     0.751079   0.00245132
    0.178244    -0.751079   0.00245132
    0.189357     0.751079   0.00162523
    0.189357    -0.751079   0.00162523
    -1.04615    -0.453199 -0.000474392
     1.04615    -0.453199 -0.000474392
       0.366     0.751079 -0.000546889
       0.366    -0.751079 -0.000546889
   -0.998397     0.751079 -0.000151668
   -0.998397    -0.751079 -0.000151668
     0.99561     0.751079 -0.000410277
     0.99561    -0.751079 -0.000410277
    -1.04615    -0.320866  0.000824933
     1.04615    -0.320866  0.000824933
   -0.758227      0.48327  0.000419927
     1.33407      0.48327  0.000419927
     1.04615    -0.666861  0.000465018
    -1.04615    -0.666861  0.000465018
     1.04615    -0.681514   0.00112168
    -1.04615    -0.681514   0.00112168
     1.04615    -0.619729   0.00110025
    -1.04615    -0.619729   0.00110025
     1.04615      0.66254  -0.00288038
    -1.04615      0.66254  -0.00288038
   -0.607292    -0.751079     -0.01463
   -0.607292     0.751079     -0.01463
   -0.398002    -0.751079  -0.00250054
   -0.398002     0.751079  -0.00250054
  -0.0260157    -0.751079  -0.00164988
  -0.0260157     0.751079  -0.00164988
   -0.847288       0.5476  0.000133623
   -0.847288    -0.954558  0.000133623
    -1.04615    -0.674563 -0.000823436
     1.04615    -0.674563 -0.000823436
    -0.93063    -0.751079   0.00428424
    -0.93063     0.751079   0.00428424
   -0.973833    -0.751079  0.000223006
   -0.973833     0.751079  0.000223006
   -0.500202    -0.751079  0.000653698
   -0.500202     0.751079  0.000653698
    0.708682    -0.751079 -0.000308836
    0.708682     0.751079 -0.000308836
     1.04615    -0.474442   0.00297782
    -1.04615    -0.474442   0.00297782
     1.04615    -0.530428   0.00339245
    -1.04615    -0.530428   0.00339245
     1.04615    -0.441253   0.00341807
    -1.04615    -0.441253   0.00341807
     0.18111     0.751079   0.00583071
     0.18111    -0.751079   0.00583071
    0.321816     0.751079   0.00559844
    0.321816    -0.751079   0.00559844
     1.04615    -0.686918  -0.00068724
    -1.04615    -0.686918  -0.00068724
   -0.587342     0.751079 -1.33713e-05
   -0.587342    -0.751079 -1.33713e-05
    0.347031     0.677036   0.00239617
    0.347031    -0.825122   0.00239617
     0.40102     0.677036   0.00229471
     0.40102    -0.825122   0.00229471
    0.360704    -0.751079   0.00308998
    0.360704     0.751079   0.00308998
   -0.477347    -0.751079   0.00237925
   -0.477347     0.751079   0.00237925
    0.459518    -0.751079   0.00267999
    0.459518     0.751079   0.00267999
     1.04615    -0.715229 -4.49465e-05
    -1.04615    -0.715229 -4.49465e-05
     1.04615    -0.735632  0.000718697
    -1.04615    -0.735632  0.000718697
     1.04615     -0.66269   0.00068599
    -1.04615     -0.66269   0.00068599
     1.04615    -0.287995  0.000927062
    -1.04615    -0.287995  0.000927062
     1.04615    -0.235257   0.00120483
    -1.04615    -0.235257   0.00120483
    0.124204    -0.751079  -0.00132724
    0.124204     0.751079  -0.00132724
    -0.53949     0.751079   0.00167084
    -0.53949    -0.751079   0.00167084
   -0.277093     0.751079   0.00182395
   -0.277093    -0.751079   0.00182395
    -1.04615     0.595714  -0.00154512
     1.04615     0.595714  -0.00154512
    -1.04615    -0.705821  -0.00161815
     1.04615    -0.705821  -0.00161815
    -1.04615     0.617916  -0.00131598
     1.04615     0.617916  -0.00131598
     1.04615      0.71333 -0.000901655
    -1.04615      0.71333 -0.000901655
    0.925224    -0.751079 -0.000882934
    0.925224     0.751079 -0.000882934
     1.04615     0.533136 -0.000933515
    -1.04615     0.533136 -0.000933515
   -0.695138    -0.751079 -0.000564201
   -0.695138     0.751079 -0.000564201
    -0.47165    -0.751079 -0.000784443
    -0.47165     0.751079 -0.000784443
   -0.195752    -0.751079 -0.000797404
   -0.195752     0.751079 -0.000797404
    0.897699    -0.751079   0.00111977
    0.897699     0.751079   0.00111977
  0.00816079    -0.751079   0.00150607
  0.00816079     0.751079   0.00150607
     1.04615    -0.362281   0.00252101
    -1.04615    -0.362281   0.00252101
     1.04615     -0.38753   0.00234888
    -1.04615     -0.38753   0.00234888
    -1.04615     0.661182 -0.000448507
     1.04615     0.661182 -0.000448507
     1.04615    -0.503356   0.00143903
    -1.04615    -0.503356   0.00143903
    -1.04615    -0.507814 -0.000765187
     1.04615    -0.507814 -0.000765187
    0.945742    -0.487819 -0.000717119
    0.945742      1.01434 -0.000717119
    0.925005     0.751079   0.00171676
    0.925005    -0.751079   0.00171676
    0.425389     0.751079   0.00262715
    0.425389    -0.751079   0.00262715
  -0.0867967     0.751079   0.00224162
  -0.0867967    -0.751079   0.00224162
    -1.04615    -0.242709    0.0032076
     1.04615    -0.242709    0.0032076
    0.737781    -0.751079  7.73954e-05
    0.737781     0.751079  7.73954e-05
    -1.04615     0.722744    -0.001317
     1.04615     0.722744    -0.001317
     1.04615     0.545601   -0.0106167
    -1.04615     0.545601   -0.0106167
    -1.04615     0.186858  0.000663675
     1.04615     0.186858  0.000663675
    0.650622     0.751079   0.00107436
    0.650622    -0.751079   0.00107436
   -0.887984     0.751079   0.00054702
   -0.887984    -0.751079   0.00054702
   -0.415341     0.751079  0.000930897
   -0.415341    -0.751079  0.000930897
    -1.04615    -0.137511  0.000859663
     1.04615    -0.137511  0.000859663
    0.546122    -0.751079   0.00202596
    0.546122     0.751079   0.00202596
    0.997733     0.751079   -0.0012756
    0.997733    -0.751079   -0.0012756
     1.04615     0.365328 -0.000310093
    -1.04615     0.365328 -0.000310093
     1.04615     0.294442  4.04125e-06
    -1.04615     0.294442  4.04125e-06
     1.04615     0.679084 -0.000362223
    -1.04615     0.679084 -0.000362223
     1.04615    -0.298952   0.00121569
    -1.04615    -0.298952   0.00121569
    -1.04615     0.390843 -0.000566222
     1.04615     0.390843 -0.000566222
    -1.04615     0.384567 -0.000547956
     1.04615     0.384567 -0.000547956
    -1.04615     0.452888 -0.000636131
     1.04615     0.452888 -0.000636131
    -1.04615      0.71873  0.000739928
     1.04615      0.71873  0.000739928
     1.04615     0.384546  0.000398692
    -1.04615     0.384546  0.000398692
    -1.04615    -0.636381    -0.001168
     1.04615    -0.636381    -0.001168
    -0.57704     0.751079  -0.00165428
    -0.57704    -0.751079  -0.00165428
    -1.04615     -0.57692  -0.00071471
     1.04615     -0.57692  -0.00071471
     1.04615    0.0387722  0.000532916
    -1.04615    0.0387722  0.000532916
     1.04615   -0.0469447  0.000816744
    -1.04615   -0.0469447  0.000816744
     1.04615    0.0563705   0.00051945
    -1.04615    0.0563705   0.00051945
     1.04615     0.623216  -0.00054912
    -1.04615     0.623216  -0.00054912
    -1.04615    -0.548656  0.000859606
     1.04615    -0.548656  0.000859606
    0.261377     0.751079   0.00124274
    0.261377    -0.751079   0.00124274
    -1.04615    -0.537481 -0.000907964
     1.04615    -0.537481 -0.000907964
   -0.986911     0.751079  0.000528146
   -0.986911    -0.751079  0.000528146
   -0.597026     0.751079  0.000788054
   -0.597026    -0.751079  0.000788054
   -0.707777     0.751079  0.000715261
   -0.707777    -0.751079  0.000715261
   -0.368638     0.751079    0.0009587
   -0.368638    -0.751079    0.0009587
     1.04615      0.59346  -0.00135518
    -1.04615      0.59346  -0.00135518
     1.04615     0.708762 -0.000369416
    -1.04615     0.708762 -0.000369416
    0.718325    -0.751079 -0.000201805
    0.718325     0.751079 -0.000201805
    0.602563    -0.751079   0.00125826
    0.602563     0.751079   0.00125826
    0.765694    -0.751079 -7.62431e-05
    0.765694     0.751079 -7.62431e-05
    0.368146     0.751079   0.00205118
    0.368146    -0.751079   0.00205118
    0.229306     0.751079  -0.00110541
    0.229306    -0.751079  -0.00110541
    0.525224     0.751079  -0.00062251
    0.525224    -0.751079  -0.00062251
   -0.343485     0.751079   0.00107426
   -0.343485    -0.751079   0.00107426
     1.04615  -0.00813193  0.000679258
    -1.04615  -0.00813193  0.000679258
    -1.04615    -0.452328 -0.000802192
     1.04615    -0.452328 -0.000802192
    0.172053     0.751079  -0.00119798
    0.172053    -0.751079  -0.00119798
     1.04615    -0.681179  -0.00121673
    -1.04615    -0.681179  -0.00121673
    0.689904     0.751079  -0.00130511
    0.689904    -0.751079  -0.00130511
     1.04615    -0.541939 -0.000945133
    -1.04615    -0.541939 -0.000945133
   -0.159521     0.751079  -0.00189629
   -0.159521    -0.751079  -0.00189629
    -1.04615      0.51813  -0.00228594
     1.04615      0.51813  -0.00228594
     1.04615   -0.0573597  0.000907879
    -1.04615   -0.0573597  0.000907879
    0.900704     0.751079 -5.29576e-05
    0.900704    -0.751079 -5.29576e-05
    0.117702     0.751079   0.00277384
    0.117702    -0.751079   0.00277384
     -0.2616     0.751079   0.00196058
     -0.2616    -0.751079   0.00196058
    0.923231     0.751079   0.00117731
    0.923231    -0.751079   0.00117731
    -1.04615    -0.634932 -0.000771254
     1.04615    -0.634932 -0.000771254
    -1.04615    -0.678631  -0.00082749
     1.04615    -0.678631  -0.00082749
    0.612677    -0.751079 -0.000600058
    0.612677     0.751079 -0.000600058
   -0.867008    -0.751079 -0.000570587
   -0.867008     0.751079 -0.000570587
   -0.637681    -0.751079 -0.000778915
   -0.637681     0.751079 -0.000778915
   -0.949304    -0.751079  0.000302235
   -0.949304     0.751079  0.000302235
    0.729956    -0.751079  0.000660127
    0.729956     0.751079  0.000660127
     1.04615    -0.530428   0.00339245
    -1.04615    -0.530428   0.00339245
     1.04615    -0.441253   0.00341807
    -1.04615    -0.441253   0.00341807
     0.21313    -0.751079   0.00282574
     0.21313     0.751079   0.00282574
    -1.04615    -0.749155  -0.00168809
     1.04615    -0.749155  -0.00168809
   -0.164992    -0.751079 -0.000995992
   -0.164992     0.751079 -0.000995992
    -0.47165    -0.751079 -0.000784443
    -0.47165     0.751079 -0.000784443
     1.04615    -0.669959  0.000977408
    -1.04615    -0.669959  0.000977408
    0.425389     0.751079   0.00262715
    0.425389    -0.751079   0.00262715
    -1.04615    -0.242709    0.0032076
     1.04615    -0.242709    0.0032076
    -1.04615     0.126009  0.000577509
     1.04615     0.126009  0.000577509
    -1.04615    0.0825423  0.000667556
     1.04615    0.0825423  0.000667556
    -1.04615    -0.137511  0.000859663
     1.04615    -0.137511  0.000859663
    -1.04615   -0.0214012  0.000753464
     1.04615   -0.0214012  0.000753464
    0.546122    -0.751079   0.00202596
    0.546122     0.751079   0.00202596
     1.04615     0.294442  4.04125e-06
    -1.04615     0.294442  4.04125e-06
     1.04615    -0.298952   0.00121569
    -1.04615    -0.298952   0.00121569
     1.04615     0.384546  0.000398692
    -1.04615     0.384546  0.000398692
    -1.04615     0.468513  1.97989e-06
     1.04615     0.468513  1.97989e-06