     1.99106            0            0
           0      1.50216            0
           0            0       1.0775
         350         1462            0
    0.295925     -0.29556 -0.000573523
   0.0221593    -0.619548  0.000914997
    0.245692    -0.585082  0.000404658
   0.0702212    -0.375956 -8.40942e-06
    0.557973    -0.549504  -0.00267111
    0.626463    -0.491345   -0.0112993
    0.323209    -0.408272  -1.6383e-05
    0.264959    -0.680424   0.00120868
    0.181525    -0.688879   0.00283082
    0.296408    -0.490231 -0.000259561
    0.471404    -0.616005 -0.000604722
    0.240018    -0.545722  0.000123903
    0.341075    -0.247453  -0.00188552
    0.328024     0.354713 -0.000321099
  -0.0401394   -0.0924451    -0.012694
    0.153916 -0.000259514 -0.000626163
    0.186749   -0.0893174 -0.000872729
    0.784932    0.0267076 -0.000343626
    0.397815    -0.223975     0.011194
    0.388928    -0.209308    0.0011645
    0.265683     0.127267 -0.000314124
    0.297135     0.217996   0.00116007
    0.375216   -0.0489679   0.00102064
    0.482099  -0.00626549  0.000270858
    0.202401   -0.0766353  0.000542465
    0.322518   0.00614268  0.000296024
    0.341079     0.125309  0.000696146
    0.243507   -0.0555342  0.000587403
    0.360019    -0.128301 -0.000251046
    0.282379    -0.277399  -0.00106853
    0.396958    -0.279883 -0.000117461
    0.453118    -0.170985 -0.000155557
     0.25187    -0.357508  0.000586233
   -0.503698    -0.339071    -0.236524
   -0.578087    -0.458197     -0.35364
    0.724337    -0.381598     -0.31025
   -0.888756    -0.246108    -0.368059
    0.980478    -0.131832    -0.323366
    0.903893   -0.0324459    -0.356925
    0.868425      -0.3087    -0.317476
   -0.815331    -0.320378    -0.383245
    -0.66489    -0.132798    -0.352114
    0.493069     0.659733    -0.238793
    0.302167     0.392966    -0.323418
    0.160667     0.396524    -0.216359
    0.390441      0.53228    -0.245436
    0.161266     0.592822    -0.463847
   0.0429846     0.639625    -0.402524
  -0.0489789    -0.196495    -0.283253
    0.175607    -0.367616    -0.322604
    0.129174    -0.505002    -0.385672
    0.341015     0.700246    -0.298058
   0.0163044      0.44384    -0.336835
    0.581174    -0.680933     -0.29854
    0.523384    -0.484625     -0.36007
     0.71946    -0.315988    -0.402186
    0.582462    -0.330088    -0.271113
    0.774872    -0.532954     -0.19774
    -0.44705      0.49896    -0.335275
   -0.681694     0.577132     0.437658
      -0.201     0.595255     0.341203
   -0.424423    -0.742363     0.333089
   -0.593455     0.501315     0.423577
   -0.726832    -0.640747      0.23675
    0.152966     0.501336      0.35494
    0.899978      0.48402     0.401096
    0.836174     0.437876     0.323956
    0.783682     0.414324     0.390307
    0.725385     0.534831     0.187991
    0.443741     0.425929      0.27426
     0.40176     0.451936     0.379032
      0.1936     0.100116      0.32113
   -0.312048     -0.34373     0.411706
   -0.311915    -0.300478     0.337327
   -0.270099    -0.104293     0.418542
   -0.643368  -0.00641862     0.312704
    0.301868     0.134256     0.327651
   -0.543612     0.301002     0.389516
   -0.349073    -0.485401     0.375451
    0.992797     0.426869     0.323811
   -0.697579     0.471315     0.269171
   -0.153569     0.394971     0.249944
   -0.155435    -0.475436     0.456009
   -0.855767     0.506985     0.465055
  -0.0929791      0.57189     0.356556
   -0.245316    -0.720696     0.376357
   -0.113159     0.326519       0.3734
    0.575945     0.612285     0.442265
   -0.841659    -0.711014     0.419772
    0.257559     0.586259     0.444102
    0.728158     0.150411     0.441463
   -0.729833    -0.100649     0.446793
   -0.369409    -0.393086    -0.395055
   -0.491576    -0.397675    -0.427772
   -0.217614    -0.133073    -0.361271
   0.0918766     0.124656    -0.401421
    -0.33809     0.516221    -0.403131
    0.972899    -0.676526    -0.332764
    0.226057      0.46632     -0.38315
   -0.465151   -0.0440296    -0.446838
  -0.0883447    -0.462884      0.42043
    0.704622     0.235891    -0.289706
    -0.54209    -0.728895    -0.327567
   -0.788182    -0.241978     0.359503
    0.472382    -0.379267     0.152748
    0.958894    -0.410299   0.00121583
    0.911761    -0.546192  0.000111638
    0.937845    -0.464969  0.000316607
    0.897854    -0.313797   0.00482263
   -0.681573    -0.118549  0.000612702
   -0.605909   -0.0447723  7.69895e-05
    0.906219   -0.0537682   0.00030937
   -0.971841    -0.178885  0.000818601
   -0.697041   -0.0590487  0.000460007
   -0.702934    -0.329137  -0.00284748
   -0.795115   -0.0948422   0.00064754
   -0.974231    -0.284539   0.00244414
    0.907984    -0.263964  -0.00275103
   0.0881962    -0.545677     0.297131
    0.785955    -0.562662     0.303506
   0.0868492    -0.349248      0.37828
    0.858198    -0.569828     0.159298
   -0.711073       0.4029   0.00115459
   -0.745292     0.706057   -0.0015556
    -0.74209     0.554785 -0.000903717
   -0.922961     0.524729   -0.0154857
    0.394077      0.58646  0.000650567
    0.510381     0.636635 -7.16152e-05
    0.830949     0.536572  -0.00789909
   -0.899961      0.70501  -0.00138001
   -0.749102     0.707381  -0.00109297
    0.932684     0.665835   -0.0015738
    0.717127      0.67786 -0.000726259
    0.881483     0.585354 -0.000863601
   -0.930283      0.61742  -0.00136078
   -0.845681     0.481675  -0.00391307
    -0.47213     0.245308    -0.154345
   -0.123717     0.114649    0.0013796
   -0.216033    0.0122999   0.00155386
    -0.36438     0.115762  0.000409668
   -0.250181     0.173871  0.000945656
   -0.198762     0.125109   0.00104399
   -0.309323    0.0464521  0.000592889
   -0.387503     0.196832  -0.00129684
   -0.296079    -0.302418 -0.000154329
  -0.0687258    -0.086714 -0.000747376
    -0.25418    -0.293169 -0.000905913
   -0.419975    -0.659589 -0.000391292
   -0.456366    -0.333589  0.000685052
    -0.35999    -0.301883 -0.000119311
   -0.350903    0.0836444  0.000371901
   -0.268032    0.0843898  0.000100873
   -0.300087     0.643826  0.000729557
   -0.145558    -0.346839  8.93789e-05
  -0.0759312     0.724977   0.00278335
   -0.446148    -0.528021 -0.000214049
   -0.279777    -0.675532  0.000613701
   -0.248442    -0.505404 -5.48557e-05
   -0.363872    -0.447492 -0.000130187
   -0.243994    -0.419245  0.000135642
   -0.227871     0.590179   0.00163575
    0.250936     0.525015   0.00572463
    0.178447     0.448013   0.00281832
   -0.386856     0.337165  0.000247393
   -0.187292     0.686626    0.0013639
  -0.0572935     0.589162   0.00299791
   -0.177789     0.557204   0.00163181
   -0.471314     0.421917 -0.000168264
  -0.0226276     0.357787   0.00511818
   -0.464191     0.441932 -0.000210325
    -0.33264     0.376757   0.00137976
   -0.143333     0.560392   0.00212107
   -0.102681     0.615954   0.00293281
   -0.192019     0.464098    0.0017611
  -0.0898258     0.494808   0.00276501
   0.0825978     0.538539   0.00544686
    -0.27639     0.730061  0.000892773
   -0.144093      0.59594   0.00174233
   -0.231236    -0.398823  4.57953e-05
    -0.27546     0.263783  0.000182388
   -0.330063     -0.41042 -0.000351173
   -0.219184    -0.687461  0.000816739
  -0.0592074    -0.592653  0.000974163
   -0.268896     0.307787   0.00474503
   -0.366538     0.253859  -0.00205554
   -0.117751      0.68071   0.00245381
   -0.151301     0.243511   0.00160116
    -0.44607     -0.47203  6.44811e-05
   -0.406278     -0.62626 -7.27959e-05
  -0.0639808     0.204608   0.00164628
     -0.6202     0.416908  -0.00264741
   -0.552695     0.621941  -0.00068204
   -0.471882    -0.718189 -0.000188922
   -0.432566     0.373241  0.000337399
    -0.68172     0.444144    -0.003539
   -0.328137     0.541294  0.000761455
   -0.599845    -0.603574 -8.52638e-05
   -0.565881     0.638906 -0.000453344
   -0.453706     0.230503 -0.000314124
   -0.487368     0.366541 -0.000559561
   -0.633334     0.734312   -0.0010578
   -0.332601     0.595542   0.00165579
    -0.44923     0.286531  0.000176396
    -0.40797     0.430757  0.000759682
   -0.673658     0.641076  -0.00114593
   -0.468072    -0.599497 -0.000578561
    0.863827     0.497482 -3.38117e-06
    0.900254    -0.582285  -0.00159997
   -0.593585      -0.6702 -0.000712633
    -0.13195     0.276291   0.00122264
   -0.540338    -0.285948   0.00318746
   -0.507985   -0.0646821  0.000333652
   -0.654504      0.05942  -0.00021085
   -0.425479    -0.408326   -0.0020202
   -0.584536    -0.349945   -0.0126306
     -0.8463    -0.665375  -0.00305355
   -0.394636    -0.253124 -0.000704686
   -0.748281    -0.298491  0.000768181
    0.960471     0.167579 -0.000944537
   -0.920352     0.570655 -0.000958318
   -0.667022    -0.682102  -0.00122642
   -0.481634    -0.213342  0.000259874
   -0.405111     0.331645 -0.000240362
   0.0780378     0.418806    0.0023788
    -0.44645    -0.168029   0.00182153
   -0.770718    -0.619209  -0.00141623
   -0.797105    -0.418247  -0.00142729
   -0.490981    -0.634972  -5.5291e-05
   -0.350623   -0.0443551   0.00050378
   -0.613147     0.541053   -0.0005925
   -0.687518    -0.414672  -0.00115776
   -0.724613     0.013434  0.000237824
   -0.791391     -0.33597   0.00121698
   -0.575939     0.291568  -0.00109339
   -0.900631    -0.449021   0.00401017
   -0.460584    0.0980093   0.00024054
   -0.261845    -0.171957  0.000645828
    -0.82363     0.193702 -0.000952162
    0.952278     0.521147  -0.00111343
    -0.66587     0.298331 -0.000144168
    0.938883     0.607624     0.178173
   -0.391694    -0.373906     0.213601
     0.20486     0.448395     0.203638
   -0.256928    -0.472094     0.248372
  -0.0764664    0.0674574      0.28178
    -0.15696     0.498947     0.217694
   -0.312024      0.49765    -0.314792
   -0.323117    -0.624285    -0.233068
    0.927354     0.455019    -0.139367
    0.604307     0.606135    -0.229502
    -0.14805      0.22683    -0.167686
   -0.748606    -0.254579    -0.146911
   -0.686589     0.285061    -0.239836
   -0.245634    -0.329126    -0.283502
   -0.190823      0.30409    -0.324495
    -0.81475    -0.185854   0.00364589
    0.964416    0.0808356 -0.000485869
    0.623803   -0.0261185  0.000142792
    0.402502    -0.459945  -0.00239983
    0.418316    -0.537215 -0.000691793
     0.42159   -0.0916696  0.000188456
    0.214989    -0.176518  -0.00100052
    0.645857    -0.499452   -0.0059879
    0.489079    -0.238788  0.000309039
    0.518633    -0.319815  0.000391815
    0.734744    -0.441308  0.000414231
    0.862709    -0.133737   0.00049884
    0.588693    -0.258274  0.000903522
    0.730864    -0.283516   0.00173371
    0.543006    -0.283434   0.00413031
    0.385716    -0.321223 -0.000652217
    0.665251    -0.011908     0.302676
     0.20369    -0.305901     0.179818
    0.666689    -0.220069    -0.270013
    0.238456    -0.441379    -0.291567
    0.974209    -0.487932    -0.165648
    0.842851    -0.056886    0.0012599
    0.736026     0.182997 -0.000484311
    0.823202    -0.635622  -0.00182983
   -0.113027    0.0793711  0.000398326
    0.972138  -0.00016165 -0.000395378
    0.268513      0.49161  0.000579456
    0.530294    -0.469915  -0.00085077
    0.628168     0.685872   0.00341004
    0.680851     0.383115   0.00362871
    0.333563     0.668284   0.00164448
      0.9893    -0.504684 -0.000411026
    0.573534    -0.647572  -0.00154809
    0.874227    -0.656006  -0.00393655
    0.181778     0.224738  0.000899378
   0.0635302     0.629467   0.00814836
    0.160077     0.476773    0.0023406
   -0.387831     0.120287 -0.000605834
    0.661616    -0.557325   -0.0015226
     0.79785    -0.670525    -0.001092
    0.980651    -0.479825 -0.000805955
    0.268419     0.349211 -1.79794e-05
    0.380679    -0.351432  2.61322e-05
    0.524273     0.572287    0.0102515
   -0.979075     0.177787  -0.00136289
    0.461056     0.469387  -0.00265718
    0.261392     0.700084   0.00146447
    0.576924    -0.461405  -0.00245522
    0.159703     0.685712     0.169047
    0.328789     0.321232     -0.20094
   -0.345436   -0.0426303    -0.175535
    0.450212     0.259564 -3.98981e-05
    0.895772     0.116355 -0.000711359
   -0.731457     0.461869  -0.00145985
    0.758392     0.458559   -0.0135097
   0.0483715     0.133551   0.00116825
    0.126423      0.28734   0.00198206
    0.345245     0.557685   0.00076718
   -0.192867     -0.30755 -3.05718e-06
    0.363513     0.628371    0.0022647
    -0.16269     0.142923 -0.000219997
    0.730402     0.271417 -2.38883e-05
   0.0800867     0.711563   0.00238971
   -0.086131   -0.0592082  0.000807487
 -0.00489746     0.109961  0.000318254
   -0.200915     -0.18971  -0.00127419
    0.338104    -0.285457     0.004096
    0.219591    0.0627027  0.000948365
    0.405775     0.305843  0.000340897
     0.26404     0.429913   0.00168332
  0.00739035     0.100615  2.48134e-07
   0.0734933     -0.22437  -0.00150189
  -0.0167291    -0.703932   0.00136951
    0.276189    -0.636936   0.00134679
    0.458262    -0.694664 -6.07217e-05
    0.117321    -0.545337  0.000622613
   0.0606452     0.668866   0.00221147
  -0.0241961    -0.444271   0.00106987
    0.290063   -0.0833387  0.000103351
   0.0618377    -0.703898   0.00425682
    0.301469    -0.207367  0.000201668
 -0.00168986     -0.12535  -0.00406691
   0.0914359    -0.621901  0.000809025
    0.173161      0.67479   0.00331766
  -0.0420982    -0.393842  -0.00220976
   -0.286948    -0.717775  0.000590787
    0.189417    -0.451073  0.000386201
    0.542975      0.69162  0.000141002
   0.0943705     0.453216   0.00176031
  -0.0387078    -0.266878  -0.00111845
    0.867038     0.282427  -0.00333782
   -0.138153    -0.441129  0.000117906
   -0.159475     -0.67025   0.00118171
   0.0352611    -0.101284   0.00198113
    0.137955     0.178711   0.00170876
    0.995528    -0.695935     0.228571
   -0.995528    -0.695935     0.228571
    -0.25083     0.751079     0.183134
    -0.25083    -0.751079     0.183134
   -0.376763     0.751079     0.253205
   -0.376763    -0.751079     0.253205
   -0.882974     0.751079       0.2116
   -0.882974    -0.751079       0.2116
    0.995528     0.727177       0.2145
   -0.995528     0.727177       0.2145
   -0.817446     0.751079     0.255052
   -0.817446    -0.751079     0.255052
    0.995528       0.7097     0.271195
   -0.995528       0.7097     0.271195
   -0.717732    -0.563564      0.53875
   -0.717732    -0.563564     -0.53875
   -0.984616    -0.578476      0.53875
   -0.984616    -0.578476     -0.53875
   -0.486179    -0.344763      0.53875
   -0.486179    -0.344763     -0.53875
   -0.972899    -0.124586      0.53875
   -0.972899    -0.124586     -0.53875
    0.995528     0.740848     0.451919
   -0.995528     0.740848     0.451919
   -0.302162     0.703069      0.40636
   -0.302162    -0.799089      0.40636
   -0.359518     0.703069     0.433364
   -0.359518    -0.799089     0.433364
    0.995528     0.607867     0.438054
   -0.995528     0.607867     0.438054
    0.995528     0.540051     0.426092
   -0.995528     0.540051     0.426092
     0.12447    -0.677282     0.487686
     0.12447     0.824876     0.487686
   -0.542006    -0.663243      0.53875
   -0.542006    -0.663243     -0.53875
     -0.7776     -0.65254      0.53875
     -0.7776     -0.65254     -0.53875
   -0.364556    -0.541566      0.53875
   -0.364556    -0.541566     -0.53875
   -0.519352    -0.719637      0.53875
   -0.519352    -0.719637     -0.53875
    0.262287    -0.751079    -0.265601
    0.262287     0.751079    -0.265601
   -0.197689    -0.677282     0.514692
   -0.197689     0.824876     0.514692
  -0.0824703    -0.639251      0.53875
  -0.0824703    -0.639251     -0.53875
   -0.598634     0.680088      0.53875
   -0.598634     0.680088     -0.53875
  -0.0185235    -0.731384      0.53875
  -0.0185235    -0.731384     -0.53875
  -0.0674641    -0.669314      0.53875
  -0.0674641    -0.669314     -0.53875
   -0.995528     0.723505     0.466566
    0.995528     0.723505     0.466566
   -0.995528     0.703146     0.476847
    0.995528     0.703146     0.476847
   -0.995528    -0.642243     0.490145
    0.995528    -0.642243     0.490145
    0.288369     0.751079     0.499976
    0.288369    -0.751079     0.499976
   -0.995528     0.515361     0.492715
    0.995528     0.515361     0.492715
    0.835809     0.539822      0.53875
    0.835809     0.539822     -0.53875
   -0.995528     0.475266    -0.527788
    0.995528     0.475266    -0.527788
    0.370415     0.751079     0.507045
    0.370415    -0.751079     0.507045
    0.814128     0.695149      0.53875
    0.814128     0.695149     -0.53875
   -0.995528     0.672283    -0.525788
    0.995528     0.672283    -0.525788
    0.580963     0.680675      0.53875
    0.580963     0.680675     -0.53875
   -0.995528     0.566522    -0.485617
    0.995528     0.566522    -0.485617
    0.360881     0.706539      0.53875
    0.360881     0.706539     -0.53875
    0.421402     0.505489      0.53875
    0.421402     0.505489     -0.53875
    0.550349    -0.743528      0.53875
    0.550349    -0.743528     -0.53875
    0.311689     0.751079     0.505843
    0.311689    -0.751079     0.505843
    0.481645     0.678333      0.53875
    0.481645     0.678333     -0.53875
     0.85717     0.303907      0.53875
     0.85717     0.303907     -0.53875
   -0.995528     0.739605      0.44713
    0.995528     0.739605      0.44713
    0.814897     0.751079     0.456188
    0.814897    -0.751079     0.456188
    0.811862     0.751079     0.456026
    0.811862    -0.751079     0.456026
   -0.767261    -0.735337      0.53875
   -0.767261    -0.735337     -0.53875
    0.731653     0.650228      0.53875
    0.731653     0.650228     -0.53875
    0.980159    -0.750666      0.53875
    0.980159    -0.750666     -0.53875
   -0.903209    0.0795296      0.53875
   -0.903209    0.0795296     -0.53875
    0.995528      0.67718     0.326163
   -0.995528      0.67718     0.326163
    0.995528     0.260841     0.343889
   -0.995528     0.260841     0.343889
    0.995528     0.548941     0.381952
   -0.995528     0.548941     0.381952
    0.808718     0.531371     0.388243
    0.808718    -0.970787     0.388243
    0.995528    -0.736512     0.397409
   -0.995528    -0.736512     0.397409
    0.995528     0.510176     0.384105
   -0.995528     0.510176     0.384105
    0.995528     0.233529      0.39781
   -0.995528     0.233529      0.39781
     0.68974     -0.63957     0.461346
     0.68974     0.862588     0.461346
    0.513566     -0.63957     0.466832
    0.513566     0.862588     0.466832
   -0.349256    -0.443571      0.53875
   -0.349256    -0.443571     -0.53875
  -0.0504071     -0.63957     0.502559
  -0.0504071     0.862588     0.502559
   0.0412585    -0.598844      0.53875
   0.0412585    -0.598844     -0.53875
    0.152514     -0.73152      0.53875
    0.152514     -0.73152     -0.53875
     0.12481    -0.633547      0.53875
     0.12481    -0.633547     -0.53875
   -0.333414     0.751079     0.176672
   -0.333414    -0.751079     0.176672
    0.166518     0.751079     0.261601
    0.166518    -0.751079     0.261601
   -0.170455     0.751079     0.255366
   -0.170455    -0.751079     0.255366
   -0.437315     0.751079     0.259852
   -0.437315    -0.751079     0.259852
    0.897437     -0.19314       0.3665
    0.897437      -1.6953       0.3665
   -0.975973     0.751079     0.254299
   -0.975973    -0.751079     0.254299
   -0.350795     0.751079     0.237152
   -0.350795    -0.751079     0.237152
    0.685296     0.751079     0.146145
    0.685296    -0.751079     0.146145
   -0.564239    -0.657902     0.216431
     1.42682    -0.657902     0.216431
    0.995528     0.511065     0.420156
   -0.995528     0.511065     0.420156
   -0.530415     0.494284      0.53875
   -0.530415     0.494284     -0.53875
   -0.995528     0.741615     0.267919
    0.995528     0.741615     0.267919
    0.582376       0.6649     0.283617
    0.582376    -0.837258     0.283617
    0.542316       0.6649     0.308344
    0.542316    -0.837258     0.308344
     0.69891       0.6649     0.296663
     0.69891    -0.837258     0.296663
    0.995528   -0.0145566     0.329264
   -0.995528   -0.0145566     0.329264
    0.995528    -0.112913     0.338209
   -0.995528    -0.112913     0.338209
    0.995528    -0.059953     0.361283
   -0.995528    -0.059953     0.361283
   -0.533158    -0.443641      0.53875
   -0.533158    -0.443641     -0.53875
    0.107245     0.751079     0.356104
    0.107245    -0.751079     0.356104
   -0.283907     0.751079     0.387949
   -0.283907    -0.751079     0.387949
   -0.723417    -0.712677      0.53875
   -0.723417    -0.712677     -0.53875
    0.561986    -0.608077      0.53875
    0.561986    -0.608077     -0.53875
    0.112713    -0.558632      0.53875
    0.112713    -0.558632     -0.53875
   -0.516191    -0.751079      0.18644
   -0.516191     0.751079      0.18644
    0.995528     -0.65007     0.236337
   -0.995528     -0.65007     0.236337
    0.995528     0.596976     0.199296
   -0.995528     0.596976     0.199296
    0.341678    -0.751079     0.363569
    0.341678     0.751079     0.363569
    0.547815    -0.751079     0.352595
    0.547815     0.751079     0.352595
  -0.0717565    -0.751079     0.331199
  -0.0717565     0.751079     0.331199
    0.330343    -0.751079     0.359485
    0.330343     0.751079     0.359485
   -0.489665     0.751079     0.234457
   -0.489665    -0.751079     0.234457
    0.649238    -0.751079     0.440633
    0.649238     0.751079     0.440633
   -0.406745    -0.751079     0.386546
   -0.406745     0.751079     0.386546
    0.465743    -0.751079      0.44317
    0.465743     0.751079      0.44317
    0.930687    -0.655583      0.53875
    0.930687    -0.655583     -0.53875
   -0.679824     0.697753      0.53875
   -0.679824     0.697753     -0.53875
   -0.716511    -0.751079    -0.513212
   -0.716511     0.751079    -0.513212
  -0.0224208    -0.751079     0.510201
  -0.0224208     0.751079     0.510201
    0.104678    -0.660662      0.53875
    0.104678    -0.660662     -0.53875
   -0.944413     0.412388      0.53875
   -0.944413     0.412388     -0.53875
    0.198811     0.252812      0.53875
    0.198811     0.252812     -0.53875
   -0.694134     0.715545      0.53875
   -0.694134     0.715545     -0.53875
    0.560071    -0.577869      0.53875
    0.560071    -0.577869     -0.53875
  -0.0172003     0.597827      0.53875
  -0.0172003     0.597827     -0.53875
    0.853703   -0.0560216      0.53875
    0.853703   -0.0560216     -0.53875
    0.995528    -0.664195      0.34329
   -0.995528    -0.664195      0.34329
     15.0224    -0.751079      1.09189
     15.0224     0.751079      1.09189
   -0.624688    -0.751079      0.36544
   -0.624688     0.751079      0.36544
    0.995528     0.607603      0.30532
   -0.995528     0.607603      0.30532
    0.995528     0.580348     0.357917
   -0.995528     0.580348     0.357917
    -1.40394     0.562824     0.202891
    -1.40394      2.06498     0.202891
   -0.589513    -0.500314      0.53875
   -0.589513    -0.500314     -0.53875
   -0.990409    -0.749757      0.53875
   -0.990409    -0.749757     -0.53875
   -0.995528    0.0589446     0.365912
    0.995528    0.0589446     0.365912
   -0.995528    -0.115293     0.414038
    0.995528    -0.115293     0.414038
   -0.995528    -0.411105     0.466251
    0.995528    -0.411105     0.466251
   -0.468202    -0.454865      0.53875
   -0.468202    -0.454865     -0.53875
   -0.848575    -0.578839      0.53875
   -0.848575    -0.578839     -0.53875
    0.367189    -0.453157      0.53875
    0.367189    -0.453157     -0.53875
    0.964183    -0.612868      0.53875
    0.964183    -0.612868     -0.53875
    0.995528    -0.649042     0.474155
   -0.995528    -0.649042     0.474155
    0.763973     0.751079     0.470503
    0.763973    -0.751079     0.470503
   -0.629873     -0.41374     0.332187
   -0.629873      -1.9159     0.332187
   -0.825963    -0.584675      0.53875
   -0.825963    -0.584675     -0.53875
    0.208551    -0.607473      0.53875
    0.208551    -0.607473     -0.53875
   -0.469514    -0.737627      0.53875
   -0.469514    -0.737627     -0.53875
    -0.43703     0.751079    -0.533358
    -0.43703    -0.751079    -0.533358
     -0.9008    -0.641687      0.53875
     -0.9008    -0.641687     -0.53875
    0.986021     0.751079    -0.423948
    0.986021    -0.751079    -0.423948
    0.898549    -0.695578      0.53875
    0.898549    -0.695578     -0.53875
   -0.742339     0.749957      0.53875
   -0.742339     0.749957     -0.53875
    0.721031    -0.683496      0.53875
    0.721031    -0.683496     -0.53875
    0.954565    -0.541454      0.53875
    0.954565    -0.541454     -0.53875
   -0.840031    -0.719188      0.53875
   -0.840031    -0.719188     -0.53875
   -0.839032     0.751079    -0.524245
   -0.839032    -0.751079    -0.524245
    0.595188    -0.664826      0.53875
    0.595188    -0.664826     -0.53875
   0.0179597     0.751079    -0.473644
   0.0179597    -0.751079    -0.473644
   -0.450402    -0.667242     0.297349
   -0.450402     0.834916     0.297349
   -0.257325    -0.751079     0.244772
   -0.257325     0.751079     0.244772
    0.620845    -0.751079     0.355407
    0.620845     0.751079     0.355407
   0.0681003    -0.751079     0.240259
   0.0681003     0.751079     0.240259
     0.62442    -0.751079     0.462428
     0.62442     0.751079     0.462428
    0.658616     0.621562      0.53875
    0.658616     0.621562     -0.53875
   -0.995528     0.706693     0.515518
    0.995528     0.706693     0.515518
   -0.745521    -0.695284      0.53875
   -0.745521    -0.695284     -0.53875
    0.993065    -0.722745      0.53875
    0.993065    -0.722745     -0.53875
   -0.995528     0.450497     0.512829
    0.995528     0.450497     0.512829
   -0.704197     0.457518      0.53875
   -0.704197     0.457518     -0.53875
     0.80469     0.606869      0.53875
     0.80469     0.606869     -0.53875
   -0.995528     0.674235    -0.505043
    0.995528     0.674235    -0.505043
    0.665237     0.422212      0.53875
    0.665237     0.422212     -0.53875
    0.354717    -0.734872      0.53875
    0.354717    -0.734872     -0.53875
    0.171736      0.30124      0.53875
    0.171736      0.30124     -0.53875
    0.471109     0.694201      0.53875
    0.471109     0.694201     -0.53875
    0.797678     0.751079     0.452065
    0.797678    -0.751079     0.452065
    0.957809    -0.610773      0.53875
    0.957809    -0.610773     -0.53875
     0.17887    -0.519349    -0.287482
     0.17887     -2.02151    -0.287482
    -0.86228    -0.685162      0.53875
    -0.86228    -0.685162     -0.53875
    0.726624     0.751079     0.517311
    0.726624    -0.751079     0.517311
    0.770152     0.696767      0.53875
    0.770152     0.696767     -0.53875
   -0.995528     0.424765     0.424565
    0.995528     0.424765     0.424565
    0.153244     0.256987      0.53875
    0.153244     0.256987     -0.53875
   -0.679462     0.692303      0.53875
   -0.679462     0.692303     -0.53875
   -0.887469    -0.035674      0.53875
   -0.887469    -0.035674     -0.53875
   -0.580928     0.454651      0.53875
   -0.580928     0.454651     -0.53875
   -0.765065    -0.751079     0.526512
   -0.765065     0.751079     0.526512
   -0.527664    -0.486007      0.53875
   -0.527664    -0.486007     -0.53875
   -0.350587    -0.313053      0.53875
   -0.350587    -0.313053     -0.53875
    0.183141    0.0237214      0.53875
    0.183141    0.0237214     -0.53875
    0.920078    -0.656513      0.53875
    0.920078    -0.656513     -0.53875
     0.25322    -0.692821      0.53875
     0.25322    -0.692821     -0.53875
    0.305807    -0.540279      0.53875
    0.305807    -0.540279     -0.53875
   -0.566559     0.751079     0.365876
   -0.566559    -0.751079     0.365876
    0.292237     0.530856      0.53875
    0.292237     0.530856     -0.53875
     0.29768    -0.613158      0.53875
     0.29768    -0.613158     -0.53875
    0.225092    -0.580774      0.53875
    0.225092    -0.580774     -0.53875
     0.47531     -0.70278      0.53875
     0.47531     -0.70278     -0.53875
    0.357706    -0.684262      0.53875
    0.357706    -0.684262     -0.53875
    0.192567     0.751079    -0.474624
    0.192567    -0.751079    -0.474624
    0.995528    0.0841973     0.477225
   -0.995528    0.0841973     0.477225
   -0.553234    -0.139741      0.53875
   -0.553234    -0.139741     -0.53875
    0.577614     0.205846      0.53875
    0.577614     0.205846     -0.53875
   -0.353528     0.114757      0.53875
   -0.353528     0.114757     -0.53875
   -0.931458     0.352405      0.53875
   -0.931458     0.352405     -0.53875
   -0.560108      0.26492      0.53875
   -0.560108      0.26492     -0.53875
    0.833245     0.446746      0.53875
    0.833245     0.446746     -0.53875
    0.144186     0.183522      0.53875
    0.144186     0.183522     -0.53875
   -0.136118    -0.751079     0.269327
   -0.136118     0.751079     0.269327
     0.97356    -0.611327      0.53875
     0.97356    -0.611327     -0.53875
   -0.697452    -0.420955      0.53875
   -0.697452    -0.420955     -0.53875
   -0.466344    -0.178961      0.53875
   -0.466344    -0.178961     -0.53875
   0.0647814    0.0602693      0.53875
   0.0647814    0.0602693     -0.53875
   -0.972016      -0.0803      0.53875
   -0.972016      -0.0803     -0.53875
    0.369887     -0.23873      0.53875
    0.369887     -0.23873     -0.53875
   -0.995528     -0.27603     0.526467
    0.995528     -0.27603     0.526467
   -0.870751    -0.310071      0.53875
   -0.870751    -0.310071     -0.53875
    0.909748    -0.415041      0.53875
    0.909748    -0.415041     -0.53875
   -0.995528    -0.123158     0.522928
    0.995528    -0.123158     0.522928
   -0.821107    -0.112473      0.53875
   -0.821107    -0.112473     -0.53875
    0.601137    -0.169004      0.53875
    0.601137    -0.169004     -0.53875
    -0.96603   -0.0918801      0.53875
    -0.96603   -0.0918801     -0.53875
    0.439443    -0.295242      0.53875
    0.439443    -0.295242     -0.53875
   -0.621821     0.744018    -0.337971
   -0.621821     -0.75814    -0.337971
   -0.627556     0.744018    -0.339291
   -0.627556     -0.75814    -0.339291
   -0.291161     0.627853    -0.212546
     1.69989     0.627853    -0.212546
    0.392594    -0.751079    -0.137633
    0.392594     0.751079    -0.137633
    0.972917     0.377687    -0.193143
    0.972917      1.87985    -0.193143
   -0.188339    -0.751079     -0.31281
   -0.188339     0.751079     -0.31281
   0.0326332     0.377687    -0.258302
   0.0326332      1.87985    -0.258302
    0.990849    -0.751079    -0.397446
    0.990849     0.751079    -0.397446
   0.0278818    -0.751079    -0.270368
   0.0278818     0.751079    -0.270368
     4.99128    -0.751079    -0.173994
     4.99128     0.751079    -0.173994
   -0.291161     0.656315    -0.227743
     1.69989     0.656315    -0.227743
   -0.995528    -0.406114     -0.38144
    0.995528    -0.406114     -0.38144
   -0.995528    -0.250933    -0.393399
    0.995528    -0.250933    -0.393399
   -0.995528    -0.311772    -0.384928
    0.995528    -0.311772    -0.384928
   -0.995528    -0.723352    -0.379322
    0.995528    -0.723352    -0.379322
   -0.995528    -0.693049    -0.365548
    0.995528    -0.693049    -0.365548
    0.995528    -0.446089    -0.426175
   -0.995528    -0.446089    -0.426175
    0.995528    -0.476706    -0.428823
   -0.995528    -0.476706    -0.428823
    0.830585    -0.429876    -0.444541
    0.830585      1.07228    -0.444541
    0.654393     0.652074   -0.0894451
    0.654393      2.15423   -0.0894451
   -0.554893    -0.751079    -0.218881
   -0.554893     0.751079    -0.218881
    0.995528     0.429262    -0.159511
   -0.995528     0.429262    -0.159511
    0.995528     0.175085    -0.152949
   -0.995528     0.175085    -0.152949
   -0.103541     0.615941    -0.201281
   -0.103541    -0.886217    -0.201281
    0.995528     0.549434    -0.190948
   -0.995528     0.549434    -0.190948
    0.995528     0.740352     -0.28056
   -0.995528     0.740352     -0.28056
   -0.447648     0.615941    -0.185744
   -0.447648    -0.886217    -0.185744
    0.995528     0.493767     -0.25007
   -0.995528     0.493767     -0.25007
  -0.0471458     0.751079    -0.166184
  -0.0471458    -0.751079    -0.166184
   -0.422596     0.751079    -0.277256
   -0.422596    -0.751079    -0.277256
   -0.810418     0.751079    -0.267016
   -0.810418    -0.751079    -0.267016
    0.464043     0.194568     -0.53875
    0.464043     0.194568      0.53875
   -0.392821     0.751079    -0.230996
   -0.392821    -0.751079    -0.230996
  -0.0797795     0.751079    -0.321735
  -0.0797795    -0.751079    -0.321735
   -0.900304     0.751079    -0.278952
   -0.900304    -0.751079    -0.278952
    0.995528    -0.346276    -0.262127
   -0.995528    -0.346276    -0.262127
   -0.995528    -0.407131    -0.198369
    0.995528    -0.407131    -0.198369
   -0.995528   -0.0775194     -0.20397
    0.995528   -0.0775194     -0.20397
   -0.995528    -0.334984    -0.193382
    0.995528    -0.334984    -0.193382
   -0.995528    -0.473377    -0.162055
    0.995528    -0.473377    -0.162055
  -0.0817935    -0.740927     -0.53875
  -0.0817935    -0.740927      0.53875
   -0.482053    -0.664002     -0.53875
   -0.482053    -0.664002      0.53875
   -0.708783     0.751079    -0.430508
   -0.708783    -0.751079    -0.430508
    0.995528    -0.470847    -0.362745
   -0.995528    -0.470847    -0.362745
   -0.524594     0.751079    -0.403664
   -0.524594    -0.751079    -0.403664
    0.240726     0.751079    -0.442463
    0.240726    -0.751079    -0.442463
    0.995528     0.197389    -0.337885
   -0.995528     0.197389    -0.337885
    0.995528    -0.129498    -0.382595
   -0.995528    -0.129498    -0.382595
    0.995528   -0.0631064    -0.441966
   -0.995528   -0.0631064    -0.441966
    0.586809    -0.574964     -0.31624
    0.586809     0.927194     -0.31624
    0.510107     0.220741    -0.291479
    0.510107       1.7229    -0.291479
    0.995528     0.454692    -0.319697
   -0.995528     0.454692    -0.319697
    -4.06976     0.220741   -0.0285014
    -4.06976       1.7229   -0.0285014
    0.995528     0.709865    -0.360202
   -0.995528     0.709865    -0.360202
    0.822252    -0.751079    -0.360505
    0.822252     0.751079    -0.360505
    0.995528      0.43141     -0.35577
   -0.995528      0.43141     -0.35577
    0.995528     0.728065    -0.376213
   -0.995528     0.728065    -0.376213
   -0.988994    -0.704888     -0.38399
   -0.988994      0.79727     -0.38399
   -0.995528    -0.510643    -0.254535
    0.995528    -0.510643    -0.254535
   -0.499427     0.751079     -0.41177
   -0.499427    -0.751079     -0.41177
    0.305178     0.751079    -0.421145
    0.305178    -0.751079    -0.421145
    0.995528     0.142278    -0.313344
   -0.995528     0.142278    -0.313344
    0.995528    -0.198848    -0.360907
   -0.995528    -0.198848    -0.360907
   -0.995528     0.401628    -0.272293
    0.995528     0.401628    -0.272293
     2.51524     0.105333    -0.225256
     2.51524     -1.39683    -0.225256
   -0.891246     0.747954    -0.361231
   -0.891246    -0.754204    -0.361231
   -0.995528     0.429505    -0.345256
    0.995528     0.429505    -0.345256
   -0.979121     0.751079    -0.321353
   -0.979121    -0.751079    -0.321353
     0.13354     0.751079    -0.387223
     0.13354    -0.751079    -0.387223
   -0.995528    -0.557097    -0.362271
    0.995528    -0.557097    -0.362271
   -0.265701     0.751079     0.138372
   -0.265701    -0.751079     0.138372
    0.995528    -0.637251     0.134476
   -0.995528    -0.637251     0.134476
    0.995528    -0.746079     0.122281
   -0.995528    -0.746079     0.122281
   -0.191346     0.751079     0.134522
   -0.191346    -0.751079     0.134522
   -0.995528     0.748929   -0.0526175
    0.995528     0.748929   -0.0526175
    0.194868     0.751079     0.121438
    0.194868    -0.751079     0.121438
    0.346529     0.751079     0.118457
    0.346529    -0.751079     0.118457
   -0.995528      0.72516     0.242114
    0.995528      0.72516     0.242114
   -0.995528     0.748929   -0.0526175
    0.995528     0.748929   -0.0526175
    0.995528   -0.0857553     0.266103
   -0.995528   -0.0857553     0.266103
    -0.67435    -0.751079    -0.107994
    -0.67435     0.751079    -0.107994
   -0.951092    -0.751079   -0.0897222
   -0.951092     0.751079   -0.0897222
    0.995528     0.710814       0.1289
   -0.995528     0.710814       0.1289
   -0.995528     0.710043   -0.0395363
    0.995528     0.710043   -0.0395363
    0.203872    -0.751079      0.13278
    0.203872     0.751079      0.13278
   -0.995528    -0.667035   -0.0418401
    0.995528    -0.667035   -0.0418401
    0.776165    -0.751079     0.113081
    0.776165     0.751079     0.113081
   -0.995528     0.587534   -0.0433056
    0.995528     0.587534   -0.0433056
   -0.630094     0.751079   -0.0961491
   -0.630094    -0.751079   -0.0961491
    0.881399    -0.630741    -0.063736
    0.881399     0.871417    -0.063736
    0.995528    -0.389907   -0.0551973
   -0.995528    -0.389907   -0.0551973
    0.230837     0.751079  -0.00200947
    0.230837    -0.751079  -0.00200947
     0.92241     0.751079  -0.00138153
     0.92241    -0.751079  -0.00138153
   -0.995528     0.734621  -0.00137362
    0.995528     0.734621  -0.00137362
     0.34777     0.751079   -0.0014875
     0.34777    -0.751079   -0.0014875
   -0.995528    -0.623114   0.00494341
    0.995528    -0.623114   0.00494341
   -0.995528    -0.498241 -0.000670054
    0.995528    -0.498241 -0.000670054
   -0.995528    -0.593958  -0.00131257
    0.995528    -0.593958  -0.00131257
   -0.995528      0.72258  -0.00208838
    0.995528      0.72258  -0.00208838
   -0.995528        0.743  -0.00229741
    0.995528        0.743  -0.00229741
   -0.553951    -0.447111   0.00056324
   -0.553951      1.05505   0.00056324
    -0.12544    -0.447111   0.00177854
    -0.12544      1.05505   0.00177854
    0.995528    -0.282471  -0.00160689
   -0.995528    -0.282471  -0.00160689
    0.995528     -0.13069  -0.00188989
   -0.995528     -0.13069  -0.00188989
    0.995528    -0.420841   -0.0016885
   -0.995528    -0.420841   -0.0016885
    0.995528    -0.513531  -0.00232773
   -0.995528    -0.513531  -0.00232773
    0.995528     -0.44412  -0.00161448
   -0.995528     -0.44412  -0.00161448
    0.995528    -0.166257  -0.00259195
   -0.995528    -0.166257  -0.00259195
    0.995528    -0.407299   -0.0015633
   -0.995528    -0.407299   -0.0015633
    0.865317     0.751079  4.77146e-05
    0.865317    -0.751079  4.77146e-05
   -0.555378     0.751079  0.000839618
   -0.555378    -0.751079  0.000839618
   -0.077097     0.751079   0.00234036
   -0.077097    -0.751079   0.00234036
   -0.478245     0.751079  0.000246358
   -0.478245    -0.751079  0.000246358
   -0.418569     0.751079  6.02762e-05
   -0.418569    -0.751079  6.02762e-05
   -0.771628     0.751079  0.000480123
   -0.771628    -0.751079  0.000480123
   -0.903445     0.751079  0.000168109
   -0.903445    -0.751079  0.000168109
   -0.372984     0.751079    0.0010903
   -0.372984    -0.751079    0.0010903
   -0.140671     0.751079   0.00231865
   -0.140671    -0.751079   0.00231865
   -0.122219     0.751079   0.00272213
   -0.122219    -0.751079   0.00272213
   -0.373406     0.751079   0.00253117
   -0.373406    -0.751079   0.00253117
   -0.265168     0.751079   0.00261178
   -0.265168    -0.751079   0.00261178
   -0.685409    -0.751079  -0.00161265
   -0.685409     0.751079  -0.00161265
    0.995528    -0.672337  -0.00154174
   -0.995528    -0.672337  -0.00154174
   -0.170216    -0.751079  -0.00171725
   -0.170216     0.751079  -0.00171725
    0.995528     0.576988  -0.00217839
   -0.995528     0.576988  -0.00217839
   -0.418938    -0.751079 -0.000535761
   -0.418938     0.751079 -0.000535761
   -0.351465    -0.751079  -0.00151037
   -0.351465     0.751079  -0.00151037
    0.995528     0.702952 -8.90656e-05
   -0.995528     0.702952 -8.90656e-05
    0.967069     0.751079 -0.000598258
    0.967069    -0.751079 -0.000598258
    -0.75356     0.751079 -0.000278353
    -0.75356    -0.751079 -0.000278353
    0.526135    -0.384728   -0.0407906
    0.526135     -1.88689   -0.0407906
   -0.995528    -0.562503 -0.000791351
    0.995528    -0.562503 -0.000791351
    0.561752     0.751079  -0.00151282
    0.561752    -0.751079  -0.00151282
   -0.995528    -0.606784 -0.000969137
    0.995528    -0.606784 -0.000969137
   -0.606149     0.751079  -0.00183845
   -0.606149    -0.751079  -0.00183845
   -0.948737     0.751079 -0.000637564
   -0.948737    -0.751079 -0.000637564
    -1.06651     0.751079  -0.00248261
    -1.06651    -0.751079  -0.00248261
    0.967912     0.751079 -0.000504978
    0.967912    -0.751079 -0.000504978
   -0.848705     0.751079 -0.000381777
   -0.848705    -0.751079 -0.000381777
   -0.687254     0.751079   0.00549694
   -0.687254    -0.751079   0.00549694
    0.995528   -0.0817016  0.000264945
   -0.995528   -0.0817016  0.000264945
    0.995528    -0.141941  0.000275195
   -0.995528    -0.141941  0.000275195
    0.995528   -0.0233063  0.000173549
   -0.995528   -0.0233063  0.000173549
    0.995528    0.0296975 -2.28059e-05
   -0.995528    0.0296975 -2.28059e-05
    0.476769     0.751079  0.000929284
    0.476769    -0.751079  0.000929284
    0.581247     0.751079  0.000713425
    0.581247    -0.751079  0.000713425
    0.755582     0.751079  0.000680365
    0.755582    -0.751079  0.000680365
    0.472249     0.751079  0.000837024
    0.472249    -0.751079  0.000837024
   -0.995528     0.644574  0.000996167
    0.995528     0.644574  0.000996167
   -0.995528     0.521396  0.000859352
    0.995528     0.521396  0.000859352
   -0.995528      0.55537  0.000287646
    0.995528      0.55537  0.000287646
   -0.995528     0.504211 -0.000914138
    0.995528     0.504211 -0.000914138
   -0.618103    -0.751079  0.000148999
   -0.618103     0.751079  0.000148999
   -0.995528     0.525529 -0.000739625
    0.995528     0.525529 -0.000739625
    0.628089    -0.751079  -0.00106258
    0.628089     0.751079  -0.00106258
    0.765057    -0.751079 -0.000880108
    0.765057     0.751079 -0.000880108
    0.512714    -0.751079 -0.000879586
    0.512714     0.751079 -0.000879586
   -0.572786    -0.751079  0.000419148
   -0.572786     0.751079  0.000419148
   -0.995528     0.530574  -0.00077673
    0.995528     0.530574  -0.00077673
     0.69365    -0.751079 -0.000950976
     0.69365     0.751079 -0.000950976
   -0.505096     0.380817  0.000691688
   -0.505096     -1.12134  0.000691688
    0.679515    -0.751079   0.00177924
    0.679515     0.751079   0.00177924
    0.249028    -0.751079    0.0017027
    0.249028     0.751079    0.0017027
    0.883361    -0.751079  0.000902166
    0.883361     0.751079  0.000902166
    0.523084    -0.751079   0.00139609
    0.523084     0.751079   0.00139609
   -0.995528    -0.140813  0.000496914
    0.995528    -0.140813  0.000496914
   -0.677366     0.751079  0.000901361
   -0.677366    -0.751079  0.000901361
    0.612268     0.751079   0.00209694
    0.612268    -0.751079   0.00209694
    0.873344     0.751079   0.00127522
    0.873344    -0.751079   0.00127522
    0.416187     0.751079   0.00303507
    0.416187    -0.751079   0.00303507
    0.529436     0.751079   0.00261726
    0.529436    -0.751079   0.00261726
   -0.353984     0.751079   0.00163518
   -0.353984    -0.751079   0.00163518
   -0.413444     0.751079   0.00156908
   -0.413444    -0.751079   0.00156908
   -0.113003     0.751079    0.0024992
   -0.113003    -0.751079    0.0024992
     0.67642    -0.751079 -0.000561801
     0.67642     0.751079 -0.000561801
   -0.534738    -0.751079  0.000443308
   -0.534738     0.751079  0.000443308
    0.469055    -0.751079  -0.00067819
    0.469055     0.751079  -0.00067819
    0.899938    -0.751079 -0.000328436
    0.899938     0.751079 -0.000328436
    0.946271    -0.751079  -0.00094124
    0.946271     0.751079  -0.00094124
    -0.68391    -0.751079  0.000788007
    -0.68391     0.751079  0.000788007
    0.995528     0.503013 -0.000932744
   -0.995528     0.503013 -0.000932744
    0.995528     0.373252 -0.000279298
   -0.995528     0.373252 -0.000279298
    0.995528     0.670363  -0.00185432
   -0.995528     0.670363  -0.00185432
    0.573272    -0.751079  -0.00177734
    0.573272     0.751079  -0.00177734
   -0.242774    -0.751079 -0.000533293
   -0.242774     0.751079 -0.000533293
   -0.928673    -0.751079 -0.000773302
   -0.928673     0.751079 -0.000773302
    0.995528     0.512624  -0.00173966
   -0.995528     0.512624  -0.00173966
   -0.793719    -0.751079  -0.00175288
   -0.793719     0.751079  -0.00175288
    0.995528       -0.658  -0.00165294
   -0.995528       -0.658  -0.00165294
    0.995528     0.626069  -0.00542077
   -0.995528     0.626069  -0.00542077
  -0.0264496    -0.751079   -0.0108984
  -0.0264496     0.751079   -0.0108984
    0.995528     0.557476  -0.00184039
   -0.995528     0.557476  -0.00184039
   -0.866623    -0.751079   0.00411936
   -0.866623     0.751079   0.00411936
   -0.658509    -0.751079  -0.00134035
   -0.658509     0.751079  -0.00134035
  -0.0573241    -0.751079  -0.00149263
  -0.0573241     0.751079  -0.00149263
    0.061778     0.751079   0.00184664
    0.061778    -0.751079   0.00184664
   0.0293586     0.751079   0.00217342
   0.0293586    -0.751079   0.00217342
    0.471152     0.751079   0.00148072
    0.471152    -0.751079   0.00148072
    0.506523     0.751079   0.00113489
    0.506523    -0.751079   0.00113489
   -0.317852     0.751079   0.00188978
   -0.317852    -0.751079   0.00188978
   -0.190857     0.751079   0.00205757
   -0.190857    -0.751079   0.00205757
   -0.995528   -0.0959468   0.00035244
    0.995528   -0.0959468   0.00035244
    0.995528     -0.24426   0.00119125
   -0.995528     -0.24426   0.00119125
    0.995528    -0.161655   0.00208292
   -0.995528    -0.161655   0.00208292
    0.995528    -0.037302  0.000997462
   -0.995528    -0.037302  0.000997462
    0.995528    -0.143638   0.00124925
   -0.995528    -0.143638   0.00124925
    0.995528     0.676883 -0.000756155
   -0.995528     0.676883 -0.000756155
    0.995528    -0.658547 -0.000260787
   -0.995528    -0.658547 -0.000260787
    0.995528    -0.610678  0.000656372
   -0.995528    -0.610678  0.000656372
    0.995528    -0.689019   0.00146582
   -0.995528    -0.689019   0.00146582
   -0.995528    0.0726095  -0.00025372
    0.995528    0.0726095  -0.00025372
   -0.995528    0.0238656  -0.00010357
    0.995528    0.0238656  -0.00010357
   -0.995528     0.095317 -0.000267223
    0.995528     0.095317 -0.000267223
    0.995528     0.706984  -0.00137857
   -0.995528     0.706984  -0.00137857
   -0.284424     0.743516 -2.43641e-05
   -0.284424    -0.758642 -2.43641e-05
   -0.300173     0.743516  1.59011e-05
   -0.300173    -0.758642  1.59011e-05
    0.995528    -0.613671 -0.000544269
   -0.995528    -0.613671 -0.000544269
    0.995528    -0.715866  -0.00031888
   -0.995528    -0.715866  -0.00031888
    0.995528    -0.740582  -0.00417833
   -0.995528    -0.740582  -0.00417833
    0.995528     0.722629  -0.00052271
   -0.995528     0.722629  -0.00052271
   -0.995528    -0.456763  -0.00128011
    0.995528    -0.456763  -0.00128011
    0.356842     0.751079  -0.00202071
    0.356842    -0.751079  -0.00202071
    0.762251     0.751079 -0.000658247
    0.762251    -0.751079 -0.000658247
    0.912188     0.751079 -0.000691853
    0.912188    -0.751079 -0.000691853
   -0.995528    -0.494191  -0.00112484
    0.995528    -0.494191  -0.00112484
   -0.414898     0.751079   0.00125863
   -0.414898    -0.751079   0.00125863
   -0.157818     0.751079   0.00147168
   -0.157818    -0.751079   0.00147168
   0.0720405     0.751079   0.00121019
   0.0720405    -0.751079   0.00121019
   -0.698777    -0.628238  -0.00204685
     1.29228    -0.628238  -0.00204685
   -0.285007    -0.751079    0.0016425
   -0.285007     0.751079    0.0016425
  -0.0478938    -0.751079   0.00144715
  -0.0478938     0.751079   0.00144715
   -0.634674    -0.751079    0.0013096
   -0.634674     0.751079    0.0013096
    0.995528     0.721073 -0.000108765
   -0.995528     0.721073 -0.000108765
    0.995528    -0.534108   0.00114067
   -0.995528    -0.534108   0.00114067
    0.995528     0.736913  0.000344744
   -0.995528     0.736913  0.000344744
    0.995528    -0.619852  0.000327491
   -0.995528    -0.619852  0.000327491
    0.995528    -0.564811   0.00131046
   -0.995528    -0.564811   0.00131046
    0.995528    -0.679127  -0.00672845
   -0.995528    -0.679127  -0.00672845
   -0.471509     0.751079  -0.00753639
   -0.471509    -0.751079  -0.00753639
     -0.3149     0.751079  -0.00792966
     -0.3149    -0.751079  -0.00792966
    0.995528    -0.726573  -0.00737443
   -0.995528    -0.726573  -0.00737443
    0.995528     0.639887  -0.00695408
   -0.995528     0.639887  -0.00695408
    0.995528    -0.618466  -0.00592862
   -0.995528    -0.618466  -0.00592862
   -0.995528    -0.552739  -0.00265167
    0.995528    -0.552739  -0.00265167
   -0.995528    -0.545113  -0.00271476
    0.995528    -0.545113  -0.00271476
    0.925276    -0.751079 -0.000216548
    0.925276     0.751079 -0.000216548
    0.792385    -0.751079 -0.000418404
    0.792385     0.751079 -0.000418404
    0.995528    -0.221821  1.86351e-05
   -0.995528    -0.221821  1.86351e-05
    0.995528      0.31501  -0.00161021
   -0.995528      0.31501  -0.00161021
    0.995528    0.0101981 -0.000175821
   -0.995528    0.0101981 -0.000175821
    0.995528    -0.235576  0.000155354
   -0.995528    -0.235576  0.000155354
    0.995528    0.0998569 -0.000706045
   -0.995528    0.0998569 -0.000706045
    0.995528     0.130112 -0.000618648
   -0.995528     0.130112 -0.000618648
   -0.995528     0.578483  -0.00338518
    0.995528     0.578483  -0.00338518
   -0.995528     0.641248  -0.00486355
    0.995528     0.641248  -0.00486355
   -0.995528     0.651066  -0.00266478
    0.995528     0.651066  -0.00266478
    0.683289    -0.157401  0.000276292
    -1.30777    -0.157401  0.000276292
    0.683289    -0.181002  0.000463618
    -1.30777    -0.181002  0.000463618
   -0.995528    -0.464448  -0.00154124
    0.995528    -0.464448  -0.00154124
    0.277567     0.751079   -0.0022029
    0.277567    -0.751079   -0.0022029
    0.725373     0.751079  -0.00082214
    0.725373    -0.751079  -0.00082214
   -0.995528    -0.687059   -0.0013907
    0.995528    -0.687059   -0.0013907
   -0.786532     0.751079  -0.00136544
   -0.786532    -0.751079  -0.00136544
    0.414855     0.751079  -0.00150466
    0.414855    -0.751079  -0.00150466
   -0.995528    -0.463065  -0.00123988
    0.995528    -0.463065  -0.00123988
   -0.995528    -0.512529  -0.00133284
    0.995528    -0.512529  -0.00133284
    0.966544     0.751079  -0.00106993
    0.966544    -0.751079  -0.00106993
    0.620313     0.534095 -0.000562183
    -1.37074     0.534095 -0.000562183
    0.620313     0.423892  0.000124073
    -1.37074     0.423892  0.000124073
    0.620313     0.407224  5.76215e-05
    -1.37074     0.407224  5.76215e-05
    0.995528    -0.710462  -0.00217504
   -0.995528    -0.710462  -0.00217504
      0.8277     0.751079   -0.0022684
      0.8277    -0.751079   -0.0022684
    0.995528    -0.556682  -0.00151373
   -0.995528    -0.556682  -0.00151373
   -0.213521     0.751079  -0.00263673
   -0.213521    -0.751079  -0.00263673
    0.995528    -0.617988  -0.00245403
   -0.995528    -0.617988  -0.00245403
   -0.309467     0.751079  -0.00151217
   -0.309467    -0.751079  -0.00151217
    0.995528    -0.569556 -5.10741e-06
   -0.995528    -0.569556 -5.10741e-06
     0.67281     0.751079   0.00453559
     0.67281    -0.751079   0.00453559
   -0.230027    -0.751079   0.00114959
   -0.230027     0.751079   0.00114959
   -0.252292    -0.751079    0.0015863
   -0.252292     0.751079    0.0015863
   -0.115311    -0.751079   0.00184674
   -0.115311     0.751079   0.00184674
   -0.818655     0.751079  0.000536466
   -0.818655    -0.751079  0.000536466
   -0.703161     0.751079  0.000637322
   -0.703161    -0.751079  0.000637322
   -0.636013     0.751079  0.000799442
   -0.636013    -0.751079  0.000799442
   -0.995528     0.499522  -0.00267528
    0.995528     0.499522  -0.00267528
   -0.781082     0.715879 -0.000274187
     1.20997     0.715879 -0.000274187
   -0.995528     -0.47086  0.000623572
    0.995528     -0.47086  0.000623572
   -0.995528    -0.518378  0.000515071
    0.995528    -0.518378  0.000515071
    0.995528    0.0138102  0.000572202
   -0.995528    0.0138102  0.000572202
    0.995528     0.473685  -0.00121771
   -0.995528     0.473685  -0.00121771
    0.995528     0.134312 -0.000554334
   -0.995528     0.134312 -0.000554334
    0.995528    0.0704857 -0.000451976
   -0.995528    0.0704857 -0.000451976
    0.995528     0.360671 -0.000674629
   -0.995528     0.360671 -0.000674629
   -0.995528   -0.0867458  0.000466967
    0.995528   -0.0867458  0.000466967
   -0.995528   -0.0226271  0.000268628
    0.995528   -0.0226271  0.000268628
   -0.995528   -0.0414754  0.000331356
    0.995528   -0.0414754  0.000331356
    0.385454    -0.751079   0.00122008
    0.385454     0.751079   0.00122008
    0.102063    -0.290936   0.00453683
    0.102063      1.21122   0.00453683
    -0.88533    -0.660694 -0.000280745
    -0.88533     0.841464 -0.000280745
    -0.83483    -0.660694 -0.000897112
    -0.83483     0.841464 -0.000897112
    0.995528    -0.165111   0.00142954
   -0.995528    -0.165111   0.00142954
    0.995528     -0.10773   0.00044756
   -0.995528     -0.10773   0.00044756
    0.995528    -0.146368  0.000470719
   -0.995528    -0.146368  0.000470719
    -0.82071     0.751079   0.00153818
    -0.82071    -0.751079   0.00153818
    0.558291     0.751079   0.00208087
    0.558291    -0.751079   0.00208087
   -0.959356     0.751079   0.00236404
   -0.959356    -0.751079   0.00236404
   -0.387291     0.751079  0.000587243
   -0.387291    -0.751079  0.000587243
   -0.140889     0.751079   0.00163245
   -0.140889    -0.751079   0.00163245
   -0.911013     0.751079  -0.00204685
   -0.911013    -0.751079  -0.00204685
    0.995528     0.511728   0.00311228
   -0.995528     0.511728   0.00311228
    0.813008     0.751079 -0.000325509
    0.813008    -0.751079 -0.000325509
   -0.793151     0.751079 -0.000124155
   -0.793151    -0.751079 -0.000124155
    0.573438     0.751079 -0.000888978
    0.573438    -0.751079 -0.000888978
   -0.906056     0.751079 -0.000334404
   -0.906056    -0.751079 -0.000334404
   -0.976304     0.751079 -0.000544867
   -0.976304    -0.751079 -0.000544867
    0.426482     0.751079   0.00230886
    0.426482    -0.751079   0.00230886
   0.0395429     0.751079   0.00359647
   0.0395429    -0.751079   0.00359647
   -0.843059     0.751079 -0.000193178
   -0.843059    -0.751079 -0.000193178
   -0.709601     0.751079    0.0015851
   -0.709601    -0.751079    0.0015851
   -0.276687     0.751079   0.00229441
   -0.276687    -0.751079   0.00229441
   -0.989498     0.751079  0.000457269
   -0.989498    -0.751079  0.000457269
     0.58066     0.751079   0.00164507
     0.58066    -0.751079   0.00164507
    0.510118     0.751079   0.00113547
    0.510118    -0.751079   0.00113547
    0.470015     0.751079  0.000847773
    0.470015    -0.751079  0.000847773
   -0.681138     0.751079 -5.39166e-05
   -0.681138    -0.751079 -5.39166e-05
   -0.512019     0.751079  -0.00877462
   -0.512019    -0.751079  -0.00877462
   0.0173405     0.751079   0.00159413
   0.0173405    -0.751079   0.00159413
    0.812249     0.751079  -0.00175012
    0.812249    -0.751079  -0.00175012
   -0.995528      0.72132  -0.00195131
    0.995528      0.72132  -0.00195131
   -0.995528     -0.72362   -0.0055652
    0.995528     -0.72362   -0.0055652
   -0.995528     -0.63621  -0.00100363
    0.995528     -0.63621  -0.00100363
   -0.995528    -0.671971  -0.00107616
    0.995528    -0.671971  -0.00107616
    0.566071    -0.751079  -0.00144083
    0.566071     0.751079  -0.00144083
    0.701856    -0.751079  -0.00126448
    0.701856     0.751079  -0.00126448
   -0.600514    -0.751079  0.000106197
   -0.600514     0.751079  0.000106197
   -0.995528      0.53665  -0.00125824
    0.995528      0.53665  -0.00125824
   -0.787033    -0.751079 -0.000476822
   -0.787033     0.751079 -0.000476822
    0.995528    -0.665973  -0.00499407
   -0.995528    -0.665973  -0.00499407
    0.995528     0.704382  -0.00551858
   -0.995528     0.704382  -0.00551858
   -0.705897    -0.749432  -0.00643837
   -0.705897     0.752726  -0.00643837
  -0.0643908    -0.751079 -0.000462541
  -0.0643908     0.751079 -0.000462541
    0.995528    -0.599031 -0.000887434
   -0.995528    -0.599031 -0.000887434
    0.995528    -0.697165 -0.000811592
   -0.995528    -0.697165 -0.000811592
    0.995528    -0.538228  0.000996711
   -0.995528    -0.538228  0.000996711
  -0.0775245    -0.751079 -0.000461132
  -0.0775245     0.751079 -0.000461132
    0.995528    -0.636194 -0.000759161
   -0.995528    -0.636194 -0.000759161
    0.995528    -0.631418  0.000402578
   -0.995528    -0.631418  0.000402578
    0.995528     0.421861  -0.00104188
   -0.995528     0.421861  -0.00104188
    0.995528    0.0376722 -0.000312572
   -0.995528    0.0376722 -0.000312572
    0.995528     0.320111  -0.00053343
   -0.995528     0.320111  -0.00053343
   -0.170775    -0.751079   -0.0145229
   -0.170775     0.751079   -0.0145229
   0.0251327    -0.751079  -0.00137423
   0.0251327     0.751079  -0.00137423
   -0.291088    -0.751079    0.0019238
   -0.291088     0.751079    0.0019238
   0.0783929    -0.751079   0.00183163
   0.0783929     0.751079   0.00183163
   -0.107795    -0.751079   0.00235135
   -0.107795     0.751079   0.00235135
    0.347179    -0.751079   0.00186761
    0.347179     0.751079   0.00186761
    0.430468    -0.751079   0.00212031
    0.430468     0.751079   0.00212031
    0.978414    -0.751079   0.00595565
    0.978414     0.751079   0.00595565
    0.350522    -0.751079  0.000874964
    0.350522     0.751079  0.000874964
    0.993244    -0.751079 -7.03748e-05
    0.993244     0.751079 -7.03748e-05
   -0.965968    -0.751079   1.3142e-05
   -0.965968     0.751079   1.3142e-05
    -0.72164    -0.751079 -0.000334223
    -0.72164     0.751079 -0.000334223
    0.656214    -0.751079  0.000515885
    0.656214     0.751079  0.000515885
   -0.995528    -0.608628  -0.00174516
    0.995528    -0.608628  -0.00174516
    -0.57913     0.751079  -0.00180398
    -0.57913    -0.751079  -0.00180398
   -0.995528    -0.604014  -0.00222587
    0.995528    -0.604014  -0.00222587
   -0.553433     0.751079  -0.00272346
   -0.553433    -0.751079  -0.00272346
   -0.995528    -0.621486  -0.00166456
    0.995528    -0.621486  -0.00166456
   -0.643783     0.751079   -0.0016562
   -0.643783    -0.751079   -0.0016562
   -0.995528     -0.51273  -0.00152846
    0.995528     -0.51273  -0.00152846
    0.639838     0.751079  -0.00103388
    0.639838    -0.751079  -0.00103388
   -0.995528    -0.515238   -0.0015855
    0.995528    -0.515238   -0.0015855
   -0.647323    -0.751079   0.00118281
   -0.647323     0.751079   0.00118281
   -0.466559    -0.751079    0.0011831
   -0.466559     0.751079    0.0011831
    0.875298    -0.751079  0.000847593
    0.875298     0.751079  0.000847593
    0.201935    -0.751079  0.000930778
    0.201935     0.751079  0.000930778
   -0.367671     0.751079   0.00202867
   -0.367671    -0.751079   0.00202867
    0.122174     0.751079   0.00309899
    0.122174    -0.751079   0.00309899
     0.16794     0.751079   0.00175335
     0.16794    -0.751079   0.00175335
    0.489744     0.751079  -0.00132339
    0.489744    -0.751079  -0.00132339
   -0.871612     0.751079 -0.000645058
   -0.871612    -0.751079 -0.000645058
   -0.954864     0.751079 -0.000879782
   -0.954864    -0.751079 -0.000879782
    -0.92239    -0.332472  0.000255322
     1.06866    -0.332472  0.000255322
    0.995528    -0.651379  -2.7618e-05
   -0.995528    -0.651379  -2.7618e-05
    0.995528    -0.666144   0.00122102
   -0.995528    -0.666144   0.00122102
    0.995528    -0.604088  0.000838249
   -0.995528    -0.604088  0.000838249
    0.995528     0.666938    -0.003426
   -0.995528     0.666938    -0.003426
   -0.666696    -0.751079    -0.014317
   -0.666696     0.751079    -0.014317
    -0.44415    -0.751079  -0.00308223
    -0.44415     0.751079  -0.00308223
   -0.069027    -0.751079  -0.00232013
   -0.069027     0.751079  -0.00232013
   -0.666445     0.516493  0.000146621
   -0.666445    -0.985665  0.000146621
   -0.966505    -0.751079   0.00451781
   -0.966505     0.751079   0.00451781
   -0.981237    -0.751079 -0.000434242
   -0.981237     0.751079 -0.000434242
    -0.46215    -0.751079  0.000609622
    -0.46215     0.751079  0.000609622
    0.799507    -0.751079 -0.000731201
    0.799507     0.751079 -0.000731201
    0.995528    -0.485877   0.00398275
   -0.995528    -0.485877   0.00398275
    0.995528    -0.547731   0.00496033
   -0.995528    -0.547731   0.00496033
    0.995528    -0.456245   0.00456365
   -0.995528    -0.456245   0.00456365
    0.124758     0.751079   0.00761175
    0.124758    -0.751079   0.00761175
    0.253133     0.751079   0.00710842
    0.253133    -0.751079   0.00710842
   -0.995528    -0.662959  -0.00249272
    0.995528    -0.662959  -0.00249272
   -0.995528    -0.542238  -0.00841417
    0.995528    -0.542238  -0.00841417
   -0.995528    -0.677807   -0.0122029
    0.995528    -0.677807   -0.0122029
   -0.995528     0.641205   -0.0128933
    0.995528     0.641205   -0.0128933
   -0.995528     0.719146  -0.00844677
    0.995528     0.719146  -0.00844677
   -0.637385     0.751079 -0.000427983
   -0.637385    -0.751079 -0.000427983
    0.285391     0.681297    0.0027124
    0.285391    -0.820861    0.0027124
    0.326658     0.681297   0.00257512
    0.326658    -0.820861   0.00257512
    0.281309    -0.751079   0.00419589
    0.281309     0.751079   0.00419589
   -0.406987    -0.751079   0.00318213
   -0.406987     0.751079   0.00318213
    0.388926    -0.751079   0.00349744
    0.388926     0.751079   0.00349744
    0.995528     -0.73624 -0.000400966
   -0.995528     -0.73624 -0.000400966
    0.995528     0.737507    0.0012725
   -0.995528     0.737507    0.0012725
    0.995528    -0.682655  0.000752394
   -0.995528    -0.682655  0.000752394
    0.995528    -0.327985  0.000769706
   -0.995528    -0.327985  0.000769706
    0.995528   -0.0487703  6.97389e-05
   -0.995528   -0.0487703  6.97389e-05
    0.995528    -0.223132  0.000618537
   -0.995528    -0.223132  0.000618537
    0.995528     -0.27496   0.00102909
   -0.995528     -0.27496   0.00102909
    0.995528    -0.727766   -0.0012923
   -0.995528    -0.727766   -0.0012923
   -0.113382    -0.751079  -0.00140958
   -0.113382     0.751079  -0.00140958
   -0.436944     0.751079   0.00199099
   -0.436944    -0.751079   0.00199099
   -0.291146     0.751079   0.00213773
   -0.291146    -0.751079   0.00213773
   -0.995528    -0.722748  -0.00337101
    0.995528    -0.722748  -0.00337101
   -0.995528      0.61403  -0.00405364
    0.995528      0.61403  -0.00405364
    0.995528     0.728151  -0.00117694
   -0.995528     0.728151  -0.00117694
    0.937228    -0.751079  -0.00117697
    0.937228     0.751079  -0.00117697
    0.995528      0.52539  -0.00127567
   -0.995528      0.52539  -0.00127567
   -0.719218    -0.751079 -0.000727899
   -0.719218     0.751079 -0.000727899
   -0.506766    -0.751079  -0.00103827
   -0.506766     0.751079  -0.00103827
   -0.255402    -0.751079  -0.00105899
   -0.255402     0.751079  -0.00105899
    0.743083    -0.751079   0.00166795
    0.743083     0.751079   0.00166795
  -0.0446418    -0.751079   0.00184882
  -0.0446418     0.751079   0.00184882
    0.995528    -0.369926   0.00132509
   -0.995528    -0.369926   0.00132509
    0.995528    -0.373733  0.000965709
   -0.995528    -0.373733  0.000965709
    0.995528    -0.392659   0.00111509
   -0.995528    -0.392659   0.00111509
   -0.995528     0.628924  -0.00139777
    0.995528     0.628924  -0.00139777
    0.995528    -0.519448  0.000700265
   -0.995528    -0.519448  0.000700265
    0.995528    -0.548667 -0.000390387
   -0.995528    -0.548667 -0.000390387
    0.852935    -0.505468  -0.00123823
    0.852935      0.99669  -0.00123823
    0.817871     0.751079   0.00175256
    0.817871    -0.751079   0.00175256
    0.355383     0.751079   0.00339393
    0.355383    -0.751079   0.00339393
  -0.0999271     0.751079   0.00273848
  -0.0999271    -0.751079   0.00273848
    0.800385    -0.751079 -0.000178022
    0.800385     0.751079 -0.000178022
   -0.995528     0.716542  -0.00150461
    0.995528     0.716542  -0.00150461
    0.995528     0.577338    -0.012075
   -0.995528     0.577338    -0.012075
    0.995528     0.542562  -0.00896108
   -0.995528     0.542562  -0.00896108
   -0.995528     0.135913 -0.000535287
    0.995528     0.135913 -0.000535287
    0.600712     0.751079   0.00119888
    0.600712    -0.751079   0.00119888
   -0.746726     0.751079  0.000455866
   -0.746726    -0.751079  0.000455866
   -0.427558     0.751079  0.000946128
   -0.427558    -0.751079  0.000946128
    0.463777    -0.751079    0.0025374
    0.463777     0.751079    0.0025374
    0.955294     0.751079  -0.00248917
    0.955294    -0.751079  -0.00248917
   -0.995528       0.1597  -0.00109582
    0.995528       0.1597  -0.00109582
   -0.995528     0.211272  -0.00120884
    0.995528     0.211272  -0.00120884
   -0.995528     0.467228  -0.00139369
    0.995528     0.467228  -0.00139369
    0.995528     0.639154 -0.000958469
   -0.995528     0.639154 -0.000958469
   -0.995528    -0.120375  0.000498701
    0.995528    -0.120375  0.000498701
   -0.995528     0.406014  -0.00114227
    0.995528     0.406014  -0.00114227
   -0.995528     0.404418  -0.00112834
    0.995528     0.404418  -0.00112834
   -0.995528     0.475386  -0.00117981
    0.995528     0.475386  -0.00117981
   -0.995528     0.706371    0.0019251
    0.995528     0.706371    0.0019251
    0.995528     0.370814  -0.00285723
   -0.995528     0.370814  -0.00285723
   -0.995528    -0.645876  -0.00175051
    0.995528    -0.645876  -0.00175051
   -0.654668     0.751079  -0.00225897
   -0.654668    -0.751079  -0.00225897
   -0.995528    -0.576868  -0.00122948
    0.995528    -0.576868  -0.00122948
    0.995528 -0.000310243 -0.000119414
   -0.995528 -0.000310243 -0.000119414
    0.995528   -0.0834483  0.000321804
   -0.995528   -0.0834483  0.000321804
    0.995528   0.00551019 -0.000256263
   -0.995528   0.00551019 -0.000256263
    0.995528     0.598086 -0.000786192
   -0.995528     0.598086 -0.000786192
   -0.995528    -0.599891  0.000175424
    0.995528    -0.599891  0.000175424
    0.241728     0.751079   0.00126317
    0.241728    -0.751079   0.00126317
   -0.995528    -0.547338  -0.00152817
    0.995528    -0.547338  -0.00152817
    0.995528    -0.351804  -0.00199903
   -0.995528    -0.351804  -0.00199903
   -0.815098     0.751079  0.000532875
   -0.815098    -0.751079  0.000532875
   -0.467121     0.751079  0.000929582
   -0.467121    -0.751079  0.000929582
   -0.564622     0.751079   0.00084206
   -0.564622    -0.751079   0.00084206
   -0.372984     0.751079    0.0010903
   -0.372984    -0.751079    0.0010903
    0.995528     0.576988  -0.00217839
   -0.995528     0.576988  -0.00217839
    0.995528     0.702952 -8.90656e-05
   -0.995528     0.702952 -8.90656e-05
    0.765057    -0.751079 -0.000880108
    0.765057     0.751079 -0.000880108
    0.523084    -0.751079   0.00139609
    0.523084     0.751079   0.00139609
    0.846061    -0.751079 -0.000527373
    0.846061     0.751079 -0.000527373
    0.300891     0.751079   0.00275503
    0.300891    -0.751079   0.00275503
    0.356842     0.751079  -0.00202071
    0.356842    -0.751079  -0.00202071
    0.614889     0.751079  -0.00123259
    0.614889    -0.751079  -0.00123259
   -0.334519     0.751079   0.00139597
   -0.334519    -0.751079   0.00139597
    0.995528   -0.0662725 -5.17959e-05
   -0.995528   -0.0662725 -5.17959e-05
   -0.995528    -0.464448  -0.00154124
    0.995528    -0.464448  -0.00154124
    0.277567     0.751079   -0.0022029
    0.277567    -0.751079   -0.0022029
    0.995528    -0.710462  -0.00217504
   -0.995528    -0.710462  -0.00217504
      0.8277     0.751079   -0.0022684
      0.8277    -0.751079   -0.0022684
    0.995528    -0.556682  -0.00151373
   -0.995528    -0.556682  -0.00151373
   -0.213521     0.751079  -0.00263673
   -0.213521    -0.751079  -0.00263673
   -0.995528     0.507763  -0.00353766
    0.995528     0.507763  -0.00353766
    0.995528     -0.10773   0.00044756
   -0.995528     -0.10773   0.00044756
    0.960851     0.751079 -0.000408981
    0.960851    -0.751079 -0.000408981
   0.0395429     0.751079   0.00359647
   0.0395429    -0.751079   0.00359647
   -0.276687     0.751079   0.00229441
   -0.276687    -0.751079   0.00229441
    0.816727     0.751079   0.00116086
    0.816727    -0.751079   0.00116086
   -0.995528     -0.63621  -0.00100363
    0.995528     -0.63621  -0.00100363
   -0.995528    -0.671971  -0.00107616
    0.995528    -0.671971  -0.00107616
    0.701856    -0.751079  -0.00126448
    0.701856     0.751079  -0.00126448
   -0.884204    -0.751079  -0.00110009
   -0.884204     0.751079  -0.00110009
   -0.677276    -0.751079  -0.00138003
   -0.677276     0.751079  -0.00138003
   -0.965968    -0.751079   1.3142e-05
   -0.965968     0.751079   1.3142e-05
    0.656214    -0.751079  0.000515885
    0.656214     0.751079  0.000515885
    0.995528    -0.547731   0.00496033
   -0.995528    -0.547731   0.00496033
    0.995528    -0.456245   0.00456365
   -0.995528    -0.456245   0.00456365
    0.146758    -0.751079    0.0038785
    0.146758     0.751079    0.0038785
    0.995528    -0.223132  0.000618537
   -0.995528    -0.223132  0.000618537
   -0.995528     0.742931  -0.00350912
    0.995528     0.742931  -0.00350912
   -0.222093    -0.751079  -0.00136542
   -0.222093     0.751079  -0.00136542
   -0.506766    -0.751079  -0.00103827
   -0.506766     0.751079  -0.00103827
    0.995528    -0.701733   0.00066325
   -0.995528    -0.701733   0.00066325
    0.355383     0.751079   0.00339393
    0.355383    -0.751079   0.00339393
   -0.995528    0.0450809  0.000118692
    0.995528    0.0450809  0.000118692
   -0.995528    -0.065109  0.000440931
    0.995528    -0.065109  0.000440931
    0.463777    -0.751079    0.0025374
    0.463777     0.751079    0.0025374
   -0.995528      0.33421  -0.00212056
    0.995528      0.33421  -0.00212056
   -0.995528     0.211272  -0.00120884
    0.995528     0.211272  -0.00120884
    0.995528     0.370814  -0.00285723
   -0.995528     0.370814  -0.00285723
   -0.995528     0.445755  -0.00106518
    0.995528     0.445755  -0.00106518