     2.26103            0            0
           0      1.50216            0
           0            0     0.963582
         350         1490            0
    0.330711    -0.260211 -9.59175e-05
    0.110705    -0.621254  0.000448446
    0.407497    -0.597151  0.000699547
    0.168414    -0.377237  0.000426057
    0.668462    -0.594596  -0.00020878
    0.730799    -0.526487  -0.00154607
    0.381402    -0.396623  0.000431734
    0.450364    -0.726276  0.000608345
    0.268782    -0.681639  0.000875134
    0.393417     -0.51356  0.000380435
    0.562397    -0.627406  0.000898829
      0.3368    -0.579602   0.00057508
    0.640894    -0.207749   0.00921354
    0.418907     0.333654  0.000606248
  0.00302391   -0.0980766   -0.0132062
    0.172183    0.0304001  0.000552954
    0.202047   -0.0705784  0.000437911
    0.944187    0.0525363  0.000667721
    0.350705    -0.150994   0.00939561
    0.492015    -0.175642   0.00094378
    0.367853     0.166815  0.000688701
    0.454782     0.225342  0.000722702
    0.637088   -0.0255536   0.00234279
    0.732707    0.0429924  0.000772305
    0.211174   -0.0508716  0.000813095
    0.329739    0.0317474  0.000675214
    0.566266     0.190268  0.000726618
    0.263859   -0.0178492    0.0028627
    0.338957   -0.0764041  0.000262548
    0.346388    -0.205801    0.0002566
    0.554018    -0.227368   0.00100466
    0.700126    -0.122141  0.000985175
    0.298169    -0.362568  0.000444106
   -0.519342    -0.345411    -0.208608
   -0.598451    -0.449794    -0.307905
    0.879191    -0.379152    -0.275221
    -0.95496    -0.245518    -0.321295
    -1.08739    -0.134018    -0.285798
     1.08815   -0.0302842    -0.314157
     1.04264    -0.309295    -0.281456
   -0.869407     -0.31791    -0.333112
   -0.699385    -0.134917    -0.307677
    0.618017     0.660335    -0.213217
    0.398253     0.393075    -0.283901
    0.241553     0.396229    -0.201237
    0.500014      0.53385    -0.220602
    0.240867     0.598732    -0.408788
    0.103837     0.639045    -0.349613
  0.00366357    -0.200836    -0.249513
     0.25673    -0.364953    -0.282546
      0.2049    -0.495758    -0.334057
    0.445339     0.706569    -0.261624
   0.0777049     0.447908    -0.295351
    0.720558    -0.679903    -0.264315
    0.649306    -0.479006    -0.313904
    0.873717    -0.314475    -0.349424
    0.713478     -0.33207    -0.242722
    0.935249    -0.530174    -0.172844
   -0.446785     0.502727    -0.293841
   -0.715458     0.582443     0.396164
    -0.16429     0.598589     0.317023
   -0.421366    -0.737744     0.308911
   -0.613155     0.512654     0.383868
   -0.769195    -0.626821     0.229917
    0.238627     0.509153     0.330487
     1.08484     0.493186     0.370234
     1.01438     0.446497     0.303588
    0.954383     0.426667     0.359527
    0.884309     0.534852     0.185673
     0.57057     0.440353     0.263556
    0.520324     0.459323     0.348511
    0.283662     0.112783     0.306615
   -0.293034    -0.333626     0.375159
    -0.29387    -0.284852     0.316722
   -0.250914    -0.090305     0.381416
   -0.672006   0.00565491     0.296126
    0.406157     0.144881     0.311759
   -0.557931     0.316769     0.359719
   -0.336324    -0.479266     0.345091
    -1.07048     0.438082     0.302333
   -0.729929     0.487156     0.256168
   -0.109326     0.412435     0.247041
   -0.116796    -0.466633     0.413076
   -0.911455     0.515713      0.41953
  -0.0414214     0.575656     0.330102
   -0.218164    -0.720088     0.344571
  -0.0686973     0.337793     0.346916
    0.718437     0.620556     0.402602
   -0.894765    -0.700268     0.380966
    0.359147     0.594332     0.400312
    0.892006     0.156346     0.402321
   -0.768715   -0.0931719     0.409573
   -0.359899    -0.392069    -0.340227
   -0.498214    -0.391538    -0.366151
   -0.194724    -0.134029    -0.314049
    0.165373     0.118877    -0.352505
   -0.320004      0.51948    -0.354608
     -1.0968    -0.672212    -0.289493
    0.313545     0.467283    -0.334248
   -0.469642   -0.0410214    -0.383227
  -0.0410323    -0.454472     0.382323
    0.853229      0.23945    -0.257414
    -0.56064    -0.726579    -0.285726
   -0.831009    -0.235157     0.331889
    0.595656    -0.366693     0.152566
    -1.04117    -0.378178  0.000605848
    -1.10832    -0.552865  0.000752486
    -1.08826    -0.469292  0.000480089
    -1.12766    -0.305059    0.0013866
   -0.732185   -0.0781518  0.000920868
   -0.673596    0.0557415  0.000642384
     1.12012   -0.0572514  0.000594255
    -1.00325    -0.167686  0.000766601
   -0.753998   0.00763259   0.00066831
   -0.694138    -0.381462   -0.0032558
   -0.846116   -0.0450076  0.000773466
    -1.00592      -0.2754     0.001161
     1.12766    -0.225094  0.000536954
    0.158931     -0.53893     0.278389
    0.950241    -0.548837     0.286125
    0.154321    -0.337236      0.34983
     1.03224    -0.567654     0.152852
   -0.839098     0.437066   0.00379897
    -0.75275     0.693072 -0.000683619
   -0.795447     0.571273  0.000332042
    -0.92067     0.579302   -0.0457061
    0.473635     0.549821   0.00121395
    0.581435     0.579014   0.00281668
    0.912765     0.535794   -0.0123131
   -0.977377     0.700941  0.000197705
   -0.750708     0.732497  0.000141139
     1.11698     0.655824  0.000287284
    0.893837     0.663406   0.00038813
     1.08279     0.591424  0.000382461
   -0.997784     0.620396   0.00030094
   -0.923748     0.533833   7.7336e-05
   -0.472544     0.257418    -0.141877
  -0.0626463     0.133611   0.00143293
   -0.240707    0.0556316  0.000678208
   -0.319745     0.186931  0.000909652
   -0.199508      0.22197   0.00168533
   -0.172991     0.171975   0.00104546
   -0.374142    0.0930794  0.000658165
   -0.365512     0.239534  -0.00021881
   -0.183907    -0.215551 -0.000373083
   0.0359556   -0.0836634 -0.000741833
   -0.206055    -0.226609  0.000631143
   -0.406017    -0.640253 -0.000761689
    -0.46256    -0.264969  0.000734821
   -0.355795    -0.287625  0.000645202
   -0.430264     0.127372  0.000651342
   -0.359045     0.107231  0.000364668
   -0.262865     0.661651  0.000786754
   -0.033438    -0.338911  0.000395424
    0.078406    -0.731389  0.000810017
   -0.512555    -0.583287  0.000280386
   -0.297677    -0.667789  0.000309027
   -0.223364     -0.60842  0.000470895
   -0.452583    -0.466845  0.000156198
   -0.151178    -0.346908  0.000589198
   -0.192575     0.604743   0.00100821
    0.418811     0.527002   0.00747184
    0.303254     0.430071  0.000722426
   -0.344171     0.352985  -0.00174285
   -0.183838    -0.704428   0.00039508
    0.124994     0.589764   0.00172468
   -0.141949     0.515334  0.000528947
   -0.546418     0.441093  0.000255815
   0.0668361     0.358605  0.000733512
     -0.5225     0.443449  0.000199027
   -0.211905     0.393456 -0.000565549
   0.0326613     0.577772  0.000679989
   0.0866802      0.61697   0.00130785
    -0.16729     0.425001  0.000614015
   0.0733142      0.50401   0.00112331
    0.250075     0.523255   0.00125416
   -0.259104    -0.741765  0.000603994
   -0.109112     0.595299  0.000934641
   -0.131515    -0.315297   0.00061297
   -0.221637     0.294939  0.000420788
   -0.233402    -0.314714  0.000577993
   -0.242358    -0.665122  0.000322091
 -0.00380535    -0.569906  0.000723471
   -0.214438     0.317093   0.00670486
   -0.320739     0.281545  0.000301105
    0.114109      0.65352   0.00140831
   -0.102596     0.264573   0.00135151
     -0.5142    -0.525057  0.000219311
   -0.423913    -0.643694  0.000276751
  -0.0374751     0.222168  0.000682433
   -0.647825     0.424477  0.000262471
   -0.580206     0.627439 -0.000128993
   -0.475198    -0.744762  0.000352605
   -0.305799     0.361731  7.58479e-05
   -0.683414     0.458365  -0.00831934
   -0.340246      0.47356  0.000523469
   -0.640122    -0.664286  5.00721e-05
    -0.56651     0.638628  0.000402669
   -0.415411     0.269525  0.000350458
   -0.549257     0.391288  0.000340693
   -0.638786     0.711568  0.000262904
   -0.370839     0.598421   0.00250964
   -0.416996      0.31919  0.000275931
   -0.283016     0.446906   0.00136322
   -0.738512     0.617272  -1.6726e-05
   -0.505431    -0.636771 -0.000305707
    0.906009     0.480775   0.00226845
    -1.09712    -0.580104  -0.00168477
   -0.680161    -0.679453 -0.000118373
  -0.0718611     0.315923  0.000598128
   -0.560283    -0.252322  0.000961379
   -0.576165    0.0188423  0.000697171
   -0.737592     0.159784  0.000545383
   -0.439544    -0.369796  -0.00144756
   -0.588053    -0.323606   -0.0128656
   -0.897529    -0.699394  0.000205244
   -0.442009     -0.16499    0.0006862
   -0.776486    -0.262743   0.00103286
      1.0795     0.167592  0.000570154
   -0.982571     0.590747  0.000378193
   -0.719527    -0.738221  0.000232047
   -0.616755    -0.174138  0.000115111
   -0.283315     0.346143  -0.00464392
    0.193194     0.407106  0.000739755
   -0.483434   -0.0725274  0.000876255
   -0.811247    -0.653463  0.000277615
   -0.850336     -0.43671 -7.67305e-05
   -0.523743    -0.647294  0.000158562
   -0.406422  -0.00132017  0.000689604
   -0.656366      0.56097  0.000373868
   -0.732899    -0.459577  -0.00117238
   -0.807667    0.0814937   0.00062968
   -0.834735    -0.345161  0.000386387
   -0.544422     0.321058  0.000328795
   -0.973544    -0.486253   0.00103091
   -0.525355     0.184746  0.000486661
    -0.28858    -0.129627  0.000706211
   -0.953402      0.24023  0.000545614
    -1.12429      0.50938  0.000366588
   -0.762258     0.354323  0.000410739
      1.1148     0.615606     0.190114
   -0.387357    -0.363161     0.199351
    0.300715     0.460605     0.203582
   -0.232975    -0.461899     0.233379
  -0.0261645    0.0802911     0.276411
   -0.111007     0.521568     0.216141
    -0.29417     0.497145    -0.277472
   -0.308769    -0.616775    -0.204452
     1.10247     0.459929    -0.129795
    0.742794     0.611127    -0.204097
    -0.10943     0.240683    -0.153387
   -0.792281    -0.252549     -0.13618
   -0.726424     0.290509     -0.21168
   -0.221281    -0.328178    -0.250451
   -0.153405     0.307585    -0.287361
   -0.852023    -0.160042   0.00139264
    -1.12764    0.0913815  0.000567994
    0.824281   -0.0688805   0.00078001
    0.478185    -0.439301  0.000409621
    0.518655    -0.572281  0.000187683
    0.782593   -0.0621453  0.000827578
    0.229211    -0.156959 -0.000321878
     0.73985    -0.516902 -0.000236526
    0.595927    -0.160394  0.000876483
    0.745938    -0.350828  0.000703853
    0.815804    -0.438533 -0.000252532
     1.09338    -0.144961  0.000715995
    0.827677    -0.222231  0.000764137
    0.960419    -0.294999  0.000768189
     0.77749    -0.327547     0.009227
     0.63131    -0.282467    0.0010714
    0.816934  -0.00553714     0.290407
    0.285628     -0.29787     0.182394
    0.815391    -0.223351    -0.246885
    0.328016    -0.439812    -0.255057
    -1.10577    -0.497736    -0.142289
     1.06666   -0.0594876   0.00118979
    0.886998     0.203081  0.000499761
     1.12323    -0.675597 -0.000210461
   -0.116762    0.0974736  0.000629931
    -1.12775    0.0322872  0.000647114
    0.400481     0.452379  0.000683909
    0.605687    -0.411619  0.000524452
     0.79502     0.695229    0.0024964
    0.748484       0.3152  0.000734617
    0.494244     0.674687  0.000837021
    -1.03283    -0.510233 -0.000412022
    0.701474    -0.690458  8.75479e-05
    -1.10672    -0.658419  -0.00363062
    0.326163     0.258481  0.000717513
    0.248154     0.620694   0.00973941
    0.257964     0.466753   0.00122004
   -0.337163     0.166701 -0.000570658
    0.762498    -0.645985 -8.77608e-05
    0.922815    -0.737653  9.43096e-05
    -1.09384    -0.449498 -4.20066e-05
    0.448867     0.293475   0.00062115
    0.606391    -0.396989   0.00057346
    0.685993     0.586526    0.0106308
    -1.10519     0.209062   0.00050004
     0.58847     0.378331  0.000595931
    0.362268     0.716893  0.000805691
    0.758173    -0.363545  -0.00326648
      0.2554     0.700475     0.175812
    0.429476     0.327484    -0.184657
   -0.336493   -0.0411212    -0.159476
    0.731631      0.26004  0.000650735
      1.0499     0.141636 -0.000519167
   -0.894929      0.46492   0.00110174
    0.872613     0.447599   -0.0371475
   0.0875127     0.177256  0.000844228
    0.232364     0.302025  0.000722671
    0.452517      0.53835  0.000875129
  -0.0503703    -0.277841  0.000177975
    0.545531     0.560837  0.000644965
   -0.124777     0.167627 -0.000873803
    0.826986     0.268994  0.000620436
    0.235813      0.71281  0.000954016
  -0.0906225   -0.0492188  0.000665904
 -0.00396527     0.129942  0.000662903
  -0.0978991    -0.183508   -0.0012275
    0.366049    -0.228642   0.00355068
    0.248525     0.105594  0.000638059
      0.6352     0.278301   0.00068436
    0.389622     0.411916   0.00135119
  0.00841006     0.100606  3.68319e-07
    0.120212    -0.213757  0.000492878
     0.07314    -0.687957   0.00073002
    0.380476    -0.670667  0.000693643
    0.582289    -0.732067  0.000485472
    0.175317      -0.5356  0.000391601
    0.223567     0.716476  0.000883276
   0.0614093    -0.428301  0.000591625
    0.314218   -0.0633302  0.000721655
     0.14662    -0.661289  0.000989026
    0.406453    -0.151221  0.000804991
   0.0466316    -0.114298  -0.00415593
    0.148685    -0.597862   0.00054276
    0.331583     0.681835    0.0010313
   0.0494927     -0.38158  -0.00422031
    -0.29557    -0.701645  0.000240162
    0.278172    -0.475788  0.000457535
    0.710699     0.677225  0.000496352
    0.196675     0.449955   0.00072715
   0.0616226    -0.265483  -0.00196577
     0.98249     0.286351  0.000586929
  -0.0499639    -0.389419  0.000605767
  -0.0850533    -0.678524  0.000723371
   0.0478911   -0.0974069  0.000651282
    0.166798     0.214518  0.000358058
     1.13051    -0.669316     0.207093
    -1.13051    -0.669316     0.207093
     1.13051    -0.670719     0.202933
    -1.13051    -0.670719     0.202933
   0.0823296     0.751079     0.168661
   0.0823296    -0.751079     0.168661
   -0.134151     0.751079     0.224911
   -0.134151    -0.751079     0.224911
     1.13051    -0.745684     0.194558
    -1.13051    -0.745684     0.194558
     1.08595     0.751079     0.194923
     1.08595    -0.751079     0.194923
   -0.997903     0.751079     0.226365
   -0.997903    -0.751079     0.226365
     1.13051     0.732765     0.230918
    -1.13051     0.732765     0.230918
   -0.818164    -0.561191     0.481791
   -0.818164    -0.561191    -0.481791
     1.07314    -0.566606     0.481791
     1.07314    -0.566606    -0.481791
   -0.453048    -0.313408     0.481791
   -0.453048    -0.313408    -0.481791
     1.11433    -0.147114     0.481791
     1.11433    -0.147114    -0.481791
     1.13051    -0.748118     0.368634
    -1.13051    -0.748118     0.368634
     1.13051     0.713005     0.342636
    -1.13051     0.713005     0.342636
    0.117552     0.730608     0.348321
    0.117552     -0.77155     0.348321
   0.0744027     0.730608     0.356984
   0.0744027     -0.77155     0.356984
     1.13051     0.625581     0.359382
    -1.13051     0.625581     0.359382
     1.13051      0.58065     0.352822
    -1.13051      0.58065     0.352822
    0.622455    -0.650833     0.393715
    0.622455     0.851325     0.393715
   -0.718532    -0.639432     0.481791
   -0.718532    -0.639432    -0.481791
    -1.06082    -0.631719     0.481791
    -1.06082    -0.631719    -0.481791
   -0.395781    -0.452847     0.481791
   -0.395781    -0.452847    -0.481791
   -0.667468    -0.713124     0.481791
   -0.667468    -0.713124    -0.481791
    0.335267    -0.751079    -0.220524
    0.335267     0.751079    -0.220524
  -0.0269949    -0.650833     0.444348
  -0.0269949     0.851325     0.444348
     0.16468     -0.61031     0.481791
     0.16468     -0.61031    -0.481791
   -0.943657     0.625527     0.481791
   -0.943657     0.625527    -0.481791
    0.322619    -0.724402     0.481791
    0.322619    -0.724402    -0.481791
     0.30186    -0.632957     0.481791
     0.30186    -0.632957    -0.481791
    -1.13051     0.732452     0.392543
     1.13051     0.732452     0.392543
    -1.13051    -0.659128     0.399711
     1.13051    -0.659128     0.399711
    0.204335     0.751079     0.402518
    0.204335    -0.751079     0.402518
    -1.13051     0.591019     0.400633
     1.13051     0.591019     0.400633
    -1.13051     0.550393     0.449267
     1.13051     0.550393     0.449267
   -0.458343     0.388339     0.481791
   -0.458343     0.388339    -0.481791
    0.147461     0.751079      0.41929
    0.147461    -0.751079      0.41929
  -0.0717416     0.652979     0.481791
  -0.0717416     0.652979    -0.481791
    -1.13051     0.626332     0.475634
     1.13051     0.626332     0.475634
    -1.05027     0.613536     0.481791
    -1.05027     0.613536    -0.481791
    0.414404      0.65961     0.481791
    0.414404      0.65961    -0.481791
      0.5321     0.325237     0.481791
      0.5321     0.325237    -0.481791
    0.892323    -0.736013     0.481791
    0.892323    -0.736013    -0.481791
    0.277629     0.751079     0.416067
    0.277629    -0.751079     0.416067
    0.708349     0.619776     0.481791
    0.708349     0.619776    -0.481791
    -1.10453     0.242792     0.481791
    -1.10453     0.242792    -0.481791
    0.947753     0.751079     0.368567
    0.947753    -0.751079     0.368567
    0.907652     0.751079     0.367547
    0.907652    -0.751079     0.367547
   -0.695714    -0.724972     0.481791
   -0.695714    -0.724972    -0.481791
    0.702116     0.620717     0.481791
    0.702116     0.620717    -0.481791
    -1.06831    -0.740447     0.481791
    -1.06831    -0.740447    -0.481791
    -1.00671     0.123583     0.481791
    -1.00671     0.123583    -0.481791
    -1.13051     0.651727     0.304396
     1.13051     0.651727     0.304396
    -1.13051     0.373458     0.288174
     1.13051     0.373458     0.288174
    -1.13051     0.715772     0.262699
     1.13051     0.715772     0.262699
    -1.13051     0.662485     0.291594
     1.13051     0.662485     0.291594
    0.108276     0.565058     0.313075
    0.108276      -0.9371     0.313075
    -1.13051     0.491415      0.31566
     1.13051     0.491415      0.31566
   -0.785414      -0.6143     0.376006
   -0.785414     0.887858     0.376006
    -1.08332      -0.6143     0.378773
    -1.08332     0.887858     0.378773
   -0.408801    -0.391857     0.481791
   -0.408801    -0.391857    -0.481791
    0.147248      -0.6143     0.449064
    0.147248     0.887858     0.449064
     0.24463    -0.586553     0.481791
     0.24463    -0.586553    -0.481791
    0.448593    -0.722803     0.481791
    0.448593    -0.722803    -0.481791
     0.46194    -0.609079     0.481791
     0.46194    -0.609079    -0.481791
    0.293165     0.751079     0.158798
    0.293165    -0.751079     0.158798
    0.302544     0.751079     0.222502
    0.302544    -0.751079     0.222502
   -0.190785     0.751079     0.219132
   -0.190785    -0.751079     0.219132
    0.217949     0.751079     0.224238
    0.217949    -0.751079     0.224238
     10.7778     -0.14879    -0.301359
     10.7778     -1.65095    -0.301359
    0.786418     0.751079     0.213341
    0.786418    -0.751079     0.213341
     -0.4762     0.751079     0.207045
     -0.4762    -0.751079     0.207045
     1.77264     0.751079     0.126525
     1.77264    -0.751079     0.126525
   -0.621135    -0.600312     0.186965
     1.63989    -0.600312     0.186965
     1.13051     0.543646     0.346504
    -1.13051     0.543646     0.346504
   -0.299946     0.480147     0.481791
   -0.299946     0.480147    -0.481791
    -1.13051     0.749604     0.236003
     1.13051     0.749604     0.236003
     0.59558     0.712492     0.245011
     0.59558    -0.789666     0.245011
    0.572196     0.712492     0.252126
    0.572196    -0.789666     0.252126
    0.670612     0.712492     0.248701
    0.670612    -0.789666     0.248701
     1.13051   -0.0010775     0.281353
    -1.13051   -0.0010775     0.281353
     1.13051    -0.120407     0.288163
    -1.13051    -0.120407     0.288163
     1.13051   -0.0556472     0.306313
    -1.13051   -0.0556472     0.306313
   -0.238606    -0.429319     0.481791
   -0.238606    -0.429319    -0.481791
    0.356544     0.751079     0.296976
    0.356544    -0.751079     0.296976
   -0.247529     0.751079     0.320368
   -0.247529    -0.751079     0.320368
   -0.890101    -0.708319     0.481791
   -0.890101    -0.708319    -0.481791
    0.880845    -0.602271     0.481791
    0.880845    -0.602271    -0.481791
     0.31515    -0.558689     0.481791
     0.31515    -0.558689    -0.481791
   -0.259381    -0.751079     0.160675
   -0.259381     0.751079     0.160675
     1.13051    -0.648115     0.192615
    -1.13051    -0.648115     0.192615
     1.13051     0.610237     0.168302
    -1.13051     0.610237     0.168302
    0.578942    -0.751079     0.294323
    0.578942     0.751079     0.294323
    0.824141    -0.751079     0.286992
    0.824141     0.751079     0.286992
   0.0479497    -0.751079     0.275011
   0.0479497     0.751079     0.275011
    0.558402    -0.751079     0.290266
    0.558402     0.751079     0.290266
   -0.168137     0.751079     0.204769
   -0.168137    -0.751079     0.204769
    0.536531    -0.751079     0.355222
    0.536531     0.751079     0.355222
    -0.36665    -0.751079     0.320263
    -0.36665     0.751079     0.320263
    0.882009    -0.751079     0.356139
    0.882009     0.751079     0.356139
    0.969437    -0.668296     0.481791
    0.969437    -0.668296    -0.481791
   -0.772444     0.710338     0.481791
   -0.772444     0.710338    -0.481791
   -0.811682    -0.751079    -0.460741
   -0.811682     0.751079    -0.460741
      0.1783    -0.751079     0.447863
      0.1783     0.751079     0.447863
    0.374991    -0.654251     0.481791
    0.374991    -0.654251    -0.481791
     1.00386     0.414082     0.481791
     1.00386     0.414082    -0.481791
    0.477145     0.246327     0.481791
    0.477145     0.246327    -0.481791
   -0.839158     0.725635     0.481791
   -0.839158     0.725635    -0.481791
    0.873847    -0.611831     0.481791
    0.873847    -0.611831    -0.481791
     0.17706     0.617765     0.481791
     0.17706     0.617765    -0.481791
    0.898987   0.00418981     0.481791
    0.898987   0.00418981    -0.481791
     1.13051    -0.644027     0.286536
    -1.13051    -0.644027     0.286536
     2.17233     0.604357     0.388683
     2.17233      2.10652     0.388683
   -0.339949    -0.751079     0.296462
   -0.339949     0.751079     0.296462
     1.13051     0.629012      0.26126
    -1.13051     0.629012      0.26126
     1.13051     0.597194     0.296457
    -1.13051     0.597194     0.296457
      -1.428     0.604357     0.212682
      -1.428      2.10652     0.212682
   -0.350762    -0.502369     0.481791
   -0.350762    -0.502369    -0.481791
    -0.96625    -0.736997     0.481791
    -0.96625    -0.736997    -0.481791
    -1.13051     0.054358     0.298641
     1.13051     0.054358     0.298641
    -1.13051    -0.174366     0.333044
     1.13051    -0.174366     0.333044
    -1.13051    -0.390423     0.381272
     1.13051    -0.390423     0.381272
   0.0933735    -0.451224     0.481791
   0.0933735    -0.451224    -0.481791
   -0.895951    -0.557122     0.481791
   -0.895951    -0.557122    -0.481791
    0.279863     -0.45049     0.481791
    0.279863     -0.45049    -0.481791
     1.03982    -0.609723     0.481791
     1.03982    -0.609723    -0.481791
     1.13051    -0.684039     0.384775
    -1.13051    -0.684039     0.384775
    0.840213     0.751079     0.382915
    0.840213    -0.751079     0.382915
    -1.59818     -0.38889     0.294771
    -1.59818     -1.89105     0.294771
   -0.604621    -0.575453     0.481791
   -0.604621    -0.575453    -0.481791
    0.315994    -0.596376     0.481791
    0.315994    -0.596376    -0.481791
     1.13051    -0.648272     0.421819
    -1.13051    -0.648272     0.421819
    0.481931     0.751079     0.466309
    0.481931    -0.751079     0.466309
    0.256235     0.715304     0.481791
    0.256235     0.715304    -0.481791
   -0.762632    -0.650086     0.481791
   -0.762632    -0.650086    -0.481791
   -0.921505     0.751079    -0.363463
   -0.921505    -0.751079    -0.363463
     1.09664    -0.735487     0.481791
     1.09664    -0.735487    -0.481791
   -0.431753     0.676503     0.481791
   -0.431753     0.676503    -0.481791
    0.829331    -0.702832     0.481791
    0.829331    -0.702832    -0.481791
    -1.05691    -0.511558     0.481791
    -1.05691    -0.511558    -0.481791
   -0.633726     0.751079     0.470548
   -0.633726    -0.751079     0.470548
   -0.633331     0.726431     0.481791
   -0.633331     0.726431    -0.481791
    0.616717    -0.670726     0.481791
    0.616717    -0.670726    -0.481791
   -0.187036     0.751079    -0.406934
   -0.187036    -0.751079    -0.406934
   -0.379524    -0.636612     0.257446
   -0.379524     0.865546     0.257446
    0.429817    -0.751079     0.200326
    0.429817     0.751079     0.200326
    0.632689    -0.751079     0.283819
    0.632689     0.751079     0.283819
    0.175247    -0.751079     0.214267
    0.175247     0.751079     0.214267
    0.670217    -0.751079     0.373747
    0.670217     0.751079     0.373747
    0.839399     0.674651     0.481791
    0.839399     0.674651    -0.481791
    -1.13051     0.648026     0.423966
     1.13051     0.648026     0.423966
   -0.223011    -0.653043     0.481791
   -0.223011    -0.653043    -0.481791
    -1.03277    -0.711606     0.481791
    -1.03277    -0.711606    -0.481791
    -0.14924     0.473977     0.481791
    -0.14924     0.473977    -0.481791
    -1.13051     0.610465     0.458008
     1.13051     0.610465     0.458008
   -0.897023     0.652377     0.481791
   -0.897023     0.652377    -0.481791
    0.871016     0.428241     0.481791
    0.871016     0.428241    -0.481791
     0.29395    -0.679147     0.481791
     0.29395    -0.679147    -0.481791
      0.2223     0.286029     0.481791
      0.2223     0.286029    -0.481791
    0.652602     0.698877     0.481791
    0.652602     0.698877    -0.481791
    0.901066     0.751079      0.36785
    0.901066    -0.751079      0.36785
    -1.11415    -0.600619     0.481791
    -1.11415    -0.600619    -0.481791
    0.724993    -0.503395    -0.116336
    0.724993     -2.00555    -0.116336
   -0.743552    -0.688666     0.481791
   -0.743552    -0.688666    -0.481791
    0.783924     0.751079     0.434194
    0.783924    -0.751079     0.434194
    0.911468      0.63871     0.481791
    0.911468      0.63871    -0.481791
    -1.13051     0.455224     0.348872
     1.13051     0.455224     0.348872
    0.609132     0.249938     0.481791
    0.609132     0.249938    -0.481791
   -0.641634     0.708941     0.481791
   -0.641634     0.708941    -0.481791
    -1.00587    0.0185961     0.481791
    -1.00587    0.0185961    -0.481791
   -0.408415     0.467289     0.481791
   -0.408415     0.467289    -0.481791
   -0.254122    -0.751079     0.411306
   -0.254122     0.751079     0.411306
 -0.00631452    -0.479967     0.481791
 -0.00631452    -0.479967    -0.481791
   -0.478432    -0.293979     0.481791
   -0.478432    -0.293979    -0.481791
    0.378505    0.0322711     0.481791
    0.378505    0.0322711    -0.481791
   -0.739327    -0.654843     0.481791
   -0.739327    -0.654843    -0.481791
    0.476402    -0.682931     0.481791
    0.476402    -0.682931    -0.481791
    0.570868    -0.533095     0.481791
    0.570868    -0.533095    -0.481791
   -0.627922     0.751079     0.304008
   -0.627922    -0.751079     0.304008
    0.397429      0.44375     0.481791
    0.397429      0.44375    -0.481791
    0.484347    -0.603997     0.481791
    0.484347    -0.603997    -0.481791
     0.27208    -0.567638     0.481791
     0.27208    -0.567638    -0.481791
     0.72118    -0.721112     0.481791
     0.72118    -0.721112    -0.481791
    0.504924    -0.688552     0.481791
    0.504924    -0.688552    -0.481791
    0.262381     0.751079     -0.40593
    0.262381    -0.751079     -0.40593
     1.13051    0.0871152     0.389436
    -1.13051    0.0871152     0.389436
   -0.282356    -0.198955     0.481791
   -0.282356    -0.198955    -0.481791
    0.480943     0.199898     0.481791
    0.480943     0.199898    -0.481791
    0.114348    0.0842863     0.481791
    0.114348    0.0842863    -0.481791
    -1.05965     0.407429     0.481791
    -1.05965     0.407429    -0.481791
   -0.303236     0.290722     0.481791
   -0.303236     0.290722    -0.481791
     0.87888     0.504847     0.481791
     0.87888     0.504847    -0.481791
    0.285335     0.177513     0.481791
    0.285335     0.177513    -0.481791
   0.0156651    -0.751079     0.245089
   0.0156651     0.751079     0.245089
     1.06854    -0.631435     0.481791
     1.06854    -0.631435    -0.481791
   -0.813653    -0.436699     0.481791
   -0.813653    -0.436699    -0.481791
   -0.451241    -0.175523     0.481791
   -0.451241    -0.175523    -0.481791
    0.416984    0.0826613     0.481791
    0.416984    0.0826613    -0.481791
     1.10901   -0.0775032     0.481791
     1.10901   -0.0775032    -0.481791
     0.19094    -0.259828     0.481791
     0.19094    -0.259828    -0.481791
    -1.13051    -0.232339     0.436054
     1.13051    -0.232339     0.436054
   -0.459219    -0.334407     0.481791
   -0.459219    -0.334407    -0.481791
     1.10158    -0.421672     0.481791
     1.10158    -0.421672    -0.481791
    -1.13051    -0.120277     0.430236
     1.13051    -0.120277     0.430236
   -0.250093   -0.0917561     0.481791
   -0.250093   -0.0917561    -0.481791
    0.640578    -0.171223     0.481791
    0.640578    -0.171223    -0.481791
    -1.04561   -0.0866611     0.481791
    -1.04561   -0.0866611    -0.481791
    0.335205    -0.324908     0.481791
    0.335205    -0.324908    -0.481791
   -0.666372     0.742502    -0.266236
   -0.666372    -0.759656    -0.266236
     -0.6767     0.742502    -0.267432
     -0.6767    -0.759656    -0.267432
   -0.265757     0.611261     -0.18275
     1.99527     0.611261     -0.18275
   -0.828434    -0.751079    -0.126753
   -0.828434     0.751079    -0.126753
     1.04554     0.400251    -0.161106
     1.04554      1.90241    -0.161106
  -0.0571536    -0.751079    -0.237963
  -0.0571536     0.751079    -0.237963
   -0.227331     0.400251    -0.202634
   -0.227331      1.90241    -0.202634
   -0.584628    -0.751079    -0.298441
   -0.584628     0.751079    -0.298441
    0.228726    -0.751079    -0.209768
    0.228726     0.751079    -0.209768
     13.8595    -0.751079    -0.179164
     13.8595     0.751079    -0.179164
    -1.13051    -0.397834    -0.302134
     1.13051    -0.397834    -0.302134
    -1.13051     -0.27512    -0.308316
     1.13051     -0.27512    -0.308316
     1.13051    -0.683176    -0.267475
    -1.13051    -0.683176    -0.267475
     1.13051    -0.615107    -0.244183
    -1.13051    -0.615107    -0.244183
     1.13051    -0.441355     -0.33149
    -1.13051    -0.441355     -0.33149
     1.13051    -0.609867    -0.327222
    -1.13051    -0.609867    -0.327222
     1.13051    -0.402363    -0.326539
    -1.13051    -0.402363    -0.326539
     1.13051    -0.474115     -0.33333
    -1.13051    -0.474115     -0.33333
     2.39975    -0.426821     -0.34796
     2.39975      1.07534     -0.34796
     1.58868     0.660427   -0.0854258
     1.58868      2.16259   -0.0854258
    -0.28627    -0.751079    -0.170674
    -0.28627     0.751079    -0.170674
     1.13051     0.645971    -0.186751
    -1.13051     0.645971    -0.186751
     1.13051     0.719288    -0.161303
    -1.13051     0.719288    -0.161303
     1.13051     0.479133    -0.130267
    -1.13051     0.479133    -0.130267
     1.13051     0.212112    -0.126834
    -1.13051     0.212112    -0.126834
    -1.00598     0.630693    -0.155001
    -1.00598    -0.871465    -0.155001
     1.13051     0.624636    -0.158013
    -1.13051     0.624636    -0.158013
     1.13051     0.567993    -0.149509
    -1.13051     0.567993    -0.149509
     1.13051     0.737736     -0.19896
    -1.13051     0.737736     -0.19896
   -0.253166     0.630693    -0.145775
   -0.253166    -0.871465    -0.145775
     1.13051     0.521775    -0.183245
    -1.13051     0.521775    -0.183245
     1.13051     0.711953    -0.127626
    -1.13051     0.711953    -0.127626
    0.861682     0.751079    -0.132378
    0.861682    -0.751079    -0.132378
     1.13051     -0.66592    -0.206805
    -1.13051     -0.66592    -0.206805
    0.558807     0.751079    -0.217366
    0.558807    -0.751079    -0.217366
   -0.610445     0.751079    -0.210877
   -0.610445    -0.751079    -0.210877
     0.93513     0.205324    -0.481791
     0.93513     0.205324     0.481791
   0.0449545     0.751079     -0.18445
   0.0449545    -0.751079     -0.18445
   -0.182761     0.751079    -0.246856
   -0.182761    -0.751079    -0.246856
   -0.699222     0.751079    -0.220336
   -0.699222    -0.751079    -0.220336
     1.13051    -0.350632    -0.214299
    -1.13051    -0.350632    -0.214299
     1.13051    -0.304362    -0.243477
    -1.13051    -0.304362    -0.243477
     1.13051    -0.429265    -0.223188
    -1.13051    -0.429265    -0.223188
    -1.13051    -0.399194    -0.152105
     1.13051    -0.399194    -0.152105
    -1.13051    -0.157044    -0.153763
     1.13051    -0.157044    -0.153763
   -0.482456    -0.727496    -0.481791
   -0.482456    -0.727496     0.481791
   -0.357751    -0.639792    -0.481791
   -0.357751    -0.639792     0.481791
   -0.788374     0.751079    -0.338324
   -0.788374    -0.751079    -0.338324
     1.13051    -0.541903    -0.223135
    -1.13051    -0.541903    -0.223135
     1.13051    -0.637096    -0.272778
    -1.13051    -0.637096    -0.272778
     1.13051    -0.380611    -0.272062
    -1.13051    -0.380611    -0.272062
     1.13051    -0.469725    -0.283827
    -1.13051    -0.469725    -0.283827
     1.13051    -0.553473    -0.244202
    -1.13051    -0.553473    -0.244202
   0.0490052     0.751079    -0.319414
   0.0490052    -0.751079    -0.319414
    0.416706     0.751079    -0.345636
    0.416706    -0.751079    -0.345636
     1.13051   -0.0972879    -0.296889
    -1.13051   -0.0972879    -0.296889
     1.13051     0.185667    -0.272331
    -1.13051     0.185667    -0.272331
     1.13051    -0.123477    -0.300729
    -1.13051    -0.123477    -0.300729
     1.13051   -0.0567904    -0.332623
    -1.13051   -0.0567904    -0.332623
     0.90583    -0.570254    -0.247437
     0.90583     0.931904    -0.247437
    -1.13051     0.646621    -0.286969
     1.13051     0.646621    -0.286969
    -1.13051     0.437008    -0.270675
     1.13051     0.437008    -0.270675
      1.5621       0.2337    -0.240296
      1.5621      1.73586    -0.240296
     1.08206       0.2337   -0.0567642
     1.08206      1.73586   -0.0567642
   -0.302204    -0.751079    -0.281596
   -0.302204     0.751079    -0.281596
    -1.13051     0.486785    -0.271401
     1.13051     0.486785    -0.271401
    -0.87146    -0.688006    -0.298816
    -0.87146     0.814152    -0.298816
   -0.625222     0.751079    -0.321863
   -0.625222    -0.751079    -0.321863
    0.589546     0.751079    -0.326963
    0.589546    -0.751079    -0.326963
     1.13051     0.219726    -0.252417
    -1.13051     0.219726    -0.252417
    -1.13051     0.416486    -0.211308
     1.13051     0.416486    -0.211308
     3.01338     0.121703     0.198522
     3.01338     -1.38045     0.198522
     -1.0148     0.751079    -0.283081
     -1.0148    -0.751079    -0.283081
   -0.753468     0.751079    -0.252986
   -0.753468    -0.751079    -0.252986
    0.171489     0.751079    -0.297806
    0.171489    -0.751079    -0.297806
   0.0457465     0.751079     0.144754
   0.0457465    -0.751079     0.144754
    -1.13051     0.587633   -0.0439596
     1.13051     0.587633   -0.0439596
     1.13051    -0.598932     0.125693
    -1.13051    -0.598932     0.125693
    -1.13051     0.740055   -0.0268473
     1.13051     0.740055   -0.0268473
     1.13051    -0.692261     0.133879
    -1.13051    -0.692261     0.133879
     1.13051    -0.715062     0.143147
    -1.13051    -0.715062     0.143147
    0.766766     0.751079     0.132668
    0.766766    -0.751079     0.132668
     1.13051      0.49251    -0.023944
    -1.13051      0.49251    -0.023944
    -1.13051    -0.680937   -0.0582392
     1.13051    -0.680937   -0.0582392
    0.372312     0.751079     0.109527
    0.372312    -0.751079     0.109527
    0.601361     0.751079     0.112679
    0.601361    -0.751079     0.112679
    -1.13051    -0.680937   -0.0582392
     1.13051    -0.680937   -0.0582392
     1.13051   -0.0813706     0.223602
    -1.13051   -0.0813706     0.223602
     1.13051     0.656339     0.118138
    -1.13051     0.656339     0.118138
    -1.13051      0.70523   -0.0622922
     1.13051      0.70523   -0.0622922
   -0.803133    -0.751079   -0.0763232
   -0.803133     0.751079   -0.0763232
   -0.829185    -0.751079   -0.0714988
   -0.829185     0.751079   -0.0714988
     1.13051     0.692441     0.114293
    -1.13051     0.692441     0.114293
     1.13051     0.678089     0.115833
    -1.13051     0.678089     0.115833
    -1.13051    -0.730711   -0.0219473
     1.13051    -0.730711   -0.0219473
   0.0985669    -0.751079     0.138843
   0.0985669     0.751079     0.138843
    -1.13051    -0.642678   -0.0238802
     1.13051    -0.642678   -0.0238802
    0.781176    -0.751079     0.125727
    0.781176     0.751079     0.125727
   -0.685047     0.751079   -0.0728948
   -0.685047    -0.751079   -0.0728948
   -0.889929    -0.568721   -0.0800465
   -0.889929     0.933437   -0.0800465
     1.13051    -0.542697       0.1388
    -1.13051    -0.542697       0.1388
     1.13051    -0.356821   -0.0377879
    -1.13051    -0.356821   -0.0377879
     1.13051     0.719207   -0.0174351
    -1.13051     0.719207   -0.0174351
    0.133465     0.751079  0.000267711
    0.133465    -0.751079  0.000267711
     1.05852     0.751079  0.000247034
     1.05852    -0.751079  0.000247034
    -1.13051     0.738719  0.000244099
     1.13051     0.738719  0.000244099
    0.284103     0.751079  0.000283642
    0.284103    -0.751079  0.000283642
    -1.13051    -0.594832   0.00337808
     1.13051    -0.594832   0.00337808
    -1.13051    -0.530377  0.000346361
     1.13051    -0.530377  0.000346361
    -1.13051    -0.583544  0.000305402
     1.13051    -0.583544  0.000305402
    -1.13051    -0.739512  0.000349617
     1.13051    -0.739512  0.000349617
    -1.13051     0.726811  0.000392837
     1.13051     0.726811  0.000392837
     1.13051    -0.231079  0.000632482
    -1.13051    -0.231079  0.000632482
     1.13051    -0.463929  0.000505346
    -1.13051    -0.463929  0.000505346
     1.13051   -0.0594958  0.000519911
    -1.13051   -0.0594958  0.000519911
     1.13051    -0.420167  0.000532592
    -1.13051    -0.420167  0.000532592
     1.13051    -0.209704  0.000540017
    -1.13051    -0.209704  0.000540017
     1.13051     -0.36421  0.000658768
    -1.13051     -0.36421  0.000658768
     1.13051    -0.378029  0.000691854
    -1.13051    -0.378029  0.000691854
     1.13051    -0.508805  5.43309e-06
    -1.13051    -0.508805  5.43309e-06
     1.13051    -0.416275  0.000477075
    -1.13051    -0.416275  0.000477075
     1.13051    -0.117538  0.000509682
    -1.13051    -0.117538  0.000509682
     1.13051    -0.365925  0.000659292
    -1.13051    -0.365925  0.000659292
     0.98607    -0.751079  0.000469561
     0.98607     0.751079  0.000469561
    -0.85609    -0.751079    0.0014191
    -0.85609     0.751079    0.0014191
    0.595483    -0.751079  0.000468403
    0.595483     0.751079  0.000468403
   -0.427868    -0.751079  0.000756322
   -0.427868     0.751079  0.000756322
   -0.593512    -0.751079  0.000649697
   -0.593512     0.751079  0.000649697
   -0.690121    -0.751079   0.00118334
   -0.690121     0.751079   0.00118334
  0.00323509     0.751079   0.00103413
  0.00323509    -0.751079   0.00103413
     0.17831     0.751079   0.00112321
     0.17831    -0.751079   0.00112321
   -0.281602     0.751079   0.00101794
   -0.281602    -0.751079   0.00101794
  -0.0353678     0.751079   0.00111721
  -0.0353678    -0.751079   0.00111721
   0.0825146    -0.751079  -0.00133421
   0.0825146     0.751079  -0.00133421
    -1.13051      0.74655  -0.00122512
     1.13051      0.74655  -0.00122512
    -1.07772    -0.751079  -0.00120955
    -1.07772     0.751079  -0.00120955
    -1.13051    -0.728548 -0.000852622
     1.13051    -0.728548 -0.000852622
    0.663751    -0.751079 -0.000871515
    0.663751     0.751079 -0.000871515
    -1.13051    -0.687496 -0.000474207
     1.13051    -0.687496 -0.000474207
    -1.13051     0.497461 -0.000840145
     1.13051     0.497461 -0.000840145
    -1.13051     0.723161  -0.00123872
     1.13051     0.723161  -0.00123872
    -1.13051     0.538699   -0.0011957
     1.13051     0.538699   -0.0011957
    0.889815    -0.751079  -0.00120193
    0.889815     0.751079  -0.00120193
    -1.13051    -0.724972  -0.00111049
     1.13051    -0.724972  -0.00111049
    -1.13051    -0.720523  -0.00207688
     1.13051    -0.720523  -0.00207688
     1.07153     0.751079 -2.23723e-05
     1.07153    -0.751079 -2.23723e-05
   -0.793859     0.751079  9.66788e-08
   -0.793859    -0.751079  9.66788e-08
   -0.811017     0.751079 -2.84302e-06
   -0.811017    -0.751079 -2.84302e-06
    0.879648    -0.368213   -0.0206179
    0.879648     -1.87037   -0.0206179
    -1.13051    -0.556387 -0.000104629
     1.13051    -0.556387 -0.000104629
    0.528078     0.751079 -4.37404e-05
    0.528078    -0.751079 -4.37404e-05
    0.150329     0.751079   -0.0010892
    0.150329    -0.751079   -0.0010892
    -1.02965     0.751079 -0.000310471
    -1.02965    -0.751079 -0.000310471
   -0.877182     0.751079 -6.01204e-05
   -0.877182    -0.751079 -6.01204e-05
      1.0383     0.751079 -4.18484e-05
      1.0383    -0.751079 -4.18484e-05
   -0.936733     0.751079 -3.59331e-05
   -0.936733    -0.751079 -3.59331e-05
   -0.551328     0.751079  0.000679334
   -0.551328    -0.751079  0.000679334
     1.13051    -0.108861  0.000785312
    -1.13051    -0.108861  0.000785312
     1.13051    -0.207902  0.000807649
    -1.13051    -0.207902  0.000807649
     1.13051    -0.237633  0.000632377
    -1.13051    -0.237633  0.000632377
     1.13051   -0.0264609  0.000719926
    -1.13051   -0.0264609  0.000719926
     1.13051     0.025165  0.000711467
    -1.13051     0.025165  0.000711467
    0.804362     0.751079   0.00082806
    0.804362    -0.751079   0.00082806
    0.979791     0.751079  0.000812543
    0.979791    -0.751079  0.000812543
     1.08579     0.751079  0.000809103
     1.08579    -0.751079  0.000809103
     0.73203     0.751079  0.000785419
     0.73203    -0.751079  0.000785419
    -1.13051     0.676394   0.00337459
     1.13051     0.676394   0.00337459
    -1.13051     0.557266   0.00317117
     1.13051     0.557266   0.00317117
    -1.13051     0.594462   0.00311621
     1.13051     0.594462   0.00311621
    -1.13051     0.482375 -0.000122543
     1.13051     0.482375 -0.000122543
   -0.181145    -0.751079  0.000351217
   -0.181145     0.751079  0.000351217
    0.604161    -0.751079 -0.000282367
    0.604161     0.751079 -0.000282367
    0.787788    -0.751079 -5.90538e-06
    0.787788     0.751079 -5.90538e-06
    0.442347    -0.751079  8.52005e-05
    0.442347     0.751079  8.52005e-05
  -0.0810407    -0.751079  0.000394511
  -0.0810407     0.751079  0.000394511
    0.603065    -0.751079  -7.6065e-05
    0.603065     0.751079  -7.6065e-05
   -0.798121     0.430987  1.29879e-05
   -0.798121     -1.07117  1.29879e-05
     1.13051     0.422038  0.000460633
    -1.13051     0.422038  0.000460633
     1.13051     0.629205 -0.000221225
    -1.13051     0.629205 -0.000221225
     1.13051     0.595139 -0.000506548
    -1.13051     0.595139 -0.000506548
   -0.987491    -0.751079  0.000604029
   -0.987491     0.751079  0.000604029
    0.623817    -0.751079  0.000673039
    0.623817     0.751079  0.000673039
   -0.745895    -0.751079  0.000547371
   -0.745895     0.751079  0.000547371
    0.865205    -0.751079  0.000648472
    0.865205     0.751079  0.000648472
    0.360583     0.069844  0.000634234
    -1.90045     0.069844  0.000634234
   -0.521681     0.751079  0.000485426
   -0.521681    -0.751079  0.000485426
     1.08585     0.751079  0.000629384
     1.08585    -0.751079  0.000629384
    -1.00902     0.751079  0.000672189
    -1.00902    -0.751079  0.000672189
    0.861633     0.751079  0.000679723
    0.861633    -0.751079  0.000679723
    0.997152     0.751079  0.000657172
    0.997152    -0.751079  0.000657172
   -0.327566     0.751079  0.000794564
   -0.327566    -0.751079  0.000794564
   -0.412651     0.751079   0.00076205
   -0.412651    -0.751079   0.00076205
   -0.479164     0.751079   0.00076053
   -0.479164    -0.751079   0.00076053
    0.076542     0.751079  0.000913089
    0.076542    -0.751079  0.000913089
    0.705727    -0.751079  0.000272731
    0.705727     0.751079  0.000272731
    0.248052    -0.751079  0.000287185
    0.248052     0.751079  0.000287185
    0.988199    -0.751079   0.00035952
    0.988199     0.751079   0.00035952
    0.733152    -0.751079  0.000326518
    0.733152     0.751079  0.000326518
   -0.821131    -0.751079   0.00129067
   -0.821131     0.751079   0.00129067
     1.13051     0.519191  0.000500702
    -1.13051     0.519191  0.000500702
     1.13051     0.383091  0.000580499
    -1.13051     0.383091  0.000580499
     1.13051     0.343356  0.000590465
    -1.13051     0.343356  0.000590465
     1.13051     0.651531 -8.60434e-05
    -1.13051     0.651531 -8.60434e-05
     0.27635    -0.751079 -1.52718e-05
     0.27635     0.751079 -1.52718e-05
   -0.551516    -0.751079    0.0015178
   -0.551516     0.751079    0.0015178
   -0.794463    -0.751079  0.000121772
   -0.794463     0.751079  0.000121772
     1.13051     0.441086 -6.84155e-05
    -1.13051     0.441086 -6.84155e-05
     1.13051     0.576272 -0.000247418
    -1.13051     0.576272 -0.000247418
   -0.897579    -0.751079 -7.00938e-05
   -0.897579     0.751079 -7.00938e-05
     1.13051    -0.698841 -4.38133e-05
    -1.13051    -0.698841 -4.38133e-05
     1.13051     0.639178   -0.0113568
    -1.13051     0.639178   -0.0113568
   0.0922559    -0.751079   -0.0195751
   0.0922559     0.751079   -0.0195751
     1.13051     0.502037 -6.91254e-05
    -1.13051     0.502037 -6.91254e-05
     1.13051      0.60285 -0.000167374
    -1.13051      0.60285 -0.000167374
   -0.718212    -0.751079   0.00428623
   -0.718212     0.751079   0.00428623
   -0.420113    -0.751079  1.46377e-05
   -0.420113     0.751079  1.46377e-05
     1.13051     0.579529 -8.44147e-05
    -1.13051     0.579529 -8.44147e-05
    0.770349    -0.751079  0.000135793
    0.770349     0.751079  0.000135793
    0.261946     0.751079  0.000720203
    0.261946    -0.751079  0.000720203
    0.239204     0.751079  0.000845753
    0.239204    -0.751079  0.000845753
    0.934334     0.751079  0.000811283
    0.934334    -0.751079  0.000811283
    0.783307     0.751079  0.000748812
    0.783307    -0.751079  0.000748812
   -0.395401     0.751079  0.000692711
   -0.395401    -0.751079  0.000692711
  -0.0606535     0.751079  0.000841746
  -0.0606535    -0.751079  0.000841746
     1.13051    -0.225688   0.00110315
    -1.13051    -0.225688   0.00110315
     1.13051    -0.279414  0.000899467
    -1.13051    -0.279414  0.000899467
     1.13051    -0.151259   0.00119784
    -1.13051    -0.151259   0.00119784
     1.13051   0.00182761   0.00099739
    -1.13051   0.00182761   0.00099739
     1.13051     -0.14655   0.00105442
    -1.13051     -0.14655   0.00105442
    -1.13051     -0.65616  0.000478049
     1.13051     -0.65616  0.000478049
    -1.13051    -0.684977  0.000266847
     1.13051    -0.684977  0.000266847
    -1.13051     0.641385  0.000370434
     1.13051     0.641385  0.000370434
    -1.13051    -0.607378  0.000528971
     1.13051    -0.607378  0.000528971
    -1.13051     0.153063  0.000545554
     1.13051     0.153063  0.000545554
     1.13051     0.706795 -0.000809082
    -1.13051     0.706795 -0.000809082
   -0.290667     0.693322    0.0020345
   -0.290667    -0.808836    0.0020345
   -0.439558     0.693322   0.00206227
   -0.439558    -0.808836   0.00206227
     1.13051    -0.649377   0.00143869
    -1.13051    -0.649377   0.00143869
     1.13051    -0.727682   0.00172558
    -1.13051    -0.727682   0.00172558
     1.13051    -0.731665  -0.00748984
    -1.13051    -0.731665  -0.00748984
     1.13051      0.71418   0.00194297
    -1.13051      0.71418   0.00194297
     1.13051      0.73345   0.00187807
    -1.13051      0.73345   0.00187807
    -1.13051    -0.423941   0.00015334
     1.13051    -0.423941   0.00015334
    0.294673     0.751079  0.000157329
    0.294673    -0.751079  0.000157329
    0.784184     0.751079  0.000103016
    0.784184    -0.751079  0.000103016
     1.03651     0.751079  0.000142592
     1.03651    -0.751079  0.000142592
    -1.13051     -0.44418  0.000165807
     1.13051     -0.44418  0.000165807
    0.118084    -0.751079  0.000508263
    0.118084     0.751079  0.000508263
    0.257747    -0.751079  0.000527251
    0.257747     0.751079  0.000527251
   -0.845253    -0.751079   0.00126295
   -0.845253     0.751079   0.00126295
    0.314683    -0.751079  0.000951766
    0.314683     0.751079  0.000951766
    -0.28305    -0.751079  0.000457662
    -0.28305     0.751079  0.000457662
   0.0882993    -0.751079  0.000460747
   0.0882993     0.751079  0.000460747
    0.138158    -0.751079  0.000460456
    0.138158     0.751079  0.000460456
   -0.821939    -0.751079   0.00115753
   -0.821939     0.751079   0.00115753
    -1.13051    -0.596004   0.00055582
     1.13051    -0.596004   0.00055582
    -1.13051    -0.664012  0.000344096
     1.13051    -0.664012  0.000344096
    -1.13051     0.732676  0.000465858
     1.13051     0.732676  0.000465858
    -1.13051    -0.523231  0.000619804
     1.13051    -0.523231  0.000619804
     1.13051     0.345248  0.000617877
    -1.13051     0.345248  0.000617877
     1.13051     0.457963  0.000595459
    -1.13051     0.457963  0.000595459
     1.13051    -0.672028  -0.00946199
    -1.13051    -0.672028  -0.00946199
   -0.311001     0.751079   -0.0106521
   -0.311001    -0.751079   -0.0106521
   -0.836687     0.751079   -0.0108756
   -0.836687    -0.751079   -0.0108756
     1.13051     0.726373   -0.0104211
    -1.13051     0.726373   -0.0104211
     1.13051    -0.698277    -0.009354
    -1.13051    -0.698277    -0.009354
     1.13051     0.672629  -0.00973113
    -1.13051     0.672629  -0.00973113
     1.13051    -0.645776   -0.0086644
    -1.13051    -0.645776   -0.0086644
     1.13051    -0.707803  -0.00979222
    -1.13051    -0.707803  -0.00979222
   -0.834198    -0.751079  0.000566432
   -0.834198     0.751079  0.000566432
    -1.11265    -0.751079  0.000298316
    -1.11265     0.751079  0.000298316
    -1.13051     0.250512  0.000636132
     1.13051     0.250512  0.000636132
    -1.13051     0.218556  0.000645179
     1.13051     0.218556  0.000645179
    -1.13051    0.0562948  0.000661054
     1.13051    0.0562948  0.000661054
    -1.13051    -0.118303  0.000705253
     1.13051    -0.118303  0.000705253
    -1.13051     0.191109  0.000653079
     1.13051     0.191109  0.000653079
    -1.13051   -0.0870365  0.000667025
     1.13051   -0.0870365  0.000667025
    -1.13051   -0.0424347  0.000638089
     1.13051   -0.0424347  0.000638089
    -1.13051    -0.139927   0.00065223
     1.13051    -0.139927   0.00065223
    -1.13051     0.191863  0.000609574
     1.13051     0.191863  0.000609574
    -1.13051     0.618773  -0.00713875
     1.13051     0.618773  -0.00713875
    -1.13051     0.644186  -0.00411062
     1.13051     0.644186  -0.00411062
     1.13051    -0.131228  0.000788435
    -1.13051    -0.131228  0.000788435
     1.13051    -0.169626  0.000846509
    -1.13051    -0.169626  0.000846509
    -1.13051    -0.468875  0.000206552
     1.13051    -0.468875  0.000206552
    0.187549     0.751079  0.000192844
    0.187549    -0.751079  0.000192844
    0.682634     0.751079    0.0001403
    0.682634    -0.751079    0.0001403
    -1.13051    -0.681355  0.000167989
     1.13051    -0.681355  0.000167989
   -0.806297     0.751079  0.000161225
   -0.806297    -0.751079  0.000161225
    0.371715     0.751079   0.00021851
    0.371715    -0.751079   0.00021851
    -1.13051     -0.46976  0.000233353
     1.13051     -0.46976  0.000233353
    -1.13051    -0.498449  0.000224668
     1.13051    -0.498449  0.000224668
     1.00683     0.751079  5.36176e-06
     1.00683    -0.751079  5.36176e-06
     1.13051     0.479737  0.000599142
    -1.13051     0.479737  0.000599142
     1.13051     0.405434  0.000645615
    -1.13051     0.405434  0.000645615
     1.13051     0.409325   0.00064635
    -1.13051     0.409325   0.00064635
     1.13051      -0.7326  0.000256333
    -1.13051      -0.7326  0.000256333
     1.01095     0.751079  0.000254577
     1.01095    -0.751079  0.000254577
     1.13051    -0.553449  0.000297769
    -1.13051    -0.553449  0.000297769
     1.13051    -0.675127 -0.000534365
    -1.13051    -0.675127 -0.000534365
    0.460427     0.751079 -0.000924015
    0.460427    -0.751079 -0.000924015
     1.13051    -0.589182   0.00022571
    -1.13051    -0.589182   0.00022571
  0.00280581     0.751079  0.000229585
  0.00280581    -0.751079  0.000229585
     1.13051    -0.597227  0.000449589
    -1.13051    -0.597227  0.000449589
    0.716109     0.751079  0.000780933
    0.716109    -0.751079  0.000780933
   0.0501434    -0.751079  0.000684402
   0.0501434     0.751079  0.000684402
    0.183308    -0.751079  0.000968067
    0.183308     0.751079  0.000968067
   -0.930458     0.671644  0.000481917
   -0.930458    -0.830514  0.000481917
   -0.821306     0.671644  0.000319865
   -0.821306    -0.830514  0.000319865
   -0.746361     0.671644  0.000477979
   -0.746361    -0.830514  0.000477979
    -1.13051     0.433055  0.000175694
     1.13051     0.433055  0.000175694
    -1.13051    -0.441206  0.000923739
     1.13051    -0.441206  0.000923739
     1.13051    0.0483387  0.000759508
    -1.13051    0.0483387  0.000759508
     1.13051     0.428217  0.000679212
    -1.13051     0.428217  0.000679212
     1.13051     0.195623  0.000565357
    -1.13051     0.195623  0.000565357
     1.13051     0.118915  0.000601661
    -1.13051     0.118915  0.000601661
     1.13051     0.415955  0.000509148
    -1.13051     0.415955  0.000509148
     1.13051     0.380044  0.000504323
    -1.13051     0.380044  0.000504323
    -1.13051  -0.00735037  0.000635135
     1.13051  -0.00735037  0.000635135
    -1.13051    0.0537197  0.000489899
     1.13051    0.0537197  0.000489899
    0.785114    -0.751079  0.000530522
    0.785114     0.751079  0.000530522
   -0.358562    -0.485554   0.00151357
   -0.358562       1.0166   0.00151357
     1.13051     -0.60299  0.000556376
    -1.13051     -0.60299  0.000556376
    0.263677    -0.485554  0.000406091
    0.263677       1.0166  0.000406091
     1.13051    -0.151438  0.000781751
    -1.13051    -0.151438  0.000781751
     1.13051   -0.0781584  0.000619845
    -1.13051   -0.0781584  0.000619845
     1.13051     -0.14684  0.000611682
    -1.13051     -0.14684  0.000611682
     1.13051   -0.0122806  0.000567254
    -1.13051   -0.0122806  0.000567254
   -0.624615     0.751079   0.00165182
   -0.624615    -0.751079   0.00165182
    0.916941     0.751079   0.00166389
    0.916941    -0.751079   0.00166389
   -0.794249     0.751079   0.00183759
   -0.794249    -0.751079   0.00183759
     1.13051    -0.573284   0.00158232
    -1.13051    -0.573284   0.00158232
    0.103417     0.751079  0.000314827
    0.103417    -0.751079  0.000314827
     1.13051    -0.538676   0.00217161
    -1.13051    -0.538676   0.00217161
   -0.621659     0.751079   0.00155725
   -0.621659    -0.751079   0.00155725
   -0.880011     0.751079  -0.00942668
   -0.880011    -0.751079  -0.00942668
     1.13051     0.442649  0.000679825
    -1.13051     0.442649  0.000679825
     1.13051      0.41013  0.000688458
    -1.13051      0.41013  0.000688458
    0.865483     0.751079  0.000288264
    0.865483    -0.751079  0.000288264
   -0.866974     0.751079  0.000361819
   -0.866974    -0.751079  0.000361819
    0.584831     0.751079   0.00035132
    0.584831    -0.751079   0.00035132
     -1.0426     0.751079  0.000349788
     -1.0426    -0.751079  0.000349788
     1.08477     0.751079  0.000167603
     1.08477    -0.751079  0.000167603
    0.556942    -0.751079    0.0044078
    0.556942     0.751079    0.0044078
    0.250323    -0.751079   0.00100283
    0.250323     0.751079   0.00100283
    0.659756    -0.751079  0.000857106
    0.659756     0.751079  0.000857106
   -0.457569    -0.751079  0.000864849
   -0.457569     0.751079  0.000864849
   -0.506478    -0.751079  0.000772053
   -0.506478     0.751079  0.000772053
    -0.80613     0.751079  0.000584917
    -0.80613    -0.751079  0.000584917
    0.921655     0.751079  0.000761712
    0.921655    -0.751079  0.000761712
    0.927786     0.751079  0.000751933
    0.927786    -0.751079  0.000751933
     0.74941     0.751079  0.000695314
     0.74941    -0.751079  0.000695314
   -0.646202     0.751079  0.000495151
   -0.646202    -0.751079  0.000495151
   -0.444465     0.751079 -0.000472519
   -0.444465    -0.751079 -0.000472519
     1.10448    -0.490207   0.00080474
    -1.15654    -0.490207   0.00080474
    0.142458     0.751079  0.000771796
    0.142458    -0.751079  0.000771796
   -0.114474     0.751079 -0.000538026
   -0.114474    -0.751079 -0.000538026
    -1.13051    -0.695377  -0.00833124
     1.13051    -0.695377  -0.00833124
    -1.13051    -0.614456  0.000365214
     1.13051    -0.614456  0.000365214
    0.571706    -0.751079 -8.90163e-05
    0.571706     0.751079 -8.90163e-05
    0.779691    -0.751079  0.000233698
    0.779691     0.751079  0.000233698
   0.0983876    -0.751079  0.000665725
   0.0983876     0.751079  0.000665725
   -0.700999    -0.751079  0.000427857
   -0.700999     0.751079  0.000427857
     1.13051    -0.658644  1.42299e-05
    -1.13051    -0.658644  1.42299e-05
     1.13051     0.666374 -0.000136023
    -1.13051     0.666374 -0.000136023
     1.13051     0.745042 -0.000204931
    -1.13051     0.745042 -0.000204931
   -0.596845    -0.751079 -0.000188471
   -0.596845     0.751079 -0.000188471
     1.13051    -0.260076  0.000872335
    -1.13051    -0.260076  0.000872335
  -0.0262479    -0.751079 -0.000405467
  -0.0262479     0.751079 -0.000405467
    -1.13051     0.644943 -0.000307808
     1.13051     0.644943 -0.000307808
    -1.13051    -0.588478 -9.79482e-05
     1.13051    -0.588478 -9.79482e-05
  0.00616378    -0.751079 -0.000377407
  0.00616378     0.751079 -0.000377407
    -1.13051    -0.667839  -0.00118661
     1.13051    -0.667839  -0.00118661
     1.13051     0.400536 -0.000112861
    -1.13051     0.400536 -0.000112861
     1.13051    0.0984443 -0.000174488
    -1.13051    0.0984443 -0.000174488
     1.13051     0.189339 -0.000291776
    -1.13051     0.189339 -0.000291776
     1.13051     0.384637 -0.000329914
    -1.13051     0.384637 -0.000329914
     1.13051     0.356477 -0.000241705
    -1.13051     0.356477 -0.000241705
     1.13051     0.472951 -0.000296271
    -1.13051     0.472951 -0.000296271
     1.13051     0.499145  0.000152295
    -1.13051     0.499145  0.000152295
    0.128523    -0.751079   -0.0316664
    0.128523     0.751079   -0.0316664
     1.13051      0.51364  0.000112317
    -1.13051      0.51364  0.000112317
    -1.09232    -0.751079   0.00024874
    -1.09232     0.751079   0.00024874
   0.0679305    -0.751079  0.000681561
   0.0679305     0.751079  0.000681561
    0.403293    -0.751079  0.000747459
    0.403293     0.751079  0.000747459
    0.284807    -0.751079   0.00111952
    0.284807     0.751079   0.00111952
    0.738357    -0.751079  0.000701017
    0.738357     0.751079  0.000701017
    0.779705    -0.751079  0.000769429
    0.779705     0.751079  0.000769429
   -0.710804    -0.751079   0.00474418
   -0.710804     0.751079   0.00474418
     0.68494    -0.751079  0.000595008
     0.68494     0.751079  0.000595008
   -0.946624    -0.751079   0.00154273
   -0.946624     0.751079   0.00154273
   -0.696671    -0.751079  0.000471605
   -0.696671     0.751079  0.000471605
   -0.322274    -0.751079  0.000432485
   -0.322274     0.751079  0.000432485
    0.929523    -0.751079  0.000570101
    0.929523     0.751079  0.000570101
    -1.13051    -0.567214  -0.00060266
     1.13051    -0.567214  -0.00060266
    -0.14074     0.751079 -0.000505561
    -0.14074    -0.751079 -0.000505561
   -0.102674     0.751079  -0.00165929
   -0.102674    -0.751079  -0.00165929
    -1.13051     -0.62704 -0.000538694
     1.13051     -0.62704 -0.000538694
   -0.703461     0.751079 -0.000448997
   -0.703461    -0.751079 -0.000448997
    -1.01298     0.751079 -0.000121659
    -1.01298    -0.751079 -0.000121659
   -0.829992    -0.751079    0.0011551
   -0.829992     0.751079    0.0011551
   -0.452838    -0.751079  0.000563846
   -0.452838     0.751079  0.000563846
   -0.600063    -0.751079   0.00125101
   -0.600063     0.751079   0.00125101
    0.419588    -0.751079   0.00042026
    0.419588     0.751079   0.00042026
     1.13051    -0.555837  0.000588521
    -1.13051    -0.555837  0.000588521
   -0.237073     0.751079  0.000579557
   -0.237073    -0.751079  0.000579557
    0.355427     0.751079  0.000888566
    0.355427    -0.751079  0.000888566
    0.329986     0.751079  0.000706161
    0.329986    -0.751079  0.000706161
    0.476536     0.751079    0.0002586
    0.476536    -0.751079    0.0002586
    -1.00882     0.751079  0.000258427
    -1.00882    -0.751079  0.000258427
     1.09236     0.751079  3.98654e-05
     1.09236    -0.751079  3.98654e-05
     1.13051    -0.733867 -0.000718213
    -1.13051    -0.733867 -0.000718213
     1.13051    -0.614158 -1.80255e-05
    -1.13051    -0.614158 -1.80255e-05
     1.13051    -0.697738 -0.000102298
    -1.13051    -0.697738 -0.000102298
     1.13051    -0.657883  -0.00020911
    -1.13051    -0.657883  -0.00020911
     1.13051    -0.677799  -3.2474e-05
    -1.13051    -0.677799  -3.2474e-05
     1.13051    -0.596177 -2.02509e-05
    -1.13051    -0.596177 -2.02509e-05
    -1.13051      0.52177  -0.00248289
     1.13051      0.52177  -0.00248289
    -1.13051     0.578657   -0.0120254
     1.13051     0.578657   -0.0120254
    0.216923    -0.751079   -0.0344549
    0.216923     0.751079   -0.0344549
    -1.13051     0.707865  -0.00249769
     1.13051     0.707865  -0.00249769
   -0.826126    -0.751079  -0.00227564
   -0.826126     0.751079  -0.00227564
   -0.297735    -0.751079  -0.00116582
   -0.297735     0.751079  -0.00116582
    -1.13051     0.719546   -0.0033935
     1.13051     0.719546   -0.0033935
   -0.883146     0.574103  0.000242506
   -0.883146    -0.928055  0.000242506
   -0.738929    -0.751079    0.0044485
   -0.738929     0.751079    0.0044485
   -0.778347    -0.751079  0.000762052
   -0.778347     0.751079  0.000762052
  -0.0729212    -0.751079  -9.3593e-05
  -0.0729212     0.751079  -9.3593e-05
    0.726737    -0.751079 -0.000483172
    0.726737     0.751079 -0.000483172
    -1.13051    -0.376116   0.00119455
     1.13051    -0.376116   0.00119455
    0.413182     0.751079   0.00706972
    0.413182    -0.751079   0.00706972
    0.589109     0.751079   0.00719744
    0.589109    -0.751079   0.00719744
    -1.13051    -0.626956   -0.0279996
     1.13051    -0.626956   -0.0279996
    -1.13051    -0.566842   -0.0314002
     1.13051    -0.566842   -0.0314002
    -1.13051    -0.626883   -0.0361074
     1.13051    -0.626883   -0.0361074
    -1.13051     0.734028   -0.0351871
     1.13051     0.734028   -0.0351871
    -1.13051     0.704488   -0.0283316
     1.13051     0.704488   -0.0283316
   -0.656496     0.751079   0.00229424
   -0.656496    -0.751079   0.00229424
     0.48487     0.651194   0.00113853
     0.48487    -0.850964   0.00113853
    0.591512     0.651194   0.00112784
    0.591512    -0.850964   0.00112784
    0.627405    -0.751079   0.00096529
    0.627405     0.751079   0.00096529
   -0.368359    -0.751079  0.000960198
   -0.368359     0.751079  0.000960198
    0.644513    -0.751079  0.000904679
    0.644513     0.751079  0.000904679
    -1.13051    -0.697846  -0.00043357
     1.13051    -0.697846  -0.00043357
     1.13051    -0.345492  0.000603384
    -1.13051    -0.345492  0.000603384
     1.13051   -0.0428403  0.000646016
    -1.13051   -0.0428403  0.000646016
     1.13051    -0.230026  0.000701165
    -1.13051    -0.230026  0.000701165
     1.13051     -0.10313  0.000660385
    -1.13051     -0.10313  0.000660385
     1.13051    -0.288021   0.00078856
    -1.13051    -0.288021   0.00078856
     1.13051     0.591896 -7.88053e-05
    -1.13051     0.591896 -7.88053e-05
     1.13051     0.695416  3.57036e-05
    -1.13051     0.695416  3.57036e-05
     1.13051     0.577684 -2.93355e-05
    -1.13051     0.577684 -2.93355e-05
    -1.11173    -0.751079  0.000179315
    -1.11173     0.751079  0.000179315
   -0.344661     0.751079   0.00104492
   -0.344661    -0.751079   0.00104492
  -0.0553771     0.751079   0.00116128
  -0.0553771    -0.751079   0.00116128
    -1.13051    -0.676059   0.00012727
     1.13051    -0.676059   0.00012727
    -1.13051     0.686414   0.00017237
     1.13051     0.686414   0.00017237
     1.13051     0.688637  0.000102947
    -1.13051     0.688637  0.000102947
    0.927851    -0.751079  0.000105507
    0.927851     0.751079  0.000105507
     1.13051     0.442482  0.000134233
    -1.13051     0.442482  0.000134233
   -0.588034    -0.751079  0.000233225
   -0.588034     0.751079  0.000233225
   -0.232955    -0.751079  0.000198491
   -0.232955     0.751079  0.000198491
    0.218667    -0.751079  0.000219501
    0.218667     0.751079  0.000219501
     1.07064    -0.751079  0.000926191
     1.07064     0.751079  0.000926191
    0.294128    -0.751079  0.000904034
    0.294128     0.751079  0.000904034
     1.13051    -0.414475  0.000618595
    -1.13051    -0.414475  0.000618595
     1.13051    -0.303905  0.000860734
    -1.13051    -0.303905  0.000860734
     1.13051    -0.312359  0.000736708
    -1.13051    -0.312359  0.000736708
     1.13051    -0.354684   0.00080037
    -1.13051    -0.354684   0.00080037
    -1.13051    -0.730547 -0.000485254
     1.13051    -0.730547 -0.000485254
    -1.13051    -0.592271   0.00255365
     1.13051    -0.592271   0.00255365
     0.78458    -0.560936 -3.04521e-05
     0.78458     0.941222 -3.04521e-05
    -1.04942     0.751079  0.000945594
    -1.04942    -0.751079  0.000945594
    0.642797     0.751079  0.000945451
    0.642797    -0.751079  0.000945451
   0.0342416     0.751079    0.0008977
   0.0342416    -0.751079    0.0008977
    0.639605    -0.751079   0.00013102
    0.639605     0.751079   0.00013102
     1.13051     0.581648   -0.0299034
    -1.13051     0.581648   -0.0299034
     1.13051      0.55953   -0.0220443
    -1.13051      0.55953   -0.0220443
     1.13051     0.539934   -0.0300252
    -1.13051     0.539934   -0.0300252
     1.13051      0.69541   -0.0300367
    -1.13051      0.69541   -0.0300367
    -1.13051     0.202022  0.000599913
     1.13051     0.202022  0.000599913
    0.864179     0.751079  0.000593899
    0.864179    -0.751079  0.000593899
   -0.884507     0.751079  0.000591215
   -0.884507    -0.751079  0.000591215
   -0.306783     0.751079  0.000739485
   -0.306783    -0.751079  0.000739485
    0.752731    -0.751079    0.0008237
    0.752731     0.751079    0.0008237
   -0.778326     0.751079    -0.013322
   -0.778326    -0.751079    -0.013322
    -1.13051     0.223955  0.000521541
     1.13051     0.223955  0.000521541
     1.13051     0.691286  0.000406215
    -1.13051     0.691286  0.000406215
    -1.13051     0.468896  0.000290794
     1.13051     0.468896  0.000290794
     1.13051     0.406415  0.000556808
    -1.13051     0.406415  0.000556808
   0.0581876     0.751079 -0.000966304
   0.0581876    -0.751079 -0.000966304
     1.13051    0.0949836  0.000626432
    -1.13051    0.0949836  0.000626432
    -1.13051    -0.471939  -8.5108e-05
     1.13051    -0.471939  -8.5108e-05
    0.318214     0.751079   0.00066436
    0.318214    -0.751079   0.00066436
    -1.13051    -0.554437  0.000287476
     1.13051    -0.554437  0.000287476
     1.13051    -0.306329  0.000569739
    -1.13051    -0.306329  0.000569739
     1.01027    -0.751079  0.000502908
     1.01027     0.751079  0.000502908
    0.787788    -0.751079 -5.90538e-06
    0.787788     0.751079 -5.90538e-06
    0.865205    -0.751079  0.000648472
    0.865205     0.751079  0.000648472
    0.887976    -0.751079  0.000310025
    0.887976     0.751079  0.000310025
     1.13051     0.549288 -2.68632e-06
    -1.13051     0.549288 -2.68632e-06
    0.276533     0.751079  0.000876631
    0.276533    -0.751079  0.000876631
    0.593715     0.751079  0.000892967
    0.593715    -0.751079  0.000892967
     1.13051   -0.0459071   0.00104074
    -1.13051   -0.0459071   0.00104074
    0.294673     0.751079  0.000157329
    0.294673    -0.751079  0.000157329
     0.61607     0.751079  0.000163753
     0.61607    -0.751079  0.000163753
    -1.13051    0.0603349  0.000628504
     1.13051    0.0603349  0.000628504
    -1.13051    -0.468875  0.000206552
     1.13051    -0.468875  0.000206552
    0.187549     0.751079  0.000192844
    0.187549    -0.751079  0.000192844
     1.13051      -0.7326  0.000256333
    -1.13051      -0.7326  0.000256333
     1.01095     0.751079  0.000254577
     1.01095    -0.751079  0.000254577
     1.13051    -0.553449  0.000297769
    -1.13051    -0.553449  0.000297769
     1.13051    -0.675127 -0.000534365
    -1.13051    -0.675127 -0.000534365
    0.460427     0.751079 -0.000924015
    0.460427    -0.751079 -0.000924015
     1.13051     0.215238  0.000548965
    -1.13051     0.215238  0.000548965
     1.13051   -0.0781584  0.000619845
    -1.13051   -0.0781584  0.000619845
      1.0925     0.751079  0.000376816
      1.0925    -0.751079  0.000376816
    0.432514    -0.751079  0.000803913
    0.432514     0.751079  0.000803913
    -1.01484     0.751079  0.000713218
    -1.01484    -0.751079  0.000713218
    -1.13051    -0.614456  0.000365214
     1.13051    -0.614456  0.000365214
    0.779691    -0.751079  0.000233698
    0.779691     0.751079  0.000233698
   -0.658713    -0.751079  0.000215249
   -0.658713     0.751079  0.000215249
    -0.32262    -0.751079  0.000184357
    -0.32262     0.751079  0.000184357
   -0.696671    -0.751079  0.000471605
   -0.696671     0.751079  0.000471605
    0.929523    -0.751079  0.000570101
    0.929523     0.751079  0.000570101
     1.13051    -0.614158 -1.80255e-05
    -1.13051    -0.614158 -1.80255e-05
    -1.13051    -0.452455   0.00118961
     1.13051    -0.452455   0.00118961
    0.462383    -0.751079  0.000943678
    0.462383     0.751079  0.000943678
     1.13051    -0.230026  0.000701165
    -1.13051    -0.230026  0.000701165
    0.224588    -0.751079  0.000162917
    0.224588     0.751079  0.000162917
   -0.232955    -0.751079  0.000198491
   -0.232955     0.751079  0.000198491
    0.642797     0.751079  0.000945451
    0.642797    -0.751079  0.000945451
    0.752731    -0.751079    0.0008237
    0.752731     0.751079    0.0008237
    -1.13051     0.356961  0.000501683
     1.13051     0.356961  0.000501683
     1.13051    -0.653277  0.000365386
    -1.13051    -0.653277  0.000365386
     1.13051     0.406415  0.000556808
    -1.13051     0.406415  0.000556808
     1.13051     0.527176  0.000526109
    -1.13051     0.527176  0.000526109
     1.13051    0.0949836  0.000626432
    -1.13051    0.0949836  0.000626432