     2.32852            0            0
           0      1.50216            0
           0            0     0.947077
         350         1500            0
     0.29944    -0.271951 -0.000333229
    0.106305    -0.596116  6.27219e-06
    0.456396    -0.579495  0.000468857
    0.171746    -0.345975 -6.37005e-05
    0.674714    -0.558784 -0.000728229
     0.74401    -0.497675  -0.00212473
    0.397537    -0.366433 -3.41964e-05
    0.457391    -0.699159  0.000155734
    0.278907    -0.652928  0.000459688
    0.401831    -0.472724 -6.93319e-05
    0.570955    -0.598262  0.000395116
    0.342517    -0.543763  0.000113835
    0.672784    -0.196789   0.00897107
    0.455614     0.329278  0.000253165
-0.000481932   -0.0739288   -0.0148889
      0.1818    0.0529663  7.79192e-05
     0.20993   -0.0623434  7.15824e-05
    0.996787    0.0427022  0.000180884
    0.300062    -0.152724   0.00359603
    0.520399    -0.154309  0.000418644
    0.399434     0.163246    0.0002151
    0.495944     0.212393  0.000249161
    0.689979   -0.0195944   0.00113279
    0.782026    0.0481355  0.000259486
    0.212013   -0.0304664  0.000258398
    0.346758     0.029465  0.000302365
    0.608549     0.183625  0.000241358
    0.256874   -0.0102525   0.00343381
    0.345585   -0.0673771  0.000320296
    0.364733    -0.176056  3.12145e-05
    0.582805    -0.206571  0.000466942
    0.734339    -0.113543  0.000468029
    0.314567    -0.329889  -3.7494e-05
   -0.538634    -0.331031    -0.209146
   -0.619385    -0.435456    -0.305924
    0.901806    -0.365881    -0.274604
   -0.987142    -0.232872    -0.319033
    -1.12272    -0.122076    -0.284911
     1.11813   -0.0175787    -0.312516
     1.07032     -0.29673    -0.280339
   -0.898623    -0.304821    -0.330347
   -0.723783    -0.122701    -0.305883
    0.632371     0.673574    -0.214796
    0.406082     0.405288     -0.28355
    0.245496     0.408243    -0.204519
    0.510642     0.546613     -0.22244
    0.245081     0.612522    -0.405484
    0.103179     0.651401    -0.347044
 0.000662138    -0.188512    -0.248925
     0.26105    -0.351691    -0.281357
    0.207828    -0.481416    -0.331319
    0.454955     0.720334    -0.261579
   0.0767364     0.461256    -0.294372
    0.738813    -0.667034    -0.264326
    0.664997    -0.465187    -0.312032
    0.896467    -0.301554    -0.346454
    0.730148    -0.319393    -0.243246
    0.961405    -0.517391    -0.177602
   -0.463299     0.515556    -0.293155
   -0.739076     0.595944     0.385972
    -0.17041     0.611923     0.309083
   -0.435919    -0.724314     0.300918
   -0.633344     0.527415     0.374003
    -0.79524    -0.611731     0.224105
    0.244816     0.523205     0.322627
      1.1159      0.50765     0.361534
     1.04392     0.461386     0.296401
    0.981922     0.441882     0.351112
    0.909854     0.549495     0.180793
    0.587804     0.455762     0.258097
     0.53478     0.473682      0.34014
    0.291455     0.127706     0.300974
   -0.303489    -0.319133     0.366411
   -0.304308    -0.269418      0.31056
   -0.260842   -0.0749078     0.372652
   -0.693654    0.0203023     0.290548
     0.41743     0.159587     0.305883
   -0.576382     0.332228     0.351287
   -0.348416    -0.465539     0.337118
    -1.10359      0.45328     0.294946
   -0.753228     0.502823     0.249317
   -0.112919     0.427286     0.242014
   -0.122292    -0.452319     0.403122
   -0.940692     0.529925     0.408877
   -0.043808     0.589139     0.321953
   -0.226636    -0.707361     0.335881
  -0.0723715     0.352503     0.339052
    0.738536     0.634667     0.392872
   -0.923468    -0.685521     0.371435
    0.368828     0.608272     0.390241
    0.917432     0.170225     0.393039
   -0.793667   -0.0791657     0.400571
   -0.373493     -0.37912    -0.336981
   -0.515657    -0.377994    -0.362016
    -0.20452    -0.121566    -0.311953
    0.167629     0.130372    -0.350056
   -0.332027     0.532687    -0.352258
    -1.13301     -0.65913    -0.288279
    0.319395     0.479917    -0.332358
   -0.486502   -0.0281737    -0.378702
  -0.0443312    -0.440169     0.373278
    0.874039     0.251735     -0.25811
   -0.581848    -0.713555    -0.284525
   -0.857035    -0.221074     0.324598
    0.611813    -0.349924      0.15056
    -1.07613    -0.354126 -0.000233908
    -1.14217    -0.526657  0.000793277
    -1.11957    -0.443772 -0.000129577
    -1.15843    -0.275077  0.000730297
   -0.739779   -0.0556585   0.00041668
   -0.681814    0.0860946  0.000177648
    -1.13437   -0.0809801  0.000321168
    -1.00486    -0.145145  0.000426018
   -0.762426    0.0383331  0.000231756
   -0.699174    -0.380379  -0.00213683
   -0.852212   -0.0182029  0.000303861
    -1.03303    -0.249616  0.000591422
     1.15977    -0.224732  -0.00516071
    0.161813    -0.525073     0.272495
    0.976325    -0.533429     0.279499
    0.156396     -0.32233     0.342248
     1.06016    -0.549076     0.151337
   -0.875078      0.45016   0.00111948
   -0.811943      0.72053  -0.00108113
   -0.874424     0.584147 -0.000113787
   -0.928778     0.632399  -0.00296349
     0.49202     0.559671  0.000525216
    0.598838     0.590754   0.00197152
    0.919367     0.533808  -0.00581577
    -1.08135     0.722442 -0.000209244
   -0.805591     0.748691 -0.000257963
     1.11619     0.687843 -0.000171285
    0.893483     0.691941 -7.22642e-05
     1.07514     0.607324 -5.50948e-05
    -1.07142     0.644332 -0.000159827
    -1.00022     0.543844 -0.000415376
   -0.488304     0.273956    -0.140526
  -0.0566027     0.147761  0.000466212
   -0.244347      0.07856  0.000189867
   -0.318291     0.207266  0.000210338
   -0.195806     0.240833   0.00102489
   -0.171609       0.1878  0.000336584
   -0.377061     0.118764  0.000101517
    -0.35476     0.253769  -0.00163938
   -0.189568    -0.187554 -0.000731803
   0.0366413   -0.0588917  -0.00104737
   -0.210676     -0.19821  0.000115086
   -0.391459    -0.584441 -0.000668527
   -0.477861    -0.240441  -2.0722e-05
    -0.36807    -0.261557 -2.20349e-05
   -0.438059     0.156567  1.10691e-05
   -0.363488     0.131332 -0.000209514
   -0.377598     0.645422 -0.000190258
  -0.0369736     -0.30927 -0.000117625
   0.0851833    -0.702478  0.000377233
   -0.527541    -0.588788 -7.80138e-05
   -0.385576    -0.684203  0.000217914
   -0.224532    -0.594025  9.60781e-05
   -0.488385    -0.470975 -0.000421268
    -0.15335    -0.318353  2.68506e-05
   -0.305911     0.590561   6.5488e-05
    0.437163     0.542081    0.0072647
    0.340182     0.420252  0.000320084
   -0.346286     0.366011  -0.00306757
   -0.256152    -0.714578  0.000170946
    0.141998     0.588679   0.00189715
   -0.377609       0.4417  7.46463e-05
   -0.611839     0.454717 -0.000438637
    0.108047     0.338131  0.000312814
   -0.595825     0.459894 -0.000486833
   -0.213001     0.407541 -0.000810623
   0.0782212     0.564897  0.000313819
    0.105321     0.620999   0.00132572
   -0.281721     0.412499  0.000126689
   0.0954336     0.499939     0.001062
    0.271168     0.524576  0.000718315
   -0.352509    -0.748374  0.000108494
   -0.240252     0.587326  0.000336828
   -0.135409    -0.286516  7.70269e-05
    -0.20847     0.315818  8.64372e-05
   -0.237744    -0.288612 -8.18894e-06
    -0.38599    -0.700905  0.000545947
 -0.00136425    -0.536021  0.000257593
   -0.202087     0.321374   0.00131705
   -0.314603     0.304567 -4.50749e-06
    0.130276     0.657671   0.00156603
   -0.111526     0.273709  0.000738789
   -0.591151     -0.52321 -0.000316281
   -0.438783    -0.649162 -4.90548e-05
  -0.0266276     0.234842  0.000223035
   -0.670694     0.439683 -0.000130577
   -0.658546     0.627855 -0.000526892
   -0.535042     -0.71674 -8.01964e-05
   -0.295956       0.3565  -0.00037682
   -0.721718     0.473827  -0.00909684
   -0.442078      0.46776  4.52526e-05
   -0.660265    -0.652988 -0.000255255
   -0.654848     0.647953 -7.12321e-05
   -0.413919     0.294469 -1.28565e-05
   -0.659882     0.421653  4.62381e-05
   -0.698238     0.737783 -0.000169579
   -0.451237     0.585875   0.00260608
   -0.418669     0.332495 -0.000602786
   -0.297034     0.444109  3.54267e-05
   -0.821443     0.647199 -0.000456045
   -0.537855    -0.612485  -0.00158983
    0.890397     0.450191 -0.000814561
    -1.14475    -0.551975  -0.00179728
   -0.727896     -0.66099 -0.000329668
  -0.0531996     0.332852  0.000228281
   -0.577338     -0.23775  0.000143458
   -0.585317    0.0456423  0.000225282
   -0.748952     0.190789   8.1817e-05
   -0.459146    -0.371835 -0.000942102
   -0.599219    -0.311142  -0.00798339
   -0.951317    -0.681173 -0.000227065
   -0.447751    -0.142267  0.000165008
   -0.800421     -0.24332  0.000350622
     1.12658     0.165903   6.4787e-05
    -1.05897     0.608284 -4.23824e-05
   -0.769677    -0.701435 -0.000212085
   -0.630865    -0.155429 -0.000150044
   -0.283146     0.358453  -0.00568179
    0.230149     0.397595  0.000322733
   -0.490973   -0.0475395  0.000367482
   -0.868812     -0.62851 -0.000243241
   -0.871467      -0.4074 -0.000340995
   -0.540141    -0.649221 -0.000139681
   -0.414035    0.0279387  0.000204129
   -0.738793     0.566414 -8.66115e-05
   -0.757514    -0.445653  -0.00100687
    -0.81669     0.108515  0.000154376
   -0.858206    -0.315599 -0.000391503
   -0.545325     0.343222 -5.85614e-05
    -1.01443    -0.463428  0.000555639
   -0.532822     0.214618  5.56059e-05
   -0.294084    -0.101322  0.000197002
   -0.974569     0.253123  7.98814e-05
      1.1292     0.525171 -5.93116e-05
   -0.788583     0.375344   2.2072e-05
     1.14454      0.63209      0.18373
   -0.400329    -0.349396     0.196521
    0.311405     0.474274     0.200366
   -0.241445    -0.448056     0.228828
   -0.027714    0.0949028     0.271977
   -0.114616     0.537092     0.210356
   -0.306117     0.509754    -0.277003
   -0.321012    -0.601809    -0.203767
     1.12707     0.465135    -0.140519
    0.759765     0.623552    -0.206959
   -0.113988     0.256416    -0.152785
    -0.81616    -0.238863    -0.135308
   -0.751799     0.303971    -0.211721
   -0.231019    -0.314359    -0.250124
    -0.16045     0.320931    -0.286562
   -0.869619    -0.140297  0.000727813
    -1.14495     0.092761  8.01251e-05
    0.867618   -0.0679846  0.000272443
    0.496387    -0.409275 -3.16467e-05
    0.525076     -0.53594 -0.000279674
     0.82857   -0.0585209  0.000345958
    0.242724    -0.140581 -0.000779096
    0.754616    -0.489805 -0.000748318
    0.624808    -0.140728  0.000406989
    0.773201    -0.333422  0.000221801
    0.837264     -0.41844  -0.00074323
     1.15761    -0.164323  0.000358978
    0.864946    -0.209916  0.000298137
    0.994833    -0.288163  0.000317286
    0.810538    -0.315848   0.00876429
    0.660166    -0.262193  0.000445847
    0.840287   0.00883309     0.285357
    0.292164    -0.284655       0.1828
    0.836202    -0.211554    -0.247626
    0.334647    -0.426446    -0.254657
    -1.14352    -0.479668    -0.144624
     1.10859   -0.0873448   0.00035606
    0.928738     0.199094 -0.000142809
     1.16216    -0.650475  0.000439599
   -0.116418      0.11526  0.000154352
    -1.14204    0.0298935     7.21e-05
    0.436766     0.443007  0.000280807
    0.623945    -0.377448   8.5832e-05
    0.802651     0.714298     0.002456
    0.788709     0.308764  0.000291304
    0.495648     0.696675  0.000368023
    -1.07447    -0.487798 -0.000728787
    0.706811    -0.654975  -0.00041785
     -1.1601    -0.629533    -0.003434
    0.370046     0.251293  0.000265313
    0.267205     0.610253    0.0125958
    0.170869     0.505506  0.000484851
   -0.343414     0.186197  -0.00107398
    0.768768     -0.60887 -0.000580627
    0.926742     -0.70178 -0.000384317
    -1.13356    -0.421722 -0.000416268
    0.489972      0.28417  0.000183444
    0.629979    -0.372627  0.000108854
    0.703518      0.59646   0.00931847
    -1.12482     0.213482  2.88985e-05
    0.626192     0.370312  0.000226876
    0.370632     0.743826  0.000295498
    0.850979    -0.370745  -0.00118758
    0.263436     0.714929      0.16957
    0.438329      0.34014    -0.188688
   -0.348816   -0.0262565    -0.159632
     0.77338     0.254394  0.000179265
     1.09404     0.145749  -0.00109721
   -0.915286     0.482278 -0.000434805
    0.907939     0.445831   -0.0356732
   0.0963313     0.185019  0.000277376
    0.273781     0.286327  0.000281908
    0.471538     0.547688  0.000416127
  -0.0509888     -0.24849 -0.000273351
    0.564744     0.568976   0.00022677
   -0.123848     0.183524  -0.00154474
    0.868616     0.264141  0.000143185
    0.238492     0.732609  0.000596742
   -0.091082   -0.0316464  0.000161413
 -0.00506867     0.138502  0.000177405
   -0.100991    -0.159043  -0.00158033
    0.369303    -0.191443   0.00167232
    0.271979     0.113094  0.000162958
    0.676077     0.269031  0.000229157
    0.426429     0.400649  0.000851999
  0.00866912     0.100584  3.92066e-07
    0.131569    -0.183043 -3.03404e-05
   0.0582276    -0.667584  0.000347074
    0.389013    -0.632934  0.000243249
    0.588066    -0.697563  1.97132e-05
    0.177796    -0.496189  4.29653e-05
    0.226468     0.737237  0.000443491
     0.06353    -0.394137  7.06249e-05
    0.323237   -0.0641049  0.000221687
    0.159474    -0.620446  0.000557419
    0.433006    -0.131211  0.000389727
   0.0391897   -0.0994539  -0.00441716
    0.150289    -0.568149  0.000134971
    0.332974     0.698828  0.000649462
   0.0582361    -0.336231  -0.00413106
   -0.353949    -0.683624 -0.000199191
    0.283249    -0.440559 -1.48976e-05
     0.71144      0.70588  4.22259e-05
     0.25897     0.449431  0.000358969
   0.0585138    -0.240887  -0.00230469
     1.02437     0.279593  9.09819e-05
  -0.0493334    -0.356227   6.8978e-05
   -0.067635    -0.648919  0.000295841
   0.0526813   -0.0708751   0.00014277
    0.182469     0.224649  0.000217058
     1.16426    -0.642141      0.19613
    -1.16426    -0.642141      0.19613
     1.16426    -0.642593     0.192145
    -1.16426    -0.642593     0.192145
    0.114493     0.751079     0.159904
    0.114493    -0.751079     0.159904
   -0.147978     0.751079     0.219642
   -0.147978    -0.751079     0.219642
     1.16426    -0.714708     0.184673
    -1.16426    -0.714708     0.184673
    0.827409     0.751079     0.187067
    0.827409    -0.751079     0.187067
     1.16426    -0.738406     0.217642
    -1.16426    -0.738406     0.217642
     1.06186     0.751079     0.220619
     1.06186    -0.751079     0.220619
   -0.887185     -0.54376     0.473538
   -0.887185     -0.54376    -0.473538
     1.02434    -0.548374     0.473538
     1.02434    -0.548374    -0.473538
   -0.471348    -0.283879     0.473538
   -0.471348    -0.283879    -0.473538
      1.0727    -0.116058     0.473538
      1.0727    -0.116058    -0.473538
     1.16426    -0.727005     0.353031
    -1.16426    -0.727005     0.353031
     1.16426     0.735961     0.329446
    -1.16426     0.735961     0.329446
    0.176055     0.751079     0.333278
    0.176055    -0.751079     0.333278
    0.121302     0.751079     0.342634
    0.121302    -0.751079     0.342634
     1.16426     0.651644      0.34466
    -1.16426     0.651644      0.34466
     1.16426     0.611333     0.338889
    -1.16426     0.611333     0.338889
     1.11023     -0.60783     0.375735
     1.11023     0.894328     0.375735
    -0.82083    -0.614445     0.473538
    -0.82083    -0.614445    -0.473538
     1.11483    -0.606409     0.473538
     1.11483    -0.606409    -0.473538
   -0.444822     -0.41151     0.473538
   -0.444822     -0.41151    -0.473538
   -0.760291    -0.693603     0.473538
   -0.760291    -0.693603    -0.473538
   -0.363554    -0.751079    -0.100811
   -0.363554     0.751079    -0.100811
   0.0893683     -0.60783     0.450366
   0.0893683     0.894328     0.450366
    0.215781    -0.583628     0.473538
    0.215781    -0.583628    -0.473538
    -1.10077     0.629659     0.473538
    -1.10077     0.629659    -0.473538
    0.404706    -0.704745     0.473538
    0.404706    -0.704745    -0.473538
    0.389086     -0.60584     0.473538
    0.389086     -0.60584    -0.473538
    -1.16426     -0.74688     0.376609
     1.16426     -0.74688     0.376609
    -1.16426    -0.640272     0.383238
     1.16426    -0.640272     0.383238
    0.146735     0.751079     0.384133
    0.146735    -0.751079     0.384133
    -1.16426     0.617021     0.384105
     1.16426     0.617021     0.384105
    -1.16426     0.575204     0.431906
     1.16426     0.575204     0.431906
   -0.207837     0.369384     0.473538
   -0.207837     0.369384    -0.473538
   0.0282228     0.751079     0.415861
   0.0282228    -0.751079     0.415861
   -0.193185     0.660499     0.473538
   -0.193185     0.660499    -0.473538
    -1.16426     0.650212     0.456624
     1.16426     0.650212     0.456624
   -0.914109     0.614665     0.473538
   -0.914109     0.614665    -0.473538
    0.397829     0.666732     0.473538
    0.397829     0.666732    -0.473538
    0.534808     0.299292     0.473538
    0.534808     0.299292    -0.473538
    0.973914    -0.716597     0.473538
    0.973914    -0.716597    -0.473538
     0.29729     0.751079     0.409738
     0.29729    -0.751079     0.409738
    0.748675     0.623619     0.473538
    0.748675     0.623619    -0.473538
    -1.07499     0.225621     0.473538
    -1.07499     0.225621    -0.473538
     1.02519     0.751079     0.351551
     1.02519    -0.751079     0.351551
    0.931375     0.751079     0.349457
    0.931375    -0.751079     0.349457
   -0.680751    -0.704116     0.473538
   -0.680751    -0.704116    -0.473538
    0.647515     0.630347     0.473538
    0.647515     0.630347    -0.473538
    -1.10623    -0.720593     0.473538
    -1.10623    -0.720593    -0.473538
    -1.04643      0.11782     0.473538
    -1.04643      0.11782    -0.473538
    -1.16426     0.674756     0.291367
     1.16426     0.674756     0.291367
    -1.16426     0.405477     0.276975
     1.16426     0.405477     0.276975
    -1.16426     0.736428     0.253148
     1.16426     0.736428     0.253148
    -1.16426      0.68503     0.279631
     1.16426      0.68503     0.279631
  -0.0223685     0.610716      0.29471
  -0.0223685    -0.891442      0.29471
    -1.16426     0.518744     0.301674
     1.16426     0.518744     0.301674
   -0.172616    -0.571329     0.362877
   -0.172616     0.930829     0.362877
    -0.58985    -0.571329     0.366033
    -0.58985     0.930829     0.366033
    -0.47243    -0.355602     0.473538
    -0.47243    -0.355602    -0.473538
    0.244657    -0.571329     0.462637
    0.244657     0.930829     0.462637
    0.279413     -0.56235     0.473538
    0.279413     -0.56235    -0.473538
    0.516053    -0.703361     0.473538
    0.516053    -0.703361    -0.473538
    0.538265    -0.583854     0.473538
    0.538265    -0.583854    -0.473538
    0.626074     0.751079     0.151732
    0.626074    -0.751079     0.151732
    0.284932     0.751079     0.215633
    0.284932    -0.751079     0.215633
   -0.286887     0.751079     0.211139
   -0.286887    -0.751079     0.211139
    0.511712     0.751079       0.2174
    0.511712    -0.751079       0.2174
     51.8828    -0.105365        3.297
     51.8828     -1.60752        3.297
    0.538776     0.751079     0.207256
    0.538776    -0.751079     0.207256
    -0.62177     0.751079     0.198972
    -0.62177    -0.751079     0.198972
     2.45227     0.751079     0.122977
     2.45227    -0.751079     0.122977
   -0.700087    -0.566731     0.182353
     1.62844    -0.566731     0.182353
     1.16426     0.572053     0.332588
    -1.16426     0.572053     0.332588
   -0.277414     0.491166     0.473538
   -0.277414     0.491166    -0.473538
    -1.16426    -0.729566     0.226042
     1.16426    -0.729566     0.226042
    0.570878     0.751079     0.235751
    0.570878    -0.751079     0.235751
    0.565406     0.751079     0.237215
    0.565406    -0.751079     0.237215
    0.588849     0.751079     0.236505
    0.588849    -0.751079     0.236505
     1.16426     0.020352     0.271529
    -1.16426     0.020352     0.271529
     1.16426   -0.0954526     0.277631
    -1.16426   -0.0954526     0.277631
     1.16426    -0.032505     0.294077
    -1.16426    -0.032505     0.294077
   -0.184395    -0.417849     0.473538
   -0.184395    -0.417849    -0.473538
    0.477246     0.751079     0.281865
    0.477246    -0.751079     0.281865
   -0.300403     0.751079     0.307415
   -0.300403    -0.751079     0.307415
    -1.00378    -0.690684     0.473538
    -1.00378    -0.690684    -0.473538
    0.978368    -0.580786     0.473538
    0.978368    -0.580786    -0.473538
    0.350635    -0.537384     0.473538
    0.350635    -0.537384    -0.473538
   -0.130029    -0.751079     0.152085
   -0.130029     0.751079     0.152085
     1.16426    -0.630676     0.184088
    -1.16426    -0.630676     0.184088
     1.16426     0.637599     0.161684
    -1.16426     0.637599     0.161684
     0.53238    -0.751079      0.27362
     0.53238     0.751079      0.27362
     0.70353    -0.751079     0.269356
     0.70353     0.751079     0.269356
    0.157315    -0.751079     0.262072
    0.157315     0.751079     0.262072
    0.517287    -0.751079     0.271293
    0.517287     0.751079     0.271293
   -0.066701     0.751079     0.206403
   -0.066701    -0.751079     0.206403
    0.536246    -0.751079     0.338554
    0.536246     0.751079     0.338554
   -0.395921    -0.751079     0.307713
   -0.395921     0.751079     0.307713
    0.884305    -0.751079      0.33943
    0.884305     0.751079      0.33943
      0.9019    -0.636254     0.473538
      0.9019    -0.636254    -0.473538
    -0.84525     0.740573     0.473538
    -0.84525     0.740573    -0.473538
   -0.856334    -0.751079    -0.468113
   -0.856334     0.751079    -0.468113
    0.160347    -0.751079     0.427535
    0.160347     0.751079     0.427535
    0.449605    -0.620133     0.473538
    0.449605    -0.620133    -0.473538
    0.921565      0.43321     0.473538
    0.921565      0.43321    -0.473538
    0.542799     0.255527     0.473538
    0.542799     0.255527    -0.473538
   -0.943578     -0.74881     0.473538
   -0.943578     -0.74881    -0.473538
    0.976495    -0.582336     0.473538
    0.976495    -0.582336    -0.473538
    0.206279      0.64328     0.473538
    0.206279      0.64328    -0.473538
    0.808024    0.0123139     0.473538
    0.808024    0.0123139    -0.473538
     1.16426    -0.628285     0.274636
    -1.16426    -0.628285     0.274636
     1.51776     0.650649     0.329774
     1.51776      2.15281     0.329774
   -0.225813    -0.751079     0.278169
   -0.225813     0.751079     0.278169
     1.16426     0.654019     0.251534
    -1.16426     0.654019     0.251534
     1.16426     0.622841     0.283454
    -1.16426     0.622841     0.283454
    0.264977     0.650649     0.225186
    0.264977      2.15281     0.225186
    -0.32464     -0.47562     0.473538
    -0.32464     -0.47562    -0.473538
    -1.01728    -0.713524     0.473538
    -1.01728    -0.713524    -0.473538
    -1.16426    0.0765381     0.287683
     1.16426    0.0765381     0.287683
    -1.16426    -0.157277     0.319573
     1.16426    -0.157277     0.319573
    -1.16426    -0.369042      0.36746
     1.16426    -0.369042      0.36746
    0.304583    -0.434333     0.473538
    0.304583    -0.434333    -0.473538
   -0.901754    -0.541345     0.473538
   -0.901754    -0.541345    -0.473538
    0.211869    -0.433516     0.473538
    0.211869    -0.433516    -0.473538
    0.998883    -0.586392     0.473538
    0.998883    -0.586392    -0.473538
     1.16426     -0.66059     0.369105
    -1.16426     -0.66059     0.369105
    0.714708     0.751079     0.366696
    0.714708    -0.751079     0.366696
    -2.53202    -0.346496     0.277418
    -2.53202     -1.84865     0.277418
   -0.576288    -0.555877     0.473538
   -0.576288    -0.555877    -0.473538
    0.218836    -0.576819     0.473538
    0.218836    -0.576819    -0.473538
     1.16426     -0.62671     0.405696
    -1.16426     -0.62671     0.405696
    0.277751     0.751079     0.459348
    0.277751    -0.751079     0.459348
   0.0432791     0.718185     0.473538
   0.0432791     0.718185    -0.473538
   -0.761663    -0.635155     0.473538
   -0.761663    -0.635155    -0.473538
   -0.966806     0.751079    -0.337359
   -0.966806    -0.751079    -0.337359
     1.08957    -0.729723     0.473538
     1.08957    -0.729723    -0.473538
   -0.370713     0.673328     0.473538
   -0.370713     0.673328    -0.473538
    0.784142    -0.692539     0.473538
    0.784142    -0.692539    -0.473538
    -1.11215     -0.48551     0.473538
    -1.11215     -0.48551    -0.473538
   -0.608378     0.751079     0.463446
   -0.608378    -0.751079     0.463446
   -0.608329     0.728733     0.473538
   -0.608329     0.728733    -0.473538
    0.539581    -0.656213     0.473538
    0.539581    -0.656213    -0.473538
   -0.502557     0.751079    -0.383942
   -0.502557    -0.751079    -0.383942
   -0.340154    -0.595022      0.25822
   -0.340154     0.907136      0.25822
     1.03888    -0.751079     0.178141
     1.03888     0.751079     0.178141
    0.585855    -0.751079     0.264245
    0.585855     0.751079     0.264245
 -0.00733113    -0.751079     0.206081
 -0.00733113     0.751079     0.206081
    0.616895    -0.751079     0.357499
    0.616895     0.751079     0.357499
    0.871905     0.709808     0.473538
    0.871905     0.709808    -0.473538
    -1.16426     0.664567     0.407902
     1.16426     0.664567     0.407902
  -0.0110906    -0.612852     0.473538
  -0.0110906    -0.612852    -0.473538
    -1.02421    -0.676355     0.473538
    -1.02421    -0.676355    -0.473538
   -0.275026     0.496153     0.473538
   -0.275026     0.496153    -0.473538
    -1.16426     0.626047      0.43952
     1.16426     0.626047      0.43952
    -0.78196     0.685618     0.473538
    -0.78196     0.685618    -0.473538
    0.909061     0.447437     0.473538
    0.909061     0.447437    -0.473538
    0.239527    -0.638725     0.473538
    0.239527    -0.638725    -0.473538
    0.160638     0.289474     0.473538
    0.160638     0.289474    -0.473538
    0.643357     0.718796     0.473538
    0.643357     0.718796    -0.473538
    0.935384     0.751079      0.35033
    0.935384    -0.751079      0.35033
    -1.14221     -0.57886     0.473538
    -1.14221     -0.57886    -0.473538
    -1.08072    -0.462833   -0.0275628
    -1.08072     -1.96499   -0.0275628
   -0.705844    -0.672608     0.473538
   -0.705844    -0.672608    -0.473538
    0.783495     0.751079     0.426537
    0.783495    -0.751079     0.426537
    0.919066     0.640017     0.473538
    0.919066     0.640017    -0.473538
    -1.16426     0.474777     0.335184
     1.16426     0.474777     0.335184
    0.778833     0.259582     0.473538
    0.778833     0.259582    -0.473538
   -0.640361     0.738645     0.473538
   -0.640361     0.738645    -0.473538
    -1.05871    0.0261261     0.473538
    -1.05871    0.0261261    -0.473538
   -0.364304     0.488007     0.473538
   -0.364304     0.488007    -0.473538
 -0.00128538    -0.751079     0.397503
 -0.00128538     0.751079     0.397503
    0.182722    -0.459106     0.473538
    0.182722    -0.459106    -0.473538
    -0.57844    -0.265977     0.473538
    -0.57844    -0.265977    -0.473538
    0.397142    0.0687908     0.473538
    0.397142    0.0687908    -0.473538
   -0.635725      -0.6395     0.473538
   -0.635725      -0.6395    -0.473538
    0.506467    -0.667362     0.473538
    0.506467    -0.667362    -0.473538
    0.615281    -0.513509     0.473538
    0.615281    -0.513509    -0.473538
   -0.715808     0.751079     0.291103
   -0.715808    -0.751079     0.291103
    0.372009     0.432498     0.473538
    0.372009     0.432498    -0.473538
    0.478168    -0.582997     0.473538
    0.478168    -0.582997    -0.473538
    0.223437    -0.545506     0.473538
    0.223437    -0.545506    -0.473538
    0.746849    -0.709439     0.473538
    0.746849    -0.709439    -0.473538
    0.495489    -0.672671     0.473538
    0.495489    -0.672671    -0.473538
    0.157285     0.751079    -0.376778
    0.157285    -0.751079    -0.376778
     1.16426     0.113836     0.373941
    -1.16426     0.113836     0.373941
   -0.241542    -0.205815     0.473538
   -0.241542    -0.205815    -0.473538
    0.349049     0.216172     0.473538
    0.349049     0.216172    -0.473538
    0.225116     0.093161     0.473538
    0.225116     0.093161    -0.473538
    -1.16046     0.440931     0.473538
    -1.16046     0.440931    -0.473538
    -0.26843      0.31525     0.473538
    -0.26843      0.31525    -0.473538
    0.802664     0.543112     0.473538
    0.802664     0.543112    -0.473538
    0.274354     0.195457     0.473538
    0.274354     0.195457    -0.473538
  -0.0198696    -0.751079      0.23859
  -0.0198696     0.751079      0.23859
     1.04385    -0.600684     0.473538
     1.04385    -0.600684    -0.473538
   -0.890226    -0.430407     0.473538
   -0.890226    -0.430407    -0.473538
   -0.477182     -0.15741     0.473538
   -0.477182     -0.15741    -0.473538
    0.519176     0.112095     0.473538
    0.519176     0.112095    -0.473538
     1.05948   -0.0554951     0.473538
     1.05948   -0.0554951    -0.473538
   0.0876779    -0.248781     0.473538
   0.0876779    -0.248781    -0.473538
    -1.16426    -0.210623     0.420837
     1.16426    -0.210623     0.420837
   -0.295171    -0.327173     0.473538
   -0.295171    -0.327173    -0.473538
     1.14702    -0.417098     0.473538
     1.14702    -0.417098    -0.473538
    -1.16426   -0.0996974     0.414968
     1.16426   -0.0996974     0.414968
  -0.0390947   -0.0680687     0.473538
  -0.0390947   -0.0680687    -0.473538
    0.615967    -0.154053     0.473538
    0.615967    -0.154053    -0.473538
    -1.05593    -0.064192     0.473538
    -1.05593    -0.064192    -0.473538
    0.258422    -0.317583     0.473538
    0.258422    -0.317583    -0.473538
   -0.717501     0.751079     -0.25852
   -0.717501    -0.751079     -0.25852
   -0.756272     0.751079     -0.26254
   -0.756272    -0.751079     -0.26254
   -0.330707     0.624059    -0.183251
     1.99782     0.624059    -0.183251
   -0.616356    -0.751079    -0.135548
   -0.616356     0.751079    -0.135548
      1.0862     0.445212    -0.162037
      1.0862      1.94737    -0.162037
   -0.131865    -0.751079    -0.227381
   -0.131865     0.751079    -0.227381
  -0.0991369     0.445212    -0.198115
  -0.0991369      1.94737    -0.198115
   -0.758334    -0.751079    -0.280321
   -0.758334     0.751079    -0.280321
    0.137688    -0.751079    -0.203892
    0.137688     0.751079    -0.203892
     17.6333    -0.751079    -0.197536
     17.6333     0.751079    -0.197536
    -1.16426    -0.378318    -0.295283
     1.16426    -0.378318    -0.295283
    -1.16426    -0.257857    -0.301042
     1.16426    -0.257857    -0.301042
     1.16426    -0.659954    -0.262117
    -1.16426    -0.659954    -0.262117
     1.16426    -0.591996    -0.240826
    -1.16426    -0.591996    -0.240826
     1.16426    -0.423119    -0.323379
    -1.16426    -0.423119    -0.323379
     1.16426    -0.586429    -0.319488
    -1.16426    -0.586429    -0.319488
     1.16426    -0.385324    -0.318896
    -1.16426    -0.385324    -0.318896
     1.16426     -0.45456    -0.325025
    -1.16426     -0.45456    -0.325025
     3.61596    -0.387918    -0.342943
     3.61596      1.11424    -0.342943
    0.505249     0.698832    -0.146165
    0.505249      2.20099    -0.146165
   -0.179674    -0.751079    -0.170366
   -0.179674     0.751079    -0.170366
     1.16426     0.667047    -0.186177
    -1.16426     0.667047    -0.186177
     1.16426     0.740221    -0.162898
    -1.16426     0.740221    -0.162898
     1.16426     0.509921    -0.133085
    -1.16426     0.509921    -0.133085
     1.16426     0.245161    -0.131748
    -1.16426     0.245161    -0.131748
   -0.980193     0.646335    -0.157836
   -0.980193    -0.855823    -0.157836
     1.16426      0.63878    -0.161407
    -1.16426      0.63878    -0.161407
     1.16426     0.587275    -0.152651
    -1.16426     0.587275    -0.152651
     1.16426     0.750605    -0.195533
    -1.16426     0.750605    -0.195533
   -0.203375     0.646335    -0.149859
   -0.203375    -0.855823    -0.149859
     1.16426     0.545538    -0.182149
    -1.16426     0.545538    -0.182149
     1.16426     0.725105    -0.133862
    -1.16426     0.725105    -0.133862
   -0.272417     0.751079     -0.13463
   -0.272417    -0.751079     -0.13463
     1.16426     -0.64519     -0.20512
    -1.16426     -0.64519     -0.20512
    0.360692     0.751079    -0.217229
    0.360692    -0.751079    -0.217229
   -0.591547     0.751079     -0.21057
   -0.591547    -0.751079     -0.21057
     1.01358     0.226174    -0.473538
     1.01358     0.226174     0.473538
    0.223455     0.751079    -0.183242
    0.223455    -0.751079    -0.183242
   -0.392419     0.751079    -0.244733
   -0.392419    -0.751079    -0.244733
   -0.660244     0.751079      -0.2185
   -0.660244    -0.751079      -0.2185
     1.16426    -0.331426    -0.212223
    -1.16426    -0.331426    -0.212223
     1.16426    -0.287386    -0.239556
    -1.16426    -0.287386    -0.239556
     1.16426    -0.406947    -0.220905
    -1.16426    -0.406947    -0.220905
    -1.16426     -0.37881    -0.148072
     1.16426     -0.37881    -0.148072
    -1.16426    -0.141035    -0.149816
     1.16426    -0.141035    -0.149816
   -0.599902    -0.706049    -0.473538
   -0.599902    -0.706049     0.473538
   -0.369482    -0.619619    -0.473538
   -0.369482    -0.619619     0.473538
   -0.892829     0.751079    -0.328246
   -0.892829    -0.751079    -0.328246
     1.16426    -0.520693    -0.220365
    -1.16426    -0.520693    -0.220365
     1.16426    -0.612182    -0.266952
    -1.16426    -0.612182    -0.266952
     1.16426    -0.364827    -0.266344
    -1.16426    -0.364827    -0.266344
     1.16426    -0.450351    -0.276841
    -1.16426    -0.450351    -0.276841
     1.16426    -0.529029     -0.24094
    -1.16426    -0.529029     -0.24094
    0.436857     0.751079    -0.303224
    0.436857    -0.751079    -0.303224
    0.409611     0.751079    -0.330978
    0.409611    -0.751079    -0.330978
     1.16426    -0.076851    -0.290679
    -1.16426    -0.076851    -0.290679
     1.16426     0.195003    -0.268388
    -1.16426     0.195003    -0.268388
     1.16426    -0.101199      -0.2941
    -1.16426    -0.101199      -0.2941
     1.16426   -0.0369024    -0.322041
    -1.16426   -0.0369024    -0.322041
    0.996844    -0.530099    -0.243251
    0.996844     0.972059    -0.243251
    -1.16426     0.661124     -0.28028
     1.16426     0.661124     -0.28028
    -1.16426     0.457746    -0.265717
     1.16426     0.457746    -0.265717
     1.52256     0.273002    -0.240863
     1.52256      1.77516    -0.240863
    0.967325     0.273002   -0.0758765
    0.967325      1.77516   -0.0758765
   -0.436186    -0.751079    -0.275674
   -0.436186     0.751079    -0.275674
    -1.16426     0.506479    -0.266323
     1.16426     0.506479    -0.266323
   -0.922329    -0.646489    -0.289865
   -0.922329     0.855669    -0.289865
   -0.785497     0.751079     -0.31319
   -0.785497    -0.751079     -0.31319
    0.670839     0.751079    -0.317974
    0.670839    -0.751079    -0.317974
     1.16426      0.24221    -0.248324
    -1.16426      0.24221    -0.248324
    -1.16426     0.436247    -0.207706
     1.16426     0.436247    -0.207706
     2.78216     0.162147     0.260328
     2.78216     -1.34001     0.260328
    -1.10785     0.751079     -0.27729
    -1.10785    -0.751079     -0.27729
   -0.686371     0.751079    -0.248668
   -0.686371    -0.751079    -0.248668
   0.0852057     0.751079    -0.293213
   0.0852057    -0.751079    -0.293213
   0.0255414     0.751079     0.130512
   0.0255414    -0.751079     0.130512
    -1.16426     0.620463   -0.0427404
     1.16426     0.620463   -0.0427404
     1.16426    -0.552479     0.130821
    -1.16426    -0.552479     0.130821
     1.16426    -0.664106      0.12954
    -1.16426    -0.664106      0.12954
     1.16426    -0.677911     0.138388
    -1.16426    -0.677911     0.138388
    0.287538     0.751079     0.117582
    0.287538    -0.751079     0.117582
     1.16426     0.533795   -0.0225178
    -1.16426     0.533795   -0.0225178
    -1.16426     0.715007     0.223699
     1.16426     0.715007     0.223699
    -1.16426    -0.618019   -0.0243244
     1.16426    -0.618019   -0.0243244
    0.372934     0.751079    0.0959205
    0.372934    -0.751079    0.0959205
    0.646045     0.751079     0.101597
    0.646045    -0.751079     0.101597
    -1.16426    -0.740624     0.208556
     1.16426    -0.740624     0.208556
    -1.16426    -0.618019   -0.0243244
     1.16426    -0.618019   -0.0243244
     1.16426   -0.0560038       0.2177
    -1.16426   -0.0560038       0.2177
     1.16426     0.687481     0.116311
    -1.16426     0.687481     0.116311
    -1.16426     0.732496   -0.0595114
     1.16426     0.732496   -0.0595114
    -1.00196    -0.751079   -0.0654518
    -1.00196     0.751079   -0.0654518
   -0.809438    -0.751079   -0.0607764
   -0.809438     0.751079   -0.0607764
     1.16426     0.720624     0.113051
    -1.16426     0.720624     0.113051
     1.16426     0.706676     0.114409
    -1.16426     0.706676     0.114409
    -1.16426    -0.719064   -0.0243411
     1.16426    -0.719064   -0.0243411
  -0.0066423    -0.751079     0.144276
  -0.0066423     0.751079     0.144276
    -1.16426    -0.617064   -0.0259295
     1.16426    -0.617064   -0.0259295
    0.604575    -0.751079     0.128284
    0.604575     0.751079     0.128284
   -0.759107     0.751079   -0.0716806
   -0.759107    -0.751079   -0.0716806
   -0.635181    -0.478513    -0.140459
   -0.635181      1.02365    -0.140459
     1.16426    -0.515112     0.134214
    -1.16426    -0.515112     0.134214
     1.16426    -0.346841   -0.0387799
    -1.16426    -0.346841   -0.0387799
     1.16426    -0.742789   -0.0171036
    -1.16426    -0.742789   -0.0171036
   0.0259182     0.751079 -0.000169171
   0.0259182    -0.751079 -0.000169171
    -1.16426    -0.726279 -0.000200873
     1.16426    -0.726279 -0.000200873
   -0.992405     0.751079 -0.000207267
   -0.992405    -0.751079 -0.000207267
    0.220556     0.751079 -0.000177716
    0.220556    -0.751079 -0.000177716
    -1.16426    -0.568477   0.00254084
     1.16426    -0.568477   0.00254084
    -1.16426    -0.490735  -9.4558e-05
     1.16426    -0.490735  -9.4558e-05
    -1.16426    -0.552143 -0.000131262
     1.16426    -0.552143 -0.000131262
    -1.16426    -0.718584 -0.000100988
     1.16426    -0.718584 -0.000100988
    -1.16426      0.75038 -2.93544e-05
     1.16426      0.75038 -2.93544e-05
     1.16426    -0.217413  -0.00331183
    -1.16426    -0.217413  -0.00331183
     1.16426     -0.44705  -0.00388813
    -1.16426     -0.44705  -0.00388813
     1.16426   -0.0452314  -0.00342139
    -1.16426   -0.0452314  -0.00342139
     1.16426    -0.404521  -0.00387446
    -1.16426    -0.404521  -0.00387446
     1.16426    -0.212528  -0.00386601
    -1.16426    -0.212528  -0.00386601
     1.16426     -0.34996  -0.00342883
    -1.16426     -0.34996  -0.00342883
     1.16426    -0.362002  -0.00375181
    -1.16426    -0.362002  -0.00375181
     1.16426    -0.491568  -0.00373671
    -1.16426    -0.491568  -0.00373671
     1.16426    -0.394654  -0.00369692
    -1.16426    -0.394654  -0.00369692
     1.16426    -0.119477  -0.00386086
    -1.16426    -0.119477  -0.00386086
     1.16426    -0.350921    -0.003662
    -1.16426    -0.350921    -0.003662
    0.870153    -0.751079  1.79235e-05
    0.870153     0.751079  1.79235e-05
    -1.08563    -0.751079   0.00121094
    -1.08563     0.751079   0.00121094
    0.407576    -0.751079  1.08318e-05
    0.407576     0.751079  1.08318e-05
   -0.697572    -0.751079  8.39344e-05
   -0.697572     0.751079  8.39344e-05
   -0.877941    -0.751079 -9.75996e-06
   -0.877941     0.751079 -9.75996e-06
    -0.56245    -0.751079  4.64545e-05
    -0.56245     0.751079  4.64545e-05
  -0.0514985     0.751079  0.000764081
  -0.0514985    -0.751079  0.000764081
    0.173971     0.751079   0.00101055
    0.173971    -0.751079   0.00101055
   -0.413223     0.751079  0.000893885
   -0.413223    -0.751079  0.000893885
   -0.034611     0.751079   0.00097989
   -0.034611    -0.751079   0.00097989
    -0.12544    -0.751079  -0.00154328
    -0.12544     0.751079  -0.00154328
    0.649338    -0.751079  -0.00149175
    0.649338     0.751079  -0.00149175
    -1.16426    -0.710322   -0.0013819
     1.16426    -0.710322   -0.0013819
    -1.16426    -0.687297  -0.00109374
     1.16426    -0.687297  -0.00109374
    0.330433    -0.751079  -0.00120643
    0.330433     0.751079  -0.00120643
    -1.16426    -0.653549 -0.000587171
     1.16426    -0.653549 -0.000587171
    -1.16426     0.548876  -0.00108636
     1.16426     0.548876  -0.00108636
    -1.16426    -0.744192  -0.00143559
     1.16426    -0.744192  -0.00143559
    -1.16426     0.585651  -0.00137466
     1.16426     0.585651  -0.00137466
    0.461475    -0.751079  -0.00148268
    0.461475     0.751079  -0.00148268
    -1.16426    -0.682366  -0.00128952
     1.16426    -0.682366  -0.00128952
    -1.16426    -0.715435  -0.00155009
     1.16426    -0.715435  -0.00155009
    0.960484     0.751079 -0.000400044
    0.960484    -0.751079 -0.000400044
   -0.991139     0.751079 -0.000343428
   -0.991139    -0.751079 -0.000343428
    -1.15084     0.751079 -0.000249876
    -1.15084    -0.751079 -0.000249876
    -1.08463    -0.366961  -0.00983063
    -1.08463     -1.86912  -0.00983063
    -1.16426    -0.547124 -0.000470975
     1.16426    -0.547124 -0.000470975
     0.35787     0.751079 -0.000424937
     0.35787    -0.751079 -0.000424937
    -0.10419     0.751079  -0.00136128
    -0.10419    -0.751079  -0.00136128
   -0.952841     0.751079 -0.000549941
   -0.952841    -0.751079 -0.000549941
    -1.99206     0.751079  -9.6454e-05
    -1.99206    -0.751079  -9.6454e-05
    0.992296     0.751079 -0.000392318
    0.992296    -0.751079 -0.000392318
    -1.08214     0.751079 -0.000418688
    -1.08214    -0.751079 -0.000418688
    -1.00414     0.751079  0.000406356
    -1.00414    -0.751079  0.000406356
     1.16426   -0.0948943  0.000291652
    -1.16426   -0.0948943  0.000291652
     1.16426    -0.195624  0.000274596
    -1.16426    -0.195624  0.000274596
     1.16426    -0.227993  0.000160612
    -1.16426    -0.227993  0.000160612
     1.16426   -0.0102396  0.000233592
    -1.16426   -0.0102396  0.000233592
     1.16426    0.0337047  0.000225646
    -1.16426    0.0337047  0.000225646
    0.767509     0.751079   0.00038497
    0.767509    -0.751079   0.00038497
     1.07749     0.751079   0.00040591
     1.07749    -0.751079   0.00040591
    -1.14875     0.751079  0.000348078
    -1.14875    -0.751079  0.000348078
    0.620624     0.751079  0.000324991
    0.620624    -0.751079  0.000324991
    -1.16426     0.676226  0.000695187
     1.16426     0.676226  0.000695187
    -1.16426     0.573063  0.000908101
     1.16426     0.573063  0.000908101
    -1.16426     0.607284  0.000895021
     1.16426     0.607284  0.000895021
    -1.16426     0.511855 -0.000236348
     1.16426     0.511855 -0.000236348
   -0.404934    -0.751079 -3.22942e-05
   -0.404934     0.751079 -3.22942e-05
    0.505588    -0.751079  -0.00050156
    0.505588     0.751079  -0.00050156
    0.676818    -0.751079  -0.00027363
    0.676818     0.751079  -0.00027363
     0.28626    -0.751079 -0.000227565
     0.28626     0.751079 -0.000227565
    -0.13001    -0.751079  0.000259645
    -0.13001     0.751079  0.000259645
    0.457216    -0.751079  -0.00035164
    0.457216     0.751079  -0.00035164
    -1.01195     0.473304 -0.000397448
    -1.01195     -1.02885 -0.000397448
     1.16426     0.189615 -6.31731e-05
    -1.16426     0.189615 -6.31731e-05
     1.16426     0.678819 -0.000689739
    -1.16426     0.678819 -0.000689739
     1.16426     0.648428 -0.000907821
    -1.16426     0.648428 -0.000907821
   -0.975668    -0.751079  0.000178997
   -0.975668     0.751079  0.000178997
    0.684652    -0.751079  0.000225908
    0.684652     0.751079  0.000225908
   -0.812591    -0.751079  0.000114166
   -0.812591     0.751079  0.000114166
    0.924255    -0.751079  0.000185012
    0.924255     0.751079  0.000185012
    0.450607    0.0633771  0.000259683
    -1.87792    0.0633771  0.000259683
   -0.335732     0.751079  0.000254712
   -0.335732    -0.751079  0.000254712
     1.09833     0.751079   0.00021813
     1.09833    -0.751079   0.00021813
    -1.00426     0.751079  0.000256228
    -1.00426    -0.751079  0.000256228
    0.782349     0.751079  0.000286663
    0.782349    -0.751079  0.000286663
    0.994319     0.751079     0.000258
    0.994319    -0.751079     0.000258
   -0.576033     0.751079  0.000290352
   -0.576033    -0.751079  0.000290352
   -0.718807     0.751079  0.000356833
   -0.718807    -0.751079  0.000356833
   -0.728131     0.751079  0.000296166
   -0.728131    -0.751079  0.000296166
   0.0469722     0.751079  0.000374362
   0.0469722    -0.751079  0.000374362
    0.627915    -0.751079 -0.000125382
    0.627915     0.751079 -0.000125382
    0.109513    -0.751079  -0.00011398
    0.109513     0.751079  -0.00011398
    0.825665    -0.751079  -7.2771e-05
    0.825665     0.751079  -7.2771e-05
    0.376957    -0.751079  4.22829e-05
    0.376957     0.751079  4.22829e-05
     -1.0292    -0.751079   0.00107287
     -1.0292     0.751079   0.00107287
     1.16426     0.511778  4.43233e-05
    -1.16426     0.511778  4.43233e-05
     1.16426     0.378566  0.000119272
    -1.16426     0.378566  0.000119272
     1.16426     0.336382  0.000126773
    -1.16426     0.336382  0.000126773
     1.16426     0.678392  0.000292391
    -1.16426     0.678392  0.000292391
    0.433429    -0.751079  0.000233643
    0.433429     0.751079  0.000233643
    -1.08868    -0.751079 -0.000703076
    -1.08868     0.751079 -0.000703076
   -0.665206    -0.751079  0.000397808
   -0.665206     0.751079  0.000397808
     1.16426      0.48995  0.000237952
    -1.16426      0.48995  0.000237952
     1.16426     0.609453  0.000175344
    -1.16426     0.609453  0.000175344
   -0.826026    -0.751079  0.000275358
   -0.826026     0.751079  0.000275358
     1.16426    -0.687559  0.000235742
    -1.16426    -0.687559  0.000235742
     1.16426     0.691424 -0.000379322
    -1.16426     0.691424 -0.000379322
    0.611439    -0.751079   -0.0006646
    0.611439     0.751079   -0.0006646
     1.16426     0.538713  0.000247397
    -1.16426     0.538713  0.000247397
     1.16426     0.638326  0.000247853
    -1.16426     0.638326  0.000247853
   -0.631196    -0.751079   0.00364702
   -0.631196     0.751079   0.00364702
   -0.309371    -0.751079  0.000316141
   -0.309371     0.751079  0.000316141
     0.27568    -0.751079   0.00016112
     0.27568     0.751079   0.00016112
    0.217715     0.751079  0.000315675
    0.217715    -0.751079  0.000315675
    0.177143     0.751079   0.00047851
    0.177143    -0.751079   0.00047851
     1.14152     0.751079  0.000508249
     1.14152    -0.751079  0.000508249
    0.871352     0.751079  0.000322472
    0.871352    -0.751079  0.000322472
   -0.639702     0.751079  0.000299565
   -0.639702    -0.751079  0.000299565
   -0.118336     0.751079  0.000455619
   -0.118336    -0.751079  0.000455619
     1.16426    -0.232401  0.000335813
    -1.16426    -0.232401  0.000335813
     1.16426    -0.128186  0.000330635
    -1.16426    -0.128186  0.000330635
     1.16426    -0.289966  0.000191454
    -1.16426    -0.289966  0.000191454
     1.16426    -0.163131  0.000426308
    -1.16426    -0.163131  0.000426308
     1.16426  -0.00636714  0.000286117
    -1.16426  -0.00636714  0.000286117
     1.16426    -0.161821  0.000351945
    -1.16426    -0.161821  0.000351945
    -1.16426    -0.613058 -5.35757e-05
     1.16426    -0.613058 -5.35757e-05
    -1.16426     -0.65072 -0.000275781
     1.16426     -0.65072 -0.000275781
    -1.16426      0.68749 -0.000180825
     1.16426      0.68749 -0.000180825
    -1.16426     -0.58278 -2.70196e-05
     1.16426     -0.58278 -2.70196e-05
    -1.16426     0.192094  0.000106805
     1.16426     0.192094  0.000106805
     1.16426     0.690866  -0.00280621
    -1.16426     0.690866  -0.00280621
   -0.569059     0.601437  -0.00065926
   -0.569059    -0.900721  -0.00065926
    0.988911     0.601437 -0.000392978
    0.988911    -0.900721 -0.000392978
     1.16426    -0.680281 -0.000828528
    -1.16426    -0.680281 -0.000828528
     1.16426     0.742519 -0.000633663
    -1.16426     0.742519 -0.000633663
     1.16426    -0.741751  -0.00116595
    -1.16426    -0.741751  -0.00116595
     1.16426     0.691325  -0.00070057
    -1.16426     0.691325  -0.00070057
    -1.16426    -0.397053 -0.000233242
     1.16426    -0.397053 -0.000233242
     0.14838     0.751079 -0.000233637
     0.14838    -0.751079 -0.000233637
    0.777451     0.751079  -0.00024331
    0.777451    -0.751079  -0.00024331
     1.05151     0.751079 -0.000200169
     1.05151    -0.751079 -0.000200169
    -1.16426    -0.425038 -0.000217196
     1.16426    -0.425038 -0.000217196
    0.330201    -0.751079    0.0002274
    0.330201     0.751079    0.0002274
    0.230866    -0.751079  0.000239188
    0.230866     0.751079  0.000239188
    -1.09935    -0.751079   0.00120035
    -1.09935     0.751079   0.00120035
    0.420418    -0.751079  0.000891223
    0.420418     0.751079  0.000891223
     1.13012    -0.751079  8.29462e-05
     1.13012     0.751079  8.29462e-05
    0.367679    -0.751079  0.000412289
    0.367679     0.751079  0.000412289
    0.114886    -0.751079  0.000489002
    0.114886     0.751079  0.000489002
    -1.06377    -0.751079   0.00137883
    -1.06377     0.751079   0.00137883
    -1.16426    -0.550552  -0.00012017
     1.16426    -0.550552  -0.00012017
    -1.16426    -0.623137  -0.00035895
     1.16426    -0.623137  -0.00035895
    -1.16426    -0.725495 -0.000254813
     1.16426    -0.725495 -0.000254813
    -1.16426    -0.497566 -0.000107309
     1.16426    -0.497566 -0.000107309
     1.16426     0.284263   0.00018624
    -1.16426     0.284263   0.00018624
     1.16426     0.335512  0.000158409
    -1.16426     0.335512  0.000158409
     1.16426    -0.669358  -0.00455469
    -1.16426    -0.669358  -0.00455469
    -0.32515     0.751079  -0.00493077
    -0.32515    -0.751079  -0.00493077
   -0.994199     0.751079  -0.00521362
   -0.994199    -0.751079  -0.00521362
     1.16426      0.74037  -0.00515155
    -1.16426      0.74037  -0.00515155
     1.16426    -0.695859  -0.00455931
    -1.16426    -0.695859  -0.00455931
     1.16426     0.677194  -0.00460378
    -1.16426     0.677194  -0.00460378
     1.16426    -0.638091  -0.00433924
    -1.16426    -0.638091  -0.00433924
   -0.961975    -0.751079 -3.02648e-05
   -0.961975     0.751079 -3.02648e-05
    -1.12228    -0.751079 -0.000205119
    -1.12228     0.751079 -0.000205119
    -1.16426     0.226769  0.000115762
     1.16426     0.226769  0.000115762
    -1.16426     0.198132  0.000133599
     1.16426     0.198132  0.000133599
    -1.16426    0.0571872  0.000118436
     1.16426    0.0571872  0.000118436
    -1.16426   -0.0935271  0.000176289
     1.16426   -0.0935271  0.000176289
    -1.16426     0.172335  0.000124054
     1.16426     0.172335  0.000124054
    -1.16426   -0.0807913  0.000147796
     1.16426   -0.0807913  0.000147796
    -1.16426   -0.0480717  0.000122876
     1.16426   -0.0480717  0.000122876
    -1.16426    -0.129158  0.000121622
     1.16426    -0.129158  0.000121622
    -1.16426     0.178097  7.22878e-05
     1.16426     0.178097  7.22878e-05
    -1.16426     0.633771  -0.00769301
     1.16426     0.633771  -0.00769301
    -1.16426     0.662231  -0.00416249
     1.16426     0.662231  -0.00416249
    -1.16426     0.678152 -0.000117808
     1.16426     0.678152 -0.000117808
     1.16426   -0.0953339  0.000324391
    -1.16426   -0.0953339  0.000324391
     1.16426    -0.121002  0.000339807
    -1.16426    -0.121002  0.000339807
     1.16426    -0.158527  0.000363707
    -1.16426    -0.158527  0.000363707
    -1.16426    -0.433212 -0.000191072
     1.16426    -0.433212 -0.000191072
    0.069245     0.751079 -0.000204035
    0.069245    -0.751079 -0.000204035
    0.711113     0.751079 -0.000214449
    0.711113    -0.751079 -0.000214449
    -1.16426     -0.65401 -0.000237061
     1.16426     -0.65401 -0.000237061
   -0.609993     0.751079 -0.000252985
   -0.609993    -0.751079 -0.000252985
    0.296815     0.751079 -0.000211037
    0.296815    -0.751079 -0.000211037
    -1.16426    -0.434563 -0.000166703
     1.16426    -0.434563 -0.000166703
    -1.16426    -0.473014 -0.000168322
     1.16426    -0.473014 -0.000168322
     1.11346     0.751079  -0.00074567
     1.11346    -0.751079  -0.00074567
     1.16426     0.473463   0.00015239
    -1.16426     0.473463   0.00015239
     1.16426     0.392293   0.00020007
    -1.16426     0.392293   0.00020007
     1.16426     0.399956  0.000201468
    -1.16426     0.399956  0.000201468
     1.16426    -0.675323 -0.000174623
    -1.16426    -0.675323 -0.000174623
    0.637674     0.751079 -0.000179175
    0.637674    -0.751079 -0.000179175
     1.16426    -0.509334 -0.000136185
    -1.16426    -0.509334 -0.000136185
     1.16426    -0.617397 -0.000769006
    -1.16426    -0.617397 -0.000769006
   -0.127488     0.751079  -0.00131529
   -0.127488    -0.751079  -0.00131529
     1.16426    -0.545928 -0.000214116
    -1.16426    -0.545928 -0.000214116
  -0.0591234     0.751079 -0.000223547
  -0.0591234    -0.751079 -0.000223547
     1.16426    -0.548801 -9.61266e-06
    -1.16426    -0.548801 -9.61266e-06
   -0.140011     0.751079  0.000376773
   -0.140011    -0.751079  0.000376773
   0.0993562    -0.751079  0.000255944
   0.0993562     0.751079  0.000255944
    0.146298    -0.751079  0.000526753
    0.146298     0.751079  0.000526753
     1.07382     0.654221  1.35784e-05
     1.07382    -0.847937  1.35784e-05
   -0.916546     0.654221  -0.00022037
   -0.916546    -0.847937  -0.00022037
   -0.961644     0.654221  1.17731e-05
   -0.961644    -0.847937  1.17731e-05
    -1.16426     0.468664 -0.000246183
     1.16426     0.468664 -0.000246183
    -1.16426    -0.411234  0.000306077
     1.16426    -0.411234  0.000306077
     1.16426     0.130329  0.000110433
    -1.16426     0.130329  0.000110433
     1.16426    0.0625803  0.000221998
    -1.16426    0.0625803  0.000221998
     1.16426     0.433594 -5.43783e-05
    -1.16426     0.433594 -5.43783e-05
     1.16426     0.212271  8.42821e-05
    -1.16426     0.212271  8.42821e-05
     1.16426     0.135002  0.000120312
    -1.16426     0.135002  0.000120312
     1.16426     0.388173  5.00928e-05
    -1.16426     0.388173  5.00928e-05
    -1.16426    0.0894769  6.26348e-05
     1.16426    0.0894769  6.26348e-05
    0.708869    -0.751079  7.68494e-05
    0.708869     0.751079  7.68494e-05
  -0.0140256    -0.382894   0.00197175
  -0.0140256      1.11926   0.00197175
     1.16426    -0.551271  0.000120618
    -1.16426    -0.551271  0.000120618
    0.842629    -0.382894 -8.54374e-05
    0.842629      1.11926 -8.54374e-05
    -1.16426  -0.00818115  2.20196e-05
     1.16426  -0.00818115  2.20196e-05
    -1.16426    -0.161301  0.000311322
     1.16426    -0.161301  0.000311322
    -1.16426    -0.200962  0.000298539
     1.16426    -0.200962  0.000298539
   -0.660284     0.751079   0.00133018
   -0.660284    -0.751079   0.00133018
    0.957364     0.751079   0.00146054
    0.957364    -0.751079   0.00146054
   -0.862538     0.751079    0.0015691
   -0.862538    -0.751079    0.0015691
     1.16426    -0.533913   0.00161279
    -1.16426    -0.533913   0.00161279
   -0.296874     0.751079  0.000134012
   -0.296874    -0.751079  0.000134012
     1.16426    -0.503966   0.00212086
    -1.16426    -0.503966   0.00212086
    -1.16404     0.751079   0.00144303
    -1.16404    -0.751079   0.00144303
  -0.0199733     0.751079  -0.00315625
  -0.0199733    -0.751079  -0.00315625
     1.16426     0.434631  0.000243942
    -1.16426     0.434631  0.000243942
     1.16426     0.399085  0.000250733
    -1.16426     0.399085  0.000250733
    0.794082     0.751079 -0.000121484
    0.794082    -0.751079 -0.000121484
     -1.0919     0.751079  9.44267e-06
     -1.0919    -0.751079  9.44267e-06
    0.390387     0.751079 -0.000122428
    0.390387    -0.751079 -0.000122428
    -1.13647     0.751079 -6.08681e-05
    -1.13647    -0.751079 -6.08681e-05
     1.04359     0.751079 -0.000582591
     1.04359    -0.751079 -0.000582591
    0.623728    -0.751079   0.00508094
    0.623728     0.751079   0.00508094
    0.289856    -0.751079  0.000756346
    0.289856     0.751079  0.000756346
    0.649617    -0.751079  0.000439283
    0.649617     0.751079  0.000439283
    -0.77704    -0.751079   0.00022865
    -0.77704     0.751079   0.00022865
   -0.773822    -0.751079  0.000160055
   -0.773822     0.751079  0.000160055
   -0.748108     0.751079  8.60964e-05
   -0.748108    -0.751079  8.60964e-05
    0.924464     0.751079   0.00030409
    0.924464    -0.751079   0.00030409
     1.05323     0.751079  0.000391424
     1.05323    -0.751079  0.000391424
    0.702006     0.751079  0.000224394
    0.702006    -0.751079  0.000224394
   -0.539836     0.751079 -1.60696e-05
   -0.539836    -0.751079 -1.60696e-05
   -0.267211     0.751079  -0.00115771
   -0.267211    -0.751079  -0.00115771
 -0.00292958     0.751079  0.000324017
 -0.00292958    -0.751079  0.000324017
    -0.30352     0.751079 -0.000962249
    -0.30352    -0.751079 -0.000962249
    -1.16426    -0.679428  -0.00797465
     1.16426    -0.679428  -0.00797465
    -1.16426    -0.588878 -4.25529e-05
     1.16426    -0.588878 -4.25529e-05
    -1.16426     -0.62631 -4.32072e-05
     1.16426     -0.62631 -4.32072e-05
    0.463485    -0.751079 -0.000448576
    0.463485     0.751079 -0.000448576
    0.654572    -0.751079 -0.000189221
    0.654572     0.751079 -0.000189221
    0.029913    -0.751079  0.000394701
    0.029913     0.751079  0.000394701
   -0.970338    -0.751079 -0.000193292
   -0.970338     0.751079 -0.000193292
     1.16426    -0.626191 -0.000514524
    -1.16426    -0.626191 -0.000514524
     1.16426     0.711497 -0.000629255
    -1.16426     0.711497 -0.000629255
     1.16426    -0.716851 -0.000672047
    -1.16426    -0.716851 -0.000672047
   -0.579501     -0.72045 -0.000684122
   -0.579501     0.781708 -0.000684122
     1.16426    -0.232141  0.000405295
    -1.16426    -0.232141  0.000405295
   -0.117909    -0.714419  -0.00070254
   -0.117909     0.787739  -0.00070254
    -1.16426     0.689478 -0.000651336
     1.16426     0.689478 -0.000651336
    -1.16426    -0.568077 -0.000448316
     1.16426    -0.568077 -0.000448316
   -0.090859    -0.714419 -0.000675496
   -0.090859     0.787739 -0.000675496
    -1.16426    -0.662337  -0.00079992
     1.16426    -0.662337  -0.00079992
     1.16426     0.410875  -0.00088897
    -1.16426     0.410875  -0.00088897
     1.16426     0.119196 -0.000700332
    -1.16426     0.119196 -0.000700332
     1.16426     0.194319 -0.000821706
    -1.16426     0.194319 -0.000821706
     1.16426     0.368684 -0.000748963
    -1.16426     0.368684 -0.000748963
     1.16426     0.524164 -0.000672904
    -1.16426     0.524164 -0.000672904
     1.16426     0.548573  -0.00028209
    -1.16426     0.548573  -0.00028209
    0.433374    -0.751079   -0.0327591
    0.433374     0.751079   -0.0327591
    0.628889    -0.751079 -0.000211562
    0.628889     0.751079 -0.000211562
    0.187605    -0.751079  0.000314392
    0.187605     0.751079  0.000314392
    0.386972    -0.751079  0.000352539
    0.386972     0.751079  0.000352539
     0.33332    -0.751079  0.000933983
     0.33332     0.751079  0.000933983
    -1.15523    -0.751079  0.000338878
    -1.15523     0.751079  0.000338878
    0.824778    -0.751079  0.000327565
    0.824778     0.751079  0.000327565
   -0.764846    -0.751079   0.00337064
   -0.764846     0.751079   0.00337064
     0.77628    -0.751079  0.000133646
     0.77628     0.751079  0.000133646
   -0.932554    -0.751079  0.000817267
   -0.932554     0.751079  0.000817267
   -0.741129    -0.751079  2.52526e-05
   -0.741129     0.751079  2.52526e-05
   -0.400044    -0.751079 -9.18677e-06
   -0.400044     0.751079 -9.18677e-06
     1.01804    -0.751079  9.23769e-05
     1.01804     0.751079  9.23769e-05
    -1.16426    -0.534942 -0.000836318
     1.16426    -0.534942 -0.000836318
    0.199329     0.751079 -0.000484158
    0.199329    -0.751079 -0.000484158
   -0.353768     0.751079  -0.00190897
   -0.353768    -0.751079  -0.00190897
    -1.16426    -0.591279 -0.000920345
     1.16426    -0.591279 -0.000920345
   -0.487331     0.751079 -0.000823829
   -0.487331    -0.751079 -0.000823829
    -1.36175     0.751079 -0.000408459
    -1.36175    -0.751079 -0.000408459
    -1.16426    -0.482557 -0.000893448
     1.16426    -0.482557 -0.000893448
    -1.05947    -0.751079   0.00117897
    -1.05947     0.751079   0.00117897
   -0.705049    -0.751079  0.000145365
   -0.705049     0.751079  0.000145365
   -0.439025    -0.751079  4.99531e-05
   -0.439025     0.751079  4.99531e-05
    0.416871     -0.73963  4.45958e-05
    0.416871     0.762528  4.45958e-05
     1.16426    -0.526634  0.000136008
    -1.16426    -0.526634  0.000136008
   -0.225205     0.751079  0.000217219
   -0.225205    -0.751079  0.000217219
    0.366951     0.751079   0.00046514
    0.366951    -0.751079   0.00046514
    0.313731     0.751079   0.00027691
    0.313731    -0.751079   0.00027691
    0.302981     0.751079 -0.000189157
    0.302981    -0.751079 -0.000189157
    -1.05037     0.751079  -0.00011638
    -1.05037    -0.751079  -0.00011638
     1.09565     0.751079 -0.000736308
     1.09565    -0.751079 -0.000736308
     1.16426    -0.697737  -0.00105439
    -1.16426    -0.697737  -0.00105439
     1.16426    -0.581505 -0.000511633
    -1.16426    -0.581505 -0.000511633
     1.16426    -0.664674 -0.000500089
    -1.16426    -0.664674 -0.000500089
     1.16426    -0.623472 -0.000630163
    -1.16426    -0.623472 -0.000630163
     1.16426    -0.645826  -0.00050577
    -1.16426    -0.645826  -0.00050577
     1.16426    -0.565163 -0.000504662
    -1.16426    -0.565163 -0.000504662
    -1.16426      0.57073  -0.00247117
     1.16426      0.57073  -0.00247117
    -1.16426     0.601637   -0.0109276
     1.16426     0.601637   -0.0109276
     1.59608    -0.751079   -0.0363389
     1.59608     0.751079   -0.0363389
     1.15952    -0.751079  -0.00244344
     1.15952     0.751079  -0.00244344
    -1.16426    -0.750477  -0.00244094
     1.16426    -0.750477  -0.00244094
    -1.16426     0.633255  -0.00258672
     1.16426     0.633255  -0.00258672
     -1.1333    -0.751079  -0.00156506
     -1.1333     0.751079  -0.00156506
    -1.16426     0.720226  -0.00268732
     1.16426     0.720226  -0.00268732
    -1.11999     0.615034 -0.000368622
    -1.11999    -0.887124 -0.000368622
   -0.757584    -0.751079   0.00306298
   -0.757584     0.751079   0.00306298
   -0.835213    -0.751079  0.000306127
   -0.835213     0.751079  0.000306127
   -0.254724    -0.751079 -0.000167794
   -0.254724     0.751079 -0.000167794
    0.851237    -0.751079 -0.000586896
    0.851237     0.751079 -0.000586896
    -1.16426    -0.359513  0.000620086
     1.16426    -0.359513  0.000620086
    0.436357     0.751079   0.00849383
    0.436357    -0.751079   0.00849383
    0.639888     0.751079   0.00889337
    0.639888    -0.751079   0.00889337
    -1.16426    -0.575812   0.00040161
     1.16426    -0.575812   0.00040161
    -1.16426    -0.504505  -0.00203122
     1.16426    -0.504505  -0.00203122
    -1.16426    -0.562573  -0.00232816
     1.16426    -0.562573  -0.00232816
    -1.16426    -0.705996  -0.00227736
     1.16426    -0.705996  -0.00227736
    -1.16426    -0.748423  -0.00185715
     1.16426    -0.748423  -0.00185715
   -0.566934     0.751079   0.00143078
   -0.566934    -0.751079   0.00143078
    0.396074     0.751079  0.000461085
    0.396074    -0.751079  0.000461085
    0.411424     0.751079  0.000458669
    0.411424    -0.751079  0.000458669
    0.607591    -0.751079  0.000548653
    0.607591     0.751079  0.000548653
   -0.587517    -0.751079  0.000360249
   -0.587517     0.751079  0.000360249
     0.62335    -0.751079  0.000476207
     0.62335     0.751079  0.000476207
    -1.16426    -0.693429  0.000257918
     1.16426    -0.693429  0.000257918
     1.16426    -0.341741  0.000152833
    -1.16426    -0.341741  0.000152833
     1.16426   -0.0591008  0.000274781
    -1.16426   -0.0591008  0.000274781
     1.16426    -0.236326  0.000354589
    -1.16426    -0.236326  0.000354589
     1.16426    -0.121064   0.00028575
    -1.16426    -0.121064   0.00028575
     1.16426    -0.292491  0.000389433
    -1.16426    -0.292491  0.000389433
     1.16426     0.641559  -0.00053104
    -1.16426     0.641559  -0.00053104
     1.16426     0.743659 -0.000415184
    -1.16426     0.743659 -0.000415184
    0.518246    -0.751079  -0.00029707
    0.518246     0.751079  -0.00029707
   -0.504098     0.751079  0.000996209
   -0.504098    -0.751079  0.000996209
  -0.0640239     0.751079    0.0010931
  -0.0640239    -0.751079    0.0010931
    -1.16426    -0.656603 -0.000328836
     1.16426    -0.656603 -0.000328836
    -1.16426      0.69192 -0.000298166
     1.16426      0.69192 -0.000298166
     1.16426     0.702349 -0.000335616
    -1.16426     0.702349 -0.000335616
    0.973904    -0.751079 -0.000330183
    0.973904     0.751079 -0.000330183
     1.16426      0.48606 -0.000334828
    -1.16426      0.48606 -0.000334828
    -0.55524    -0.751079 -0.000237912
    -0.55524     0.751079 -0.000237912
   -0.232108    -0.751079 -0.000268485
   -0.232108     0.751079 -0.000268485
    0.179085    -0.751079 -0.000235651
    0.179085     0.751079 -0.000235651
    0.918094    -0.751079  0.000462223
    0.918094     0.751079  0.000462223
    0.336947    -0.751079  0.000585065
    0.336947     0.751079  0.000585065
     1.16426    -0.390346  0.000181778
    -1.16426    -0.390346  0.000181778
     1.16426    -0.281809  0.000364589
    -1.16426    -0.281809  0.000364589
     1.16426    -0.288992  0.000303027
    -1.16426    -0.288992  0.000303027
     1.16426    -0.330962  0.000328273
    -1.16426    -0.330962  0.000328273
    -1.16426     -0.68663 -0.000869355
     1.16426     -0.68663 -0.000869355
    -1.16426    -0.564642   0.00197893
     1.16426    -0.564642   0.00197893
    0.605521    -0.472879 -0.000439459
    0.605521      1.02928 -0.000439459
   -0.978305     0.751079   0.00051345
   -0.978305    -0.751079   0.00051345
    0.665028     0.751079  0.000551039
    0.665028    -0.751079  0.000551039
  -0.0514243     0.751079  0.000494363
  -0.0514243    -0.751079  0.000494363
    0.567743    -0.751079 -0.000273777
    0.567743     0.751079 -0.000273777
    -1.16426     0.740984 -0.000354285
     1.16426     0.740984 -0.000354285
     1.16426     0.580771    -0.028353
    -1.16426     0.580771    -0.028353
     1.16426     0.580218   -0.0214382
    -1.16426     0.580218   -0.0214382
     1.16426     0.537145   -0.0284492
    -1.16426     0.537145   -0.0284492
    -1.16426     0.225431  0.000137011
     1.16426     0.225431  0.000137011
    0.760793     0.751079   0.00018302
    0.760793    -0.751079   0.00018302
   -0.988267     0.751079 -0.000138567
   -0.988267    -0.751079 -0.000138567
   -0.326488     0.751079 -3.67857e-05
   -0.326488    -0.751079 -3.67857e-05
    0.777055    -0.751079  0.000397571
    0.777055     0.751079  0.000397571
   -0.717781     0.751079  -0.00210757
   -0.717781    -0.751079  -0.00210757
    -1.16426      0.22849  5.99833e-05
     1.16426      0.22849  5.99833e-05
    -1.16426     0.471179  1.04391e-05
     1.16426     0.471179  1.04391e-05
     1.16426     0.724232 -2.36916e-05
    -1.16426     0.724232 -2.36916e-05
    -1.16426     0.502008 -8.38248e-05
     1.16426     0.502008 -8.38248e-05
    -1.16426     0.527422 -5.54816e-05
     1.16426     0.527422 -5.54816e-05
     1.16426     0.406528  8.39222e-05
    -1.16426     0.406528  8.39222e-05
   -0.234429     0.751079  -0.00137775
   -0.234429    -0.751079  -0.00137775
    -1.16426    -0.569948 -0.000380235
     1.16426    -0.569948 -0.000380235
     1.16426    0.0852529  0.000154423
    -1.16426    0.0852529  0.000154423
    -1.16426     0.351447  4.86969e-05
     1.16426     0.351447  4.86969e-05
     1.16426     0.689352 -3.46807e-05
    -1.16426     0.689352 -3.46807e-05
    -1.16426     -0.44574  0.000146922
     1.16426     -0.44574  0.000146922
    0.241435     0.751079  0.000204945
    0.241435    -0.751079  0.000204945
    -1.16426    -0.513981 -0.000153492
     1.16426    -0.513981 -0.000153492
     1.16426    -0.293891  -0.00366845
    -1.16426    -0.293891  -0.00366845
      0.8238    -0.751079  3.54984e-05
      0.8238     0.751079  3.54984e-05
    0.676818    -0.751079  -0.00027363
    0.676818     0.751079  -0.00027363
    0.924255    -0.751079  0.000185012
    0.924255     0.751079  0.000185012
    0.801775    -0.751079 -0.000101402
    0.801775     0.751079 -0.000101402
     1.16426     0.585955  0.000485496
    -1.16426     0.585955  0.000485496
     0.25949     0.751079  0.000495087
     0.25949    -0.751079  0.000495087
    0.643348     0.751079  0.000515786
    0.643348    -0.751079  0.000515786
     1.16426   -0.0759194  0.000283987
    -1.16426   -0.0759194  0.000283987
     1.16426    -0.128186  0.000330635
    -1.16426    -0.128186  0.000330635
     0.14838     0.751079 -0.000233637
     0.14838    -0.751079 -0.000233637
    0.524306     0.751079 -0.000229176
    0.524306    -0.751079 -0.000229176
    -1.16426    0.0519026  9.19087e-05
     1.16426    0.0519026  9.19087e-05
    -1.16426    -0.433212 -0.000191072
     1.16426    -0.433212 -0.000191072
    0.069245     0.751079 -0.000204035
    0.069245    -0.751079 -0.000204035
     1.16426    -0.675323 -0.000174623
    -1.16426    -0.675323 -0.000174623
    0.637674     0.751079 -0.000179175
    0.637674    -0.751079 -0.000179175
     1.16426    -0.509334 -0.000136185
    -1.16426    -0.509334 -0.000136185
     1.16426    -0.617397 -0.000769006
    -1.16426    -0.617397 -0.000769006
   -0.127488     0.751079  -0.00131529
   -0.127488    -0.751079  -0.00131529
     1.16426     0.214285  6.42697e-05
    -1.16426     0.214285  6.42697e-05
    -1.16426    -0.161301  0.000311322
     1.16426    -0.161301  0.000311322
    0.979132     0.751079 -6.96338e-05
    0.979132    -0.751079 -6.96338e-05
    0.433177    -0.751079  0.000375487
    0.433177     0.751079  0.000375487
    -1.00798     0.751079   0.00024479
    -1.00798    -0.751079   0.00024479
    -1.16426    -0.588878 -4.25529e-05
     1.16426    -0.588878 -4.25529e-05
    -1.16426     -0.62631 -4.32072e-05
     1.16426     -0.62631 -4.32072e-05
    0.654572    -0.751079 -0.000189221
    0.654572     0.751079 -0.000189221
   -0.675521    -0.751079 -0.000277755
   -0.675521     0.751079 -0.000277755
   -0.381701    -0.751079 -0.000303554
   -0.381701     0.751079 -0.000303554
   -0.741129    -0.751079  2.52526e-05
   -0.741129     0.751079  2.52526e-05
     1.01804    -0.751079  9.23769e-05
     1.01804     0.751079  9.23769e-05
     1.16426    -0.581505 -0.000511633
    -1.16426    -0.581505 -0.000511633
    -1.16426     -0.42045  0.000600816
     1.16426     -0.42045  0.000600816
    0.468641    -0.751079  0.000535929
    0.468641     0.751079  0.000535929
     1.16426    -0.236326  0.000354589
    -1.16426    -0.236326  0.000354589
    -1.16426    -0.693233 -0.000332646
     1.16426    -0.693233 -0.000332646
    0.183556    -0.751079 -0.000298101
    0.183556     0.751079 -0.000298101
   -0.232108    -0.751079 -0.000268485
   -0.232108     0.751079 -0.000268485
    0.665028     0.751079  0.000551039
    0.665028    -0.751079  0.000551039
    0.777055    -0.751079  0.000397571
    0.777055     0.751079  0.000397571
    -1.16426     0.355516  4.03716e-05
     1.16426     0.355516  4.03716e-05
     1.16426     0.406528  8.39222e-05
    -1.16426     0.406528  8.39222e-05
    -1.16426      0.49358  5.26008e-05
     1.16426      0.49358  5.26008e-05
     1.16426    0.0852529  0.000154423
    -1.16426    0.0852529  0.000154423