     2.14854            0            0
           0      1.50216            0
           0            0      1.00531
         350         1456            0
    0.302068    -0.200821 -0.000484469
   0.0272883    -0.579696 -4.00232e-05
    0.268174    -0.543734  3.85193e-05
   0.0785691    -0.334745  -0.00021502
    0.564695    -0.549925  -0.00134852
    0.626343    -0.482033  -0.00340441
    0.303552    -0.381625 -0.000278984
    0.294824    -0.666034  0.000168447
    0.184549    -0.644247  0.000461133
    0.294121      -0.4754 -0.000455576
    0.472517    -0.596985  3.00368e-05
    0.244299    -0.539119 -8.93018e-05
    0.467858    -0.184343  -0.00013651
    0.334128     0.364546  6.05688e-05
  -0.0324334   -0.0417947    -0.015739
    0.183874    0.0595899  8.45423e-05
    0.198027   -0.0226867 -8.28497e-05
    0.800251    0.0588093 -4.75231e-05
     0.34095      -0.1602   0.00392238
    0.375847    -0.158308  0.000746382
    0.319635     0.172959 -0.000465173
    0.370725     0.255098  0.000178567
    0.451204    0.0030838  0.000685279
    0.563793    0.0383939  4.64402e-05
    0.209951   -0.0256548  9.51391e-05
    0.392625     0.059498  9.33166e-05
    0.467561     0.210916  0.000101017
    0.290721    0.0541358  0.000302298
    0.371007   -0.0589931 -7.36928e-05
    0.275031    -0.193644 -0.000349393
    0.433652    -0.213712  0.000449616
    0.581658    -0.128039 -0.000149041
     0.22881    -0.335099 -0.000114043
   -0.551151    -0.307037    -0.214498
   -0.626665    -0.417479    -0.323031
    0.778174    -0.344544    -0.286401
   -0.963799    -0.210164    -0.337109
     1.05729   -0.0980614     -0.29803
    0.975552   0.00419111    -0.329057
    0.934134    -0.273978    -0.292798
   -0.883306    -0.283247    -0.350196
   -0.721304   -0.0985943     -0.32253
    0.529847     0.694836    -0.222578
    0.322155     0.428567     -0.29766
    0.172668     0.432067    -0.209257
    0.418724      0.56872    -0.230256
    0.171377     0.632321    -0.428782
   0.0418917     0.674855    -0.368207
  -0.0538227    -0.163908    -0.260221
    0.186101    -0.330739    -0.295501
    0.136689    -0.463665    -0.351438
    0.365329     0.739767    -0.274152
   0.0159898     0.481919    -0.309928
    0.626011    -0.644896    -0.276162
    0.560048    -0.445537     -0.32931
    0.773085    -0.279445    -0.367467
    0.621553    -0.295812    -0.251303
    0.827862    -0.496453    -0.177784
   -0.483327     0.536642     -0.30823
   -0.737349     0.617355     0.410463
    -0.21535     0.634553     0.324686
   -0.458771    -0.702238     0.316464
   -0.640744     0.545202     0.397436
   -0.788327    -0.595699      0.23133
    0.167277     0.543522     0.338742
    0.972154     0.526775     0.380977
    0.904256     0.480139      0.30985
    0.847657     0.459172     0.370015
    0.780378     0.567557     0.182493
     0.48176     0.472424     0.266435
    0.435263     0.493393     0.358658
    0.211561     0.145893     0.311478
   -0.336499    -0.300228     0.387925
   -0.336788    -0.253091     0.324044
    -0.29462   -0.0584207     0.394325
   -0.695125    0.0388458     0.301312
    0.327927     0.178593     0.317361
   -0.587632     0.348032     0.369769
   -0.377317    -0.444314     0.355465
      1.0722     0.470792     0.308676
   -0.752701      0.51809     0.258719
    -0.16319     0.443235      0.24733
   -0.168811    -0.433079     0.428478
   -0.924086     0.549252     0.435399
  -0.0986624     0.611335     0.338774
   -0.265392    -0.683139     0.355243
   -0.122924      0.37064     0.355956
    0.623333      0.65438     0.416571
   -0.908557    -0.667338     0.394171
     0.28122     0.628203      0.41556
    0.788542     0.190914     0.416145
   -0.788048   -0.0591522     0.423137
   -0.400198    -0.356952    -0.358698
   -0.531795    -0.357791    -0.387082
   -0.240753   -0.0979838    -0.329658
   0.0989462      0.15662    -0.369789
   -0.363603      0.55399     -0.37175
     1.04808    -0.638233    -0.303989
    0.240889     0.502512    -0.351506
    -0.50386  -0.00596204    -0.405315
  -0.0965271    -0.420598     0.395739
    0.755412     0.272844    -0.269155
   -0.590245     -0.69216    -0.299411
   -0.848323    -0.200639     0.341231
    0.509544    -0.329361     0.156127
    -1.04428    -0.343372 -0.000279102
     1.02228    -0.530542  0.000121091
     1.04544    -0.447704 -9.12361e-05
     1.01983    -0.268509  0.000769564
   -0.745186    -0.051893  0.000144378
   -0.681881    0.0703088 -0.000106929
    0.999408   -0.0115831 -0.000237336
    -1.01533    -0.141096 -7.88128e-05
   -0.765141    0.0274825 -5.79116e-05
        -0.7    -0.338821  -0.00321447
    -0.85999   -0.0199065  5.31728e-05
    -1.00576    -0.247457    0.0005484
     1.02003    -0.197788 -0.000605746
   0.0937499     -0.50322     0.284795
    0.845574    -0.516682     0.291931
   0.0903832    -0.304203     0.359975
    0.921405    -0.534557     0.153013
   -0.833852     0.465031   0.00143117
   -0.788262     0.716168  -0.00110736
   -0.813744      0.59104 -0.000478566
    -1.00315     0.538278   -0.0144949
    0.375382     0.586878  0.000618595
    0.476086     0.617347  0.000772653
    0.815311     0.566951   -0.0103345
   -0.988993     0.731272 -0.000723759
   -0.774792    -0.741872 -0.000741798
     1.00078     0.691709 -0.000617042
    0.781321      0.70211 -0.000446318
    0.959468     0.619087 -0.000426398
    -1.00933     0.649331 -0.000567163
   -0.938821     0.548139 -0.000854452
    -0.50783     0.289284    -0.142098
  -0.0633709     0.150076  0.000738594
   -0.244956    0.0864098   9.8098e-06
   -0.349206     0.197055  0.000161616
   -0.224637     0.227666  0.000597188
   -0.184073     0.188138  0.000278314
   -0.379555     0.119732 -0.000172295
   -0.399581     0.257483  -0.00122668
   -0.312558    -0.202773 -0.000563797
  -0.0545606   -0.0357252  -0.00158857
   -0.266649    -0.187678  -0.00010714
   -0.391111    -0.585781  -0.00126443
   -0.459566    -0.244027 -0.000102127
   -0.408957    -0.218456 -0.000689596
   -0.428346     0.161629  -0.00036386
    -0.34728       0.1401 -0.000509293
   -0.303305     0.691367   0.00030911
   -0.135652    -0.281531  -0.00031778
  -0.0227134    -0.700273  0.000636527
   -0.556002    -0.528683 -0.000561619
   -0.348716    -0.638636 -0.000275886
   -0.281008    -0.533175 -0.000938563
   -0.478847    -0.417723 -0.000772213
    -0.24807    -0.315878 -9.52686e-05
   -0.233793     0.633424  0.000737704
    0.325695     0.557399   0.00733427
    0.223364     0.468387  0.000184811
    -0.37481     0.371788 -0.000224559
   -0.246873    -0.670265 -0.000278712
   0.0209097     0.629534  0.000410628
   -0.189446     0.539779  6.17003e-05
   -0.548878     0.482604 -0.000455953
  0.00175991     0.391622  0.000238709
   -0.519972     0.497171 -0.000418567
   -0.275792     0.405073  -0.00126789
  -0.0796953     0.596776   0.00012191
   -0.033059     0.656224  0.000425771
   -0.214001     0.453171  3.10811e-05
  -0.0184952     0.537712  0.000302135
    0.157899     0.561628  0.000989178
   -0.313745    -0.704821  1.59479e-05
   -0.151932     0.616248   0.00045009
   -0.229352    -0.292388 -9.61193e-05
   -0.248309     0.286073 -0.000413388
   -0.331197    -0.282021 -0.000118722
   -0.273913    -0.651265 -0.000226448
  -0.0810633    -0.527701  0.000228405
   -0.240024     0.331364   0.00551788
   -0.343837     0.289323 -0.000717641
   -0.015092     0.722146  0.000585893
   -0.121826     0.257893 -4.06564e-05
   -0.520869    -0.490352 -0.000778589
   -0.471185    -0.594041 -0.000642105
  -0.0289697     0.228611  9.08203e-05
   -0.660296     0.448914  -0.00058611
   -0.599204     0.640496 -0.000665805
   -0.526769    -0.692394 -0.000525303
   -0.351499      0.37752 -0.000323076
   -0.762908      0.48243  -0.00523339
    -0.37722     0.498939 -0.000129854
   -0.680404    -0.629048 -0.000803854
     -0.6006     0.660662 -0.000360541
   -0.436538     0.293442 -0.000604686
   -0.572538     0.413715 -0.000506011
      -0.673     0.725406 -0.000607788
   -0.396068     0.623748   0.00158731
   -0.438172     0.335071 -0.000123494
   -0.335755     0.473616  0.000441564
   -0.727281      0.66366 -0.000637782
   -0.546918    -0.595598  -0.00134164
    0.889691     0.521602 -0.000194255
     1.04725    -0.542425  -0.00185234
    -0.67023     -0.65033  -0.00069381
   -0.101767     0.297071 -8.46886e-06
   -0.556205    -0.219473  2.30654e-05
   -0.584445    0.0372406 -2.44113e-05
   -0.743052     0.172177 -0.000259011
   -0.440719    -0.322433  -0.00128015
   -0.592054    -0.285773    -0.014775
   -0.914672    -0.658713 -0.000917038
   -0.452001    -0.142255 -5.39146e-05
   -0.775089    -0.232387  0.000260323
    0.956807     0.179328 -0.000146234
   -0.995933     0.613791 -0.000408122
   -0.742193    -0.713535 -0.000731403
   -0.624191    -0.142062 -0.000440422
   -0.354701     0.370926  -0.00283875
    0.117622     0.443152      0.00023
   -0.498861   -0.0521594  0.000272388
    -0.82415    -0.621959  -0.00096088
   -0.850586    -0.406658  -0.00104887
   -0.566289    -0.606845 -0.000759952
    -0.41452    0.0424397 -8.59233e-06
    -0.67935     0.578816 -0.000404832
   -0.740628    -0.416037     -0.00217
   -0.813971     0.100099 -0.000132913
   -0.841665    -0.314227 -0.000530735
   -0.564531     0.346004 -0.000572593
   -0.983215    -0.455528  0.000466807
   -0.533313     0.199106  -0.00037518
   -0.307372   -0.0806822   4.7615e-05
   -0.954887     0.253911 -0.000280657
     1.01025     0.536124  -0.00043902
   -0.769708       0.3737 -0.000411655
     1.00231     0.648517     0.185908
   -0.424589    -0.328645     0.203532
    0.224894     0.493452     0.202524
   -0.279006    -0.427784     0.237917
  -0.0806658     0.113472     0.276478
   -0.165607      0.54992     0.214914
   -0.337991     0.532382    -0.290556
   -0.353248    -0.586202    -0.214586
    0.990471     0.488745    -0.135839
    0.649677     0.645582    -0.212805
   -0.160596     0.273597    -0.157797
   -0.803564    -0.219326    -0.136622
   -0.745835     0.322975    -0.219876
    -0.26854    -0.293166    -0.259888
    -0.20492     0.341922    -0.300612
   -0.860077    -0.127224     0.001272
    0.993272    0.0963129 -0.000128397
    0.673553   -0.0556968  3.14469e-05
    0.394178    -0.425586 -0.000533979
    0.417978    -0.531151 -0.000733952
    0.629776   -0.0575464 -4.01805e-05
    0.213046   -0.0859132 -0.000320925
    0.636992     -0.47374  -0.00149399
    0.480173    -0.163327 -8.74378e-05
    0.639137    -0.312478 -0.000128619
    0.710646    -0.394073  -0.00160111
    0.974557    -0.098404 -0.000186691
    0.708064    -0.228714 -0.000295682
    0.848145    -0.252737 -7.92498e-06
    0.665961    -0.289009   0.00836142
    0.519296    -0.253804 -2.04175e-05
    0.719127    0.0295811     0.295002
     0.21588    -0.259959     0.181836
     0.71775      -0.1873    -0.253484
    0.253172    -0.405745    -0.266584
     1.03768    -0.461193     -0.14454
     0.93996   -0.0229737  0.000786966
    0.758344     0.203485 -0.000439943
    0.980001    -0.649618 -0.000228672
   -0.118017     0.117764 -2.37108e-06
    0.991348    0.0333468 -2.69551e-05
    0.312614     0.490102  0.000145281
    0.523302    -0.410988 -0.000401873
    0.681769     0.724151   0.00188351
    0.653292     0.354548  0.000233699
    0.390331     0.709811  0.000280658
    -1.05453    -0.459787 -0.000711653
    0.602583    -0.643343 -0.000944212
     1.03676    -0.621011  -0.00315452
    0.243234     0.270998  0.000208231
    0.128999     0.660305   0.00619999
    0.182718     0.495758  0.000904325
   -0.358526     0.190724  -0.00140374
    0.658881    -0.599188  -0.00113172
    0.815927    -0.692095 -0.000836991
     1.06017    -0.412187 -0.000573204
    0.364872     0.329748 -0.000295721
    0.507859    -0.370184 -0.000267533
    0.580152     0.608194   0.00902474
     1.03828     0.212693 -0.000256366
     0.49914     0.419053  0.000121727
    0.270159     0.747659   0.00019608
    0.652576    -0.338075  -0.00436178
    0.178558     0.734896     0.170057
    0.352785      0.36175    -0.194412
   -0.371358  -0.00396439     -0.16215
    0.634507     0.273944 -4.27729e-05
    0.918783     0.138624  -0.00133123
   -0.871807     0.514656 -0.000193293
    0.781058     0.478279   -0.0373975
   0.0958681     0.178318  0.000110175
    0.153132     0.313725  0.000246402
    0.354787     0.573107  0.000142204
   -0.168887    -0.223434 -0.000369078
    0.445498     0.602979   3.2673e-05
   -0.139473     0.192031  -0.00127174
    0.724045     0.285498  -9.9746e-05
    0.132874     0.746145  0.000439579
   -0.101787   -0.0254415   3.7859e-05
 -0.00863567     0.159025 -5.76922e-05
   -0.166698    -0.127998  -0.00229465
    0.286982    -0.203934   0.00100914
    0.278688     0.104059  0.000127501
    0.548002     0.309204  9.78011e-05
     0.30214      0.44317   0.00300603
  0.00798545     0.100598  2.46834e-07
    0.084014    -0.165991 -0.000246023
  -0.0121242    -0.651208  0.000144876
    0.293078    -0.626298  9.31701e-05
    0.484598    -0.686885 -0.000281008
   0.0844141    -0.506508 -0.000272189
    0.117845      0.73877   0.00043096
  -0.0305864    -0.381624  -7.1361e-05
    0.307953   0.00954665 -2.45454e-07
   0.0650444    -0.618162  0.000702207
    0.298307    -0.117046  0.000174837
   0.0139633   -0.0647894  -0.00479606
   0.0667017    -0.569947 -8.43005e-05
    0.228975     0.717973  0.000718745
  -0.0748682    -0.349652  -0.00263368
   -0.343803    -0.676078 -0.000359327
    0.181207    -0.438592 -0.000284286
    0.603057     0.720395 -0.000260539
    0.125013     0.476437  0.000224674
  -0.0199551     -0.21599  -0.00137466
    0.876399     0.307293 -0.000154765
   -0.145172    -0.357332 -6.48426e-05
   -0.161673    -0.632434  0.000211872
   0.0407414   -0.0402768  3.43395e-05
    0.178328     0.206729  0.000441856
     1.07427    -0.619115     0.209682
    -1.07427    -0.619115     0.209682
   -0.196732     0.751079     0.168941
   -0.196732    -0.751079     0.168941
   -0.428055     0.751079     0.251025
   -0.428055    -0.751079     0.251025
     1.07427    -0.690933      0.20047
    -1.07427    -0.690933      0.20047
    0.675924     0.751079      0.20548
    0.675924    -0.751079      0.20548
     1.07427    -0.710916      0.24092
    -1.07427    -0.710916      0.24092
    0.837323     0.751079     0.252781
    0.837323    -0.751079     0.252781
   -0.852359    -0.507306     0.502657
   -0.852359    -0.507306    -0.502657
    0.978855     -0.51535     0.502657
    0.978855     -0.51535    -0.502657
   -0.548511    -0.270844     0.502657
   -0.548511    -0.270844    -0.502657
       1.009   -0.0929662     0.502657
       1.009   -0.0929662    -0.502657
     1.07427    -0.698423     0.396488
    -1.07427    -0.698423     0.396488
   -0.299493     0.751079      0.34609
   -0.299493    -0.751079      0.34609
   -0.433143     0.751079     0.384226
   -0.433143    -0.751079     0.384226
     1.07427     0.682006     0.386329
    -1.07427     0.682006     0.386329
     1.07427     0.632964     0.378555
    -1.07427     0.632964     0.378555
    -1.00099    -0.550027     0.421264
    -1.00099     0.952131     0.421264
   -0.719761    -0.593129     0.502657
   -0.719761    -0.593129    -0.502657
    -1.00903    -0.585023     0.502657
    -1.00903    -0.585023    -0.502657
   -0.460384    -0.428136     0.502657
   -0.460384    -0.428136    -0.502657
   -0.682928    -0.660944     0.502657
   -0.682928    -0.660944    -0.502657
    -1.31201    -0.751079     0.121012
    -1.31201     0.751079     0.121012
  -0.0223455    -0.565329     0.502657
  -0.0223455    -0.565329    -0.502657
   0.0387667    -0.550027    -0.489747
   0.0387667     0.952131    -0.489747
   -0.871335     0.698757     0.502657
   -0.871335     0.698757    -0.502657
   0.0931824    -0.672864     0.502657
   0.0931824    -0.672864    -0.502657
   0.0595886    -0.591032     0.502657
   0.0595886    -0.591032    -0.502657
    -1.07427     -0.71217     0.412339
     1.07427     -0.71217     0.412339
    -1.07427    -0.729082     0.420812
     1.07427    -0.729082     0.420812
    -1.07427    -0.591561     0.430852
     1.07427    -0.591561     0.430852
    0.173956     0.751079     0.431405
    0.173956    -0.751079     0.431405
    -1.07427     0.601102     0.432323
     1.07427     0.601102     0.432323
    -1.07427     0.555215     0.489943
     1.07427     0.555215     0.489943
   -0.852467     0.489526     0.502657
   -0.852467     0.489526    -0.502657
    0.947918     0.751079     0.483774
    0.947918    -0.751079     0.483774
    -1.07427     0.739168      0.49119
     1.07427     0.739168      0.49119
   -0.878891      0.72075     0.502657
   -0.878891      0.72075    -0.502657
    0.845336     0.689407     0.502657
    0.845336     0.689407    -0.502657
    -1.07427     0.643886    -0.480864
     1.07427     0.643886    -0.480864
    0.316489     0.729886     0.502657
    0.316489     0.729886    -0.502657
    0.411594     0.437006     0.502657
    0.411594     0.437006    -0.502657
    0.673085    -0.684227     0.502657
    0.673085    -0.684227    -0.502657
    0.372407     0.751079     0.474114
    0.372407    -0.751079     0.474114
     0.53653     0.693065     0.502657
     0.53653     0.693065    -0.502657
    0.945684     0.319646     0.502657
    0.945684     0.319646    -0.502657
    -1.07427    -0.698606     0.391306
     1.07427    -0.698606     0.391306
     1.00022     0.751079     0.393929
     1.00022    -0.751079     0.393929
    0.874033     0.751079     0.389596
    0.874033    -0.751079     0.389596
   -0.811181    -0.674414     0.502657
   -0.811181    -0.674414    -0.502657
    0.642545     0.685297     0.502657
    0.642545     0.685297    -0.502657
     1.02375    -0.689874     0.502657
     1.02375    -0.689874    -0.502657
    -1.04984     0.175715     0.502657
    -1.04984     0.175715    -0.502657
     1.07427     0.741661     0.294016
    -1.07427     0.741661     0.294016
     1.07427     0.368916     0.307733
    -1.07427     0.368916     0.307733
   -0.482165      0.66333     0.322479
   -0.482165    -0.838828     0.322479
     1.07427     0.622566     0.333779
    -1.07427     0.622566     0.333779
     1.07427    -0.686156     0.344158
    -1.07427    -0.686156     0.344158
     1.07427       0.5954     0.335237
    -1.07427       0.5954     0.335237
     1.07427     0.336999     0.346129
    -1.07427     0.336999     0.346129
  -0.0132392    -0.512531     0.412685
  -0.0132392     0.989627     0.412685
   -0.467175    -0.512531      0.41954
   -0.467175     0.989627      0.41954
   -0.458839     -0.35687     0.502657
   -0.458839     -0.35687    -0.502657
   0.0733395    -0.537174     0.502657
   0.0733395    -0.537174    -0.502657
    0.146446    -0.512531    -0.475362
    0.146446     0.989627    -0.475362
    0.234229    -0.671669     0.502657
    0.234229    -0.671669    -0.502657
    0.230838    -0.563698     0.502657
    0.230838    -0.563698    -0.502657
    0.225144     0.751079     0.160964
    0.225144    -0.751079     0.160964
    0.126543     0.751079     0.247113
    0.126543    -0.751079     0.247113
   -0.382959     0.751079      0.24097
   -0.382959    -0.751079      0.24097
    0.148962     0.751079     0.247521
    0.148962    -0.751079     0.247521
     3.47155   -0.0453768    -0.472517
     3.47155     -1.54753    -0.472517
    0.501865     0.751079     0.236885
    0.501865    -0.751079     0.236885
   -0.668798     0.751079     0.223891
   -0.668798    -0.751079     0.223891
     1.95332     0.751079     0.136702
     1.95332    -0.751079     0.136702
   -0.750223    -0.540811     0.199434
     1.39832    -0.540811     0.199434
     1.07427     0.596524     0.371889
    -1.07427     0.596524     0.371889
   -0.479902     0.539089     0.502657
   -0.479902     0.539089    -0.502657
    -1.07427    -0.699277     0.243097
     1.07427    -0.699277     0.243097
    0.513927     0.751079     0.257164
    0.513927    -0.751079     0.257164
    0.484606     0.751079     0.268985
    0.484606    -0.751079     0.268985
    0.605495     0.751079     0.263284
    0.605495    -0.751079     0.263284
     1.07427    0.0495824      0.29814
    -1.07427    0.0495824      0.29814
     1.07427   -0.0489329     0.304967
    -1.07427   -0.0489329     0.304967
     1.07427    0.0041719     0.322611
    -1.07427    0.0041719     0.322611
   -0.452986    -0.376835     0.502657
   -0.452986    -0.376835    -0.502657
    0.362696     0.751079     0.305278
    0.362696    -0.751079     0.305278
   -0.405697     0.751079     0.344764
   -0.405697    -0.751079     0.344764
   -0.889553    -0.655525     0.502657
   -0.889553    -0.655525    -0.502657
    0.648078    -0.551165     0.502657
    0.648078    -0.551165    -0.502657
    0.143134    -0.505388     0.502657
    0.143134    -0.505388    -0.502657
    -0.31553    -0.751079     0.160538
    -0.31553     0.751079     0.160538
     1.07427    -0.610994     0.202297
    -1.07427    -0.610994     0.202297
     1.07427     0.661042     0.175699
    -1.07427     0.661042     0.175699
     0.21699    -0.751079     0.288809
     0.21699     0.751079     0.288809
    0.234673    -0.751079      0.28812
    0.234673     0.751079      0.28812
    0.179227    -0.751079     0.286936
    0.179227     0.751079     0.286936
    0.215539    -0.751079     0.288464
    0.215539     0.751079     0.288464
    -0.31119     0.751079     0.242512
    -0.31119    -0.751079     0.242512
    0.694405    -0.751079     0.379773
    0.694405     0.751079     0.379773
   -0.481554    -0.751079     0.345279
   -0.481554     0.751079     0.345279
     0.41788    -0.751079     0.381002
     0.41788     0.751079     0.381002
     0.89112    -0.615936     0.502657
     0.89112    -0.615936    -0.502657
   -0.803297    -0.751079      0.49899
   -0.803297     0.751079      0.49899
   -0.809322    -0.743968     0.502657
   -0.809322    -0.743968    -0.502657
  -0.0871287    -0.751079     0.452315
  -0.0871287     0.751079     0.452315
    0.168364     -0.60558     0.502657
    0.168364     -0.60558    -0.502657
    0.953081     0.467488     0.502657
    0.953081     0.467488    -0.502657
     0.27098     0.304456     0.502657
     0.27098     0.304456    -0.502657
   -0.848736    -0.727693     0.502657
   -0.848736    -0.727693    -0.502657
    0.640174    -0.552365     0.502657
    0.640174    -0.552365    -0.502657
     0.01089     0.664441     0.502657
     0.01089     0.664441    -0.502657
    0.829009    0.0467223     0.502657
    0.829009    0.0467223    -0.502657
     1.07427    -0.610835     0.305032
    -1.07427    -0.610835     0.305032
    0.614602     0.700961     0.356751
    0.614602      2.20312     0.356751
   -0.398392    -0.751079      0.30166
   -0.398392     0.751079      0.30166
     1.07427     0.680779     0.277942
    -1.07427     0.680779     0.277942
     1.07427     0.653515     0.315521
    -1.07427     0.653515     0.315521
    0.104768     0.700961     0.267216
    0.104768      2.20312     0.267216
   -0.535127    -0.450847     0.502657
   -0.535127    -0.450847    -0.502657
    -1.05203    -0.688414     0.502657
    -1.05203    -0.688414    -0.502657
    -1.07427     0.122783     0.324705
     1.07427     0.122783     0.324705
    -1.07427    -0.076479     0.362318
     1.07427    -0.076479     0.362318
    -1.07427    -0.347785     0.419853
     1.07427    -0.347785     0.419853
   -0.267462      -0.3978     0.502657
   -0.267462      -0.3978    -0.502657
   -0.973291    -0.507525     0.502657
   -0.973291    -0.507525    -0.502657
    0.243232    -0.396794     0.502657
    0.243232    -0.396794    -0.502657
    0.939635    -0.558403     0.502657
    0.939635    -0.558403    -0.502657
     1.07427    -0.597523     0.416341
    -1.07427    -0.597523     0.416341
     0.55491     0.751079     0.411553
     0.55491    -0.751079     0.411553
    -2.61698    -0.287273     0.276851
    -2.61698     -1.78943     0.276851
   -0.782053    -0.523621     0.502657
   -0.782053    -0.523621    -0.502657
    0.219672    -0.545887     0.502657
    0.219672    -0.545887    -0.502657
   -0.226987    -0.715265     0.502657
   -0.226987    -0.715265    -0.502657
   -0.120635     0.751079    -0.487338
   -0.120635    -0.751079    -0.487338
   -0.904687    -0.592805     0.502657
   -0.904687    -0.592805    -0.502657
     1.03877     0.751079    -0.322363
     1.03877    -0.751079    -0.322363
    0.935508    -0.667148     0.502657
    0.935508    -0.667148    -0.502657
   -0.648284    -0.746515     0.502657
   -0.648284    -0.746515    -0.502657
    0.707533    -0.641798     0.502657
    0.707533    -0.641798    -0.502657
     1.01967    -0.467476     0.502657
     1.01967    -0.467476    -0.502657
   -0.805946    -0.701567     0.502657
   -0.805946    -0.701567    -0.502657
    -0.80504     0.751079    -0.479889
    -0.80504    -0.751079    -0.479889
     0.53565    -0.614461     0.502657
     0.53565    -0.614461    -0.502657
   -0.616544     0.751079    -0.382402
   -0.616544    -0.751079    -0.382402
   -0.372838     -0.53412      0.30681
   -0.372838     0.968038      0.30681
    0.529265    -0.751079     0.189053
    0.529265     0.751079     0.189053
    0.525156    -0.751079     0.286694
    0.525156     0.751079     0.286694
   -0.436119    -0.751079     0.225301
   -0.436119     0.751079     0.225301
    0.505722    -0.751079     0.402708
    0.505722     0.751079     0.402708
    0.680862     0.709583     0.502657
    0.680862     0.709583    -0.502657
    -1.07427     0.743882     0.463469
     1.07427     0.743882     0.463469
   -0.562404    -0.615894     0.502657
   -0.562404    -0.615894    -0.502657
     1.03345    -0.666308     0.502657
     1.03345    -0.666308    -0.502657
    -1.07427     0.512765     0.456903
     1.07427     0.512765     0.456903
   -0.411925     0.522615     0.502657
   -0.411925     0.522615    -0.502657
     1.01999     0.690245     0.502657
     1.01999     0.690245    -0.502657
    -1.07427     0.702804    -0.495644
     1.07427     0.702804    -0.495644
    0.701281     0.480468     0.502657
    0.701281     0.480468    -0.502657
     0.24447    -0.645542     0.502657
     0.24447    -0.645542    -0.502657
    0.131374     0.347709     0.502657
    0.131374     0.347709    -0.502657
    0.499926    -0.751022     0.502657
    0.499926    -0.751022    -0.502657
    0.878674     0.751079     0.389421
    0.878674    -0.751079     0.389421
    0.981749    -0.550122     0.502657
    0.981749    -0.550122    -0.502657
   -0.750014    -0.398506    0.0505175
   -0.750014     -1.90066    0.0505175
   -0.878662    -0.633266     0.502657
   -0.878662    -0.633266    -0.502657
    0.735719     0.751079     0.486655
    0.735719    -0.751079     0.486655
    0.772779     0.712963     0.502657
    0.772779     0.712963    -0.502657
    -1.07427     0.484359     0.376816
     1.07427     0.484359     0.376816
    0.313893     0.307966     0.502657
    0.313893     0.307966    -0.502657
   -0.744256    -0.746446     0.502657
   -0.744256    -0.746446    -0.502657
    -1.03982    0.0627339     0.502657
    -1.03982    0.0627339    -0.502657
   -0.568234      0.51738     0.502657
   -0.568234      0.51738    -0.502657
   -0.255598    -0.751079     0.470216
   -0.255598     0.751079     0.470216
   -0.343839    -0.428412     0.502657
   -0.343839    -0.428412    -0.502657
   -0.491804    -0.248133     0.502657
   -0.491804    -0.248133    -0.502657
    0.214566    0.0789914     0.502657
    0.214566    0.0789914    -0.502657
   -0.982459    -0.599923     0.502657
   -0.982459    -0.599923    -0.502657
    0.297362    -0.630628     0.502657
    0.297362    -0.630628    -0.502657
    0.372827    -0.481169     0.502657
    0.372827    -0.481169    -0.502657
   -0.761544     0.751079     0.324201
   -0.761544    -0.751079     0.324201
    0.274964     0.527268     0.502657
    0.274964     0.527268    -0.502657
    0.330601    -0.553484     0.502657
    0.330601    -0.553484    -0.502657
    0.175066    -0.517607     0.502657
    0.175066    -0.517607    -0.502657
     0.53708    -0.660768     0.502657
     0.53708    -0.660768    -0.502657
    0.363702    -0.633226     0.502657
    0.363702    -0.633226    -0.502657
  -0.0156059     0.751079     -0.36878
  -0.0156059    -0.751079     -0.36878
     1.07427     0.155356     0.420002
    -1.07427     0.155356     0.420002
    -0.48183    -0.122342     0.502657
    -0.48183    -0.122342    -0.502657
    0.453814     0.256631     0.502657
    0.453814     0.256631    -0.502657
   -0.171719     0.148853     0.502657
   -0.171719     0.148853    -0.502657
     1.06674     0.443077     0.502657
     1.06674     0.443077    -0.502657
   -0.494862     0.335784     0.502657
   -0.494862     0.335784    -0.502657
    0.786644     0.539198     0.502657
    0.786644     0.539198    -0.502657
    0.148693     0.233396     0.502657
    0.148693     0.233396    -0.502657
   -0.263131    -0.751079     0.263348
   -0.263131     0.751079     0.263348
    0.955257    -0.576225     0.502657
    0.955257    -0.576225    -0.502657
   -0.840434    -0.374462     0.502657
   -0.840434    -0.374462    -0.502657
   -0.538304    -0.121755     0.502657
   -0.538304    -0.121755    -0.502657
    0.176602     0.128475     0.502657
    0.176602     0.128475    -0.502657
     1.00879   -0.0256548     0.502657
     1.00879   -0.0256548    -0.502657
    0.196664    -0.197521     0.502657
    0.196664    -0.197521    -0.502657
    -1.07427    -0.207621     0.475948
     1.07427    -0.207621     0.475948
    -0.74735    -0.270357     0.502657
    -0.74735    -0.270357    -0.502657
    0.931949    -0.360338     0.502657
    0.931949    -0.360338    -0.502657
    -1.07427   -0.0637609     0.469357
     1.07427   -0.0637609     0.469357
   -0.605585   -0.0447562     0.502657
   -0.605585   -0.0447562    -0.502657
    0.548009    -0.115611     0.502657
    0.548009    -0.115611    -0.502657
     1.04007   -0.0353635     0.502657
     1.04007   -0.0353635    -0.502657
    0.307061    -0.259421     0.502657
    0.307061    -0.259421    -0.502657
    -0.73899     0.751079    -0.278143
    -0.73899    -0.751079    -0.278143
    -0.83798     0.751079    -0.292959
    -0.83798    -0.751079    -0.292959
   -0.443664     0.655197    -0.199912
     1.70488     0.655197    -0.199912
    0.455919    -0.751079     -0.15479
    0.455919     0.751079     -0.15479
      1.0607     0.492101    -0.181963
      1.0607      1.99426    -0.181963
   -0.358005    -0.751079    -0.249856
   -0.358005     0.751079    -0.249856
     0.24451     0.492101    -0.219105
     0.24451      1.99426    -0.219105
    0.676902    -0.751079    -0.296899
    0.676902     0.751079    -0.296899
   -0.175005    -0.751079    -0.226325
   -0.175005     0.751079    -0.226325
     4.71843    -0.751079    -0.198809
     4.71843     0.751079    -0.198809
   -0.443664     0.670876    -0.203358
     1.70488     0.670876    -0.203358
    -1.07427    -0.350316    -0.328134
     1.07427    -0.350316    -0.328134
    -1.07427    -0.204546     -0.33703
     1.07427    -0.204546     -0.33703
    -1.07427    -0.262222    -0.330551
     1.07427    -0.262222    -0.330551
    -1.07427    -0.670642    -0.323067
     1.07427    -0.670642    -0.323067
    -1.07427    -0.635873     -0.30874
     1.07427    -0.635873     -0.30874
     1.07427    -0.392806    -0.364128
    -1.07427    -0.392806    -0.364128
     1.07427    -0.421432     -0.36604
    -1.07427    -0.421432     -0.36604
     3.10167    -0.321316    -0.389378
     3.10167      1.18084    -0.389378
    -0.25009    -0.751079    -0.171966
    -0.25009     0.751079    -0.171966
   -0.383522    -0.740422    -0.179317
   -0.383522     0.761736    -0.179317
     1.07427     0.527983    -0.139459
    -1.07427     0.527983    -0.139459
     1.07427     0.274828    -0.136789
    -1.07427     0.274828    -0.136789
 -0.00478219     0.717267    -0.146589
 -0.00478219    -0.784891    -0.146589
     1.07427     0.618202    -0.162893
    -1.07427     0.618202    -0.162893
     1.07427    -0.715912    -0.220506
    -1.07427    -0.715912    -0.220506
   -0.131497     0.717267    -0.143408
   -0.131497    -0.784891    -0.143408
     1.07427     0.573705    -0.201547
    -1.07427     0.573705    -0.201547
   0.0121393     0.751079    -0.137877
   0.0121393    -0.751079    -0.137877
   -0.124674     0.751079    -0.245405
   -0.124674    -0.751079    -0.245405
   -0.789133     0.751079      -0.2353
   -0.789133    -0.751079      -0.2353
    0.650209     0.255795    -0.502657
    0.650209     0.255795     0.502657
  -0.0773426     0.751079    -0.193064
  -0.0773426    -0.751079    -0.193064
   -0.508602     0.751079    -0.281113
   -0.508602    -0.751079    -0.281113
   -0.840664     0.751079    -0.244436
   -0.840664    -0.751079    -0.244436
     1.07427    -0.295403     -0.23187
    -1.07427    -0.295403     -0.23187
    -1.07427    -0.353082    -0.167578
     1.07427    -0.353082    -0.167578
    -1.07427    -0.048751    -0.171204
     1.07427    -0.048751    -0.171204
    -1.07427    -0.284552    -0.164122
     1.07427    -0.284552    -0.164122
    -1.07427    -0.421126    -0.138692
     1.07427    -0.421126    -0.138692
   -0.344201     -0.67705    -0.502657
   -0.344201     -0.67705     0.502657
   -0.493612    -0.593581    -0.502657
   -0.493612    -0.593581     0.502657
    -0.93398     0.751079    -0.363051
    -0.93398    -0.751079    -0.363051
     1.07427    -0.416728    -0.308693
    -1.07427    -0.416728    -0.308693
    0.249594     0.751079     -0.31732
    0.249594    -0.751079     -0.31732
    0.221262     0.751079    -0.359325
    0.221262    -0.751079    -0.359325
     1.07427     0.227002     -0.29695
    -1.07427     0.227002     -0.29695
     1.07427   -0.0673716     -0.32871
    -1.07427   -0.0673716     -0.32871
     1.07427  -0.00428166    -0.366388
    -1.07427  -0.00428166    -0.366388
    0.767205    -0.467908    -0.271299
    0.767205      1.03425    -0.271299
    0.853722     0.335783    -0.269172
    0.853722      1.83794    -0.269172
     1.07427     0.515306     -0.27829
    -1.07427     0.515306     -0.27829
    -4.29356     0.335783    -0.103942
    -4.29356      1.83794    -0.103942
     1.07427     0.732854    -0.307662
    -1.07427     0.732854    -0.307662
    0.960971    -0.751079     -0.30786
    0.960971     0.751079     -0.30786
     1.07427     0.494802    -0.303756
    -1.07427     0.494802    -0.303756
     1.07427    -0.739339    -0.318395
    -1.07427    -0.739339    -0.318395
     1.02741    -0.587455    -0.320153
     1.02741     0.914703    -0.320153
    -1.07427    -0.475282    -0.212779
     1.07427    -0.475282    -0.212779
   -0.835494     0.751079    -0.348112
   -0.835494    -0.751079    -0.348112
    0.457739     0.751079    -0.355922
    0.457739    -0.751079    -0.355922
     1.07427     0.159531    -0.274104
    -1.07427     0.159531    -0.274104
     1.07427    -0.147704    -0.307863
    -1.07427    -0.147704    -0.307863
    -1.07427     0.459338    -0.232413
     1.07427     0.459338    -0.232413
     1.84146      0.21924     0.158389
     1.84146     -1.28292     0.158389
     1.05747     0.751079    -0.308918
     1.05747    -0.751079    -0.308918
    -1.07427     0.497286    -0.290532
     1.07427     0.497286    -0.290532
   -0.864283     0.751079    -0.276452
   -0.864283    -0.751079    -0.276452
   -0.043194     0.751079    -0.336895
   -0.043194    -0.751079    -0.336895
    -1.07427    -0.503262    -0.311795
     1.07427    -0.503262    -0.311795
   -0.244784     0.751079     0.132112
   -0.244784    -0.751079     0.132112
     1.07427    -0.585823     0.139801
    -1.07427    -0.585823     0.139801
     1.07427    -0.643746     0.134766
    -1.07427    -0.643746     0.134766
   0.0632962     0.751079     0.116804
   0.0632962    -0.751079     0.116804
    -1.07427    -0.719922   -0.0434758
     1.07427    -0.719922   -0.0434758
    0.151553     0.751079    0.0951524
    0.151553    -0.751079    0.0951524
    0.395044     0.751079     0.100268
    0.395044    -0.751079     0.100268
    -1.07427    -0.717632     0.219717
     1.07427    -0.717632     0.219717
    -1.07427    -0.719922   -0.0434758
     1.07427    -0.719922   -0.0434758
     1.07427   -0.0178679     0.244297
    -1.07427   -0.0178679     0.244297
   -0.460966    -0.751079   -0.0671978
   -0.460966     0.751079   -0.0671978
    -0.94861    -0.751079   -0.0641546
    -0.94861     0.751079   -0.0641546
     1.07427     0.737833     0.120399
    -1.07427     0.737833     0.120399
     1.07427     0.733076     0.122602
    -1.07427     0.733076     0.122602
    -1.07427    -0.708221   -0.0308424
     1.07427    -0.708221   -0.0308424
    0.163344    -0.751079     0.161335
    0.163344     0.751079     0.161335
    -1.07427    -0.612677    -0.032986
     1.07427    -0.612677    -0.032986
    0.638433    -0.751079     0.147062
    0.638433     0.751079     0.147062
    -1.07427     0.602992   -0.0303386
     1.07427     0.602992   -0.0303386
   -0.757476     0.751079   -0.0993701
   -0.757476    -0.751079   -0.0993701
      -1.044    -0.527517   -0.0928519
      -1.044     0.974641   -0.0928519
     1.07427    -0.311391   -0.0410074
    -1.07427    -0.311391   -0.0410074
    0.120967     0.751079 -0.000684291
    0.120967    -0.751079 -0.000684291
    -1.07427    -0.748067 -0.000648512
     1.07427    -0.748067 -0.000648512
    -1.05938     0.751079 -0.000649579
    -1.05938    -0.751079 -0.000649579
    0.293195     0.751079 -0.000715987
    0.293195    -0.751079 -0.000715987
    -1.07427    -0.564089   0.00332829
     1.07427    -0.564089   0.00332829
    -1.07427    -0.464686 -0.000450216
     1.07427    -0.464686 -0.000450216
    -1.07427    -0.543459 -0.000535365
     1.07427    -0.543459 -0.000535365
    -1.07427    -0.733327 -0.000458625
     1.07427    -0.733327 -0.000458625
    -1.07427     0.733142 -0.000245581
     1.07427     0.733142 -0.000245581
     1.07427     -0.19298 -0.000369172
    -1.07427     -0.19298 -0.000369172
     1.07427   -0.0323165 -0.000497814
    -1.07427   -0.0323165 -0.000497814
     1.07427    -0.371815 -0.000533891
    -1.07427    -0.371815 -0.000533891
     1.07427    -0.320874  -0.00034252
    -1.07427    -0.320874  -0.00034252
     1.07427    -0.453812  -0.00111201
    -1.07427    -0.453812  -0.00111201
     1.07427    -0.370909 -0.000587671
    -1.07427    -0.370909 -0.000587671
     1.07427    -0.323553  -0.00033374
    -1.07427    -0.323553  -0.00033374
    0.948852    -0.751079 -0.000183753
    0.948852     0.751079 -0.000183753
   -0.831796    -0.751079  0.000675074
   -0.831796     0.751079  0.000675074
    0.663121    -0.751079 -0.000188402
    0.663121     0.751079 -0.000188402
   -0.525314    -0.751079  0.000310082
   -0.525314     0.751079  0.000310082
   -0.657508    -0.751079  0.000118002
   -0.657508     0.751079  0.000118002
   -0.751734    -0.751079  0.000344729
   -0.751734     0.751079  0.000344729
   -0.196331     0.751079  0.000315245
   -0.196331    -0.751079  0.000315245
  -0.0383368     0.751079  0.000331999
  -0.0383368    -0.751079  0.000331999
   -0.519969     0.751079  0.000179706
   -0.519969    -0.751079  0.000179706
   -0.284934     0.751079  0.000350148
   -0.284934    -0.751079  0.000350148
     1.07427     0.547904  -0.00151442
    -1.07427     0.547904  -0.00151442
   0.0756458    -0.751079  -0.00171159
   0.0756458     0.751079  -0.00171159
     1.07427     0.617869  -0.00161189
    -1.07427     0.617869  -0.00161189
  -0.0772238    -0.751079  -0.00146217
  -0.0772238     0.751079  -0.00146217
  -0.0402584    -0.751079  -0.00169807
  -0.0402584     0.751079  -0.00169807
     1.07427     0.735817  -0.00128283
    -1.07427     0.735817  -0.00128283
    0.955073     0.751079 -0.000629447
    0.955073    -0.751079 -0.000629447
     0.66286     0.751079 -0.000688129
     0.66286    -0.751079 -0.000688129
   -0.797907     0.751079 -0.000551599
   -0.797907    -0.751079 -0.000551599
   -0.806044     0.751079 -0.000526998
   -0.806044    -0.751079 -0.000526998
    0.902996    -0.328986   -0.0187578
    0.902996     -1.83114   -0.0187578
    -1.07427    -0.531139  -0.00066555
     1.07427    -0.531139  -0.00066555
    0.405912     0.751079 -0.000748713
    0.405912    -0.751079 -0.000748713
    -1.07427    -0.582874 -0.000851957
     1.07427    -0.582874 -0.000851957
   -0.237427     0.751079  -0.00156893
   -0.237427    -0.751079  -0.00156893
   -0.890358     0.751079 -0.000919417
   -0.890358    -0.751079 -0.000919417
    -1.44062     0.751079  -0.00143727
    -1.44062    -0.751079  -0.00143727
    0.918582     0.751079 -0.000705323
    0.918582    -0.751079 -0.000705323
   -0.939092     0.751079 -0.000577832
   -0.939092    -0.751079 -0.000577832
   -0.865501     0.751079    0.0004456
   -0.865501    -0.751079    0.0004456
     1.07427   -0.0820096  5.36313e-05
    -1.07427   -0.0820096  5.36313e-05
     1.07427     -0.15545   7.3262e-05
    -1.07427     -0.15545   7.3262e-05
     1.07427   -0.0254176  4.09127e-06
    -1.07427   -0.0254176  4.09127e-06
     1.07427   0.00613282 -8.93006e-06
    -1.07427   0.00613282 -8.93006e-06
    0.394795     0.751079  0.000143546
    0.394795    -0.751079  0.000143546
    0.595733     0.751079  9.93114e-05
    0.595733    -0.751079  9.93114e-05
    0.874445     0.751079  6.28944e-05
    0.874445    -0.751079  6.28944e-05
    0.309844     0.751079    6.508e-05
    0.309844    -0.751079    6.508e-05
    -1.07427     0.725964   0.00108599
     1.07427     0.725964   0.00108599
    -1.07427     0.571853   0.00112547
     1.07427     0.571853   0.00112547
    -1.07427     0.620681   0.00108812
     1.07427     0.620681   0.00108812
    -1.07427     0.525455 -0.000640216
     1.07427     0.525455 -0.000640216
   -0.533174    -0.751079 -0.000315368
   -0.533174     0.751079 -0.000315368
    0.559743    -0.751079 -0.000811624
    0.559743     0.751079 -0.000811624
    0.705117    -0.751079 -0.000674341
    0.705117     0.751079 -0.000674341
    0.433843    -0.751079 -0.000607302
    0.433843     0.751079 -0.000607302
   -0.627463    -0.751079 -0.000350004
   -0.627463     0.751079 -0.000350004
    -1.07427     0.583551 -0.000684275
     1.07427     0.583551 -0.000684275
    0.624584    -0.751079 -0.000679449
    0.624584     0.751079 -0.000679449
   -0.837028      0.46589 -0.000559586
   -0.837028     -1.03627 -0.000559586
     1.07427     0.685974  -0.00132439
    -1.07427     0.685974  -0.00132439
    0.919222    -0.751079  0.000112962
    0.919222     0.751079  0.000112962
    0.410369    -0.751079  0.000241784
    0.410369     0.751079  0.000241784
     1.04043    -0.751079  4.53321e-05
     1.04043     0.751079  4.53321e-05
     0.60302    -0.751079  0.000176804
     0.60302     0.751079  0.000176804
    -1.07427   -0.0481504  0.000118316
     1.07427   -0.0481504  0.000118316
   -0.521728     0.751079 -3.88374e-05
   -0.521728    -0.751079 -3.88374e-05
    0.746791     0.751079  5.11281e-05
    0.746791    -0.751079  5.11281e-05
    0.999931     0.751079  3.19332e-05
    0.999931    -0.751079  3.19332e-05
    0.412727     0.751079  0.000242615
    0.412727    -0.751079  0.000242615
    0.623143     0.751079  0.000152921
    0.623143    -0.751079  0.000152921
   -0.444809     0.751079  0.000253534
   -0.444809    -0.751079  0.000253534
   -0.489325     0.751079  0.000254685
   -0.489325    -0.751079  0.000254685
   -0.602237     0.751079  0.000229715
   -0.602237    -0.751079  0.000229715
  0.00423766     0.751079  0.000536602
  0.00423766    -0.751079  0.000536602
    0.371709    -0.751079 -0.000588729
    0.371709     0.751079 -0.000588729
    0.893116    -0.751079 -0.000467687
    0.893116     0.751079 -0.000467687
     0.76173    -0.751079 -0.000504559
     0.76173     0.751079 -0.000504559
   -0.887351    -0.751079  0.000336909
   -0.887351     0.751079  0.000336909
     1.07427     0.522094 -0.000220267
    -1.07427     0.522094 -0.000220267
     1.07427     0.678659 -0.000307138
    -1.07427     0.678659 -0.000307138
    0.583973    -0.751079 -0.000343865
    0.583973     0.751079 -0.000343865
   -0.285484    -0.751079 -0.000209653
   -0.285484     0.751079 -0.000209653
   -0.797279    -0.751079 -8.72417e-05
   -0.797279     0.751079 -8.72417e-05
     1.07427     0.481713 -0.000387062
    -1.07427     0.481713 -0.000387062
     1.07427     0.618832 -0.000335298
    -1.07427     0.618832 -0.000335298
   -0.843557    -0.751079 -0.000331649
   -0.843557     0.751079 -0.000331649
     1.07427    -0.686311 -0.000360974
    -1.07427    -0.686311 -0.000360974
     1.07427     0.622674  -0.00350626
    -1.07427     0.622674  -0.00350626
    -0.30021    -0.751079  -0.00787288
    -0.30021     0.751079  -0.00787288
     1.07427     0.543669 -0.000435476
    -1.07427     0.543669 -0.000435476
   -0.756062    -0.751079   0.00338313
   -0.756062     0.751079   0.00338313
   -0.511366    -0.751079 -0.000238556
   -0.511366     0.751079 -0.000238556
   0.0318975    -0.751079 -0.000343886
   0.0318975     0.751079 -0.000343886
   0.0403747     0.751079  0.000198159
   0.0403747    -0.751079  0.000198159
  0.00946034     0.751079   0.00031909
  0.00946034    -0.751079   0.00031909
     0.63854     0.751079   0.00021279
     0.63854    -0.751079   0.00021279
    0.580944     0.751079  0.000134878
    0.580944    -0.751079  0.000134878
   -0.568488     0.751079  0.000128563
   -0.568488    -0.751079  0.000128563
   -0.303033     0.751079  0.000342306
   -0.303033    -0.751079  0.000342306
    -1.07427    0.0553415 -2.47166e-05
     1.07427    0.0553415 -2.47166e-05
     1.07427    -0.169832  0.000638724
    -1.07427    -0.169832  0.000638724
     1.07427   -0.0947199  0.000916616
    -1.07427   -0.0947199  0.000916616
     1.07427    0.0409176  0.000538642
    -1.07427    0.0409176  0.000538642
     1.07427   -0.0916446  0.000603586
    -1.07427   -0.0916446  0.000603586
     1.07427    -0.617677 -0.000135953
    -1.07427    -0.617677 -0.000135953
     1.07427     0.703739   -0.0003124
    -1.07427     0.703739   -0.0003124
     1.07427    -0.649445 -0.000770227
    -1.07427    -0.649445 -0.000770227
     1.07427     -0.58633 -0.000218834
    -1.07427     -0.58633 -0.000218834
     1.07427    -0.676879  4.74683e-05
    -1.07427    -0.676879  4.74683e-05
    -1.07427     0.210383 -0.000224261
     1.07427     0.210383 -0.000224261
    -1.07427     0.162388 -0.000248865
     1.07427     0.162388 -0.000248865
    -1.07427     0.271874     -0.00026
     1.07427     0.271874     -0.00026
    -1.07427     0.232338 -0.000240106
     1.07427     0.232338 -0.000240106
     1.07427    -0.743196  -0.00161072
    -1.07427    -0.743196  -0.00161072
   -0.352553     0.751079 -0.000261368
   -0.352553    -0.751079 -0.000261368
   -0.504788     0.751079 -0.000167043
   -0.504788    -0.751079 -0.000167043
     1.07427    -0.601174 -0.000442176
    -1.07427    -0.601174 -0.000442176
     1.07427    -0.678229 -0.000269375
    -1.07427    -0.678229 -0.000269375
     1.07427    -0.710986  -0.00313134
    -1.07427    -0.710986  -0.00313134
     1.07427    -0.722363 -0.000195056
    -1.07427    -0.722363 -0.000195056
    0.147369    -0.751079 -0.000739536
    0.147369     0.751079 -0.000739536
    -1.07427     0.549088 -0.000724948
     1.07427     0.549088 -0.000724948
    -0.33511    -0.751079 -0.000698916
    -0.33511     0.751079 -0.000698916
    0.805517    -0.751079  -0.00059161
    0.805517     0.751079  -0.00059161
   0.0217137    -0.751079 -0.000593068
   0.0217137     0.751079 -0.000593068
   -0.698442    -0.751079 -0.000499124
   -0.698442     0.751079 -0.000499124
   0.0634694    -0.751079 -0.000808953
   0.0634694     0.751079 -0.000808953
   -0.894744    -0.751079  0.000290914
   -0.894744     0.751079  0.000290914
    -1.07427     0.529622 -0.000690217
     1.07427     0.529622 -0.000690217
   -0.152682    -0.751079 -0.000603547
   -0.152682     0.751079 -0.000603547
   -0.202852    -0.751079 -0.000108335
   -0.202852     0.751079 -0.000108335
  -0.0638722    -0.751079 -8.14418e-05
  -0.0638722     0.751079 -8.14418e-05
   -0.795928    -0.751079  0.000446857
   -0.795928     0.751079  0.000446857
  -0.0630593    -0.751079 -1.67928e-05
  -0.0630593     0.751079 -1.67928e-05
   -0.387362    -0.751079 -9.45379e-05
   -0.387362     0.751079 -9.45379e-05
   -0.819534    -0.495502   -0.0012476
     1.32901    -0.495502   -0.0012476
   -0.224535    -0.751079 -8.47198e-05
   -0.224535     0.751079 -8.47198e-05
   -0.121612    -0.751079  -5.6114e-05
   -0.121612     0.751079  -5.6114e-05
   -0.794988    -0.751079  0.000443552
   -0.794988     0.751079  0.000443552
    -1.07427    -0.583896 -0.000335965
     1.07427    -0.583896 -0.000335965
    -1.07427    -0.625185 -0.000737145
     1.07427    -0.625185 -0.000737145
    -1.07427    -0.475584 -2.82754e-05
     1.07427    -0.475584 -2.82754e-05
    -1.07427    -0.747533 -0.000446632
     1.07427    -0.747533 -0.000446632
    -1.07427    -0.457744 -0.000202788
     1.07427    -0.457744 -0.000202788
     1.07427    -0.631388  -0.00857461
    -1.07427    -0.631388  -0.00857461
   -0.604939     0.751079  -0.00837805
   -0.604939    -0.751079  -0.00837805
   -0.154412     0.751079  -0.00866877
   -0.154412    -0.751079  -0.00866877
     1.07427    -0.658768  -0.00852495
    -1.07427    -0.658768  -0.00852495
     1.07427    -0.591485  -0.00773881
    -1.07427    -0.591485  -0.00773881
    -1.07427    -0.529235  -0.00290467
     1.07427    -0.529235  -0.00290467
    0.996956    -0.751079 -0.000522976
    0.996956     0.751079 -0.000522976
    0.887059    -0.751079 -0.000649603
    0.887059     0.751079 -0.000649603
     1.07427    -0.128823  5.95331e-05
    -1.07427    -0.128823  5.95331e-05
     1.07427     0.335685 -0.000232713
    -1.07427     0.335685 -0.000232713
     1.07427    0.0928656 -5.75082e-05
    -1.07427    0.0928656 -5.75082e-05
     1.07427    -0.165222 -0.000166876
    -1.07427    -0.165222 -0.000166876
     1.07427     0.170377 -8.90673e-05
    -1.07427     0.170377 -8.90673e-05
    -1.07427     0.608403  -0.00438707
     1.07427     0.608403  -0.00438707
    -1.07427     0.685541  -0.00687818
     1.07427     0.685541  -0.00687818
    -1.07427     0.696235 -0.000572684
     1.07427     0.696235 -0.000572684
     1.07427    -0.104096 -4.40497e-05
    -1.07427    -0.104096 -4.40497e-05
     1.07427    -0.127171   1.6141e-05
    -1.07427    -0.127171   1.6141e-05
    -1.07427    -0.424199 -0.000702804
     1.07427    -0.424199 -0.000702804
    0.159092     0.751079 -0.000804722
    0.159092    -0.751079 -0.000804722
    0.632325     0.751079 -0.000762193
    0.632325    -0.751079 -0.000762193
    -1.07427     -0.67379 -0.000759963
     1.07427     -0.67379 -0.000759963
   -0.773658     0.751079 -0.000769222
   -0.773658    -0.751079 -0.000769222
    0.355318     0.751079 -0.000832058
    0.355318    -0.751079 -0.000832058
    -1.07427    -0.423113  -0.00064476
     1.07427    -0.423113  -0.00064476
    -1.07427    -0.464416  -0.00065549
     1.07427    -0.464416  -0.00065549
    0.984854     0.751079  -0.00102174
    0.984854    -0.751079  -0.00102174
     1.07427     0.489216  5.41534e-05
    -1.07427     0.489216  5.41534e-05
     1.07427      0.45893   8.1328e-05
    -1.07427      0.45893   8.1328e-05
     1.07427    -0.664423 -0.000697515
    -1.07427    -0.664423 -0.000697515
    0.611143     0.751079 -0.000730743
    0.611143    -0.751079 -0.000730743
     1.07427    -0.504217 -0.000570944
    -1.07427    -0.504217 -0.000570944
   0.0694576     0.751079  -0.00166692
   0.0694576    -0.751079  -0.00166692
     1.07427    -0.543464 -0.000679841
    -1.07427    -0.543464 -0.000679841
   -0.282072     0.751079 -0.000694238
   -0.282072    -0.751079 -0.000694238
     1.07427    -0.541799 -0.000360853
    -1.07427    -0.541799 -0.000360853
    0.361545     0.751079  0.000329149
    0.361545    -0.751079  0.000329149
   -0.173232    -0.751079  0.000213674
   -0.173232     0.751079  0.000213674
   -0.118959    -0.751079  0.000251219
   -0.118959     0.751079  0.000251219
   -0.816074      0.74789 -0.000132565
   -0.816074    -0.754268 -0.000132565
   -0.811006      0.74789 -0.000140107
   -0.811006    -0.754268 -0.000140107
   -0.809849      0.74789  -0.00013148
   -0.809849    -0.754268  -0.00013148
    -1.07427     0.492769  -0.00090054
     1.07427     0.492769  -0.00090054
    -1.07427     0.719113 -0.000565099
     1.07427     0.719113 -0.000565099
    -1.07427    -0.404942  0.000140205
     1.07427    -0.404942  0.000140205
    -1.07427    -0.411273  0.000132575
     1.07427    -0.411273  0.000132575
     1.07427    0.0893413   0.00022605
    -1.07427    0.0893413   0.00022605
     1.07427     0.463529 -0.000159215
    -1.07427     0.463529 -0.000159215
     1.07427     0.220065 -0.000143298
    -1.07427     0.220065 -0.000143298
     1.07427     0.152356 -9.45526e-05
    -1.07427     0.152356 -9.45526e-05
     1.07427     0.397733 -0.000225514
    -1.07427     0.397733 -0.000225514
    -1.07427    0.0270547 -8.74887e-05
     1.07427    0.0270547 -8.74887e-05
    -1.07427    0.0865345 -0.000290421
     1.07427    0.0865345 -0.000290421
    -1.07427     0.066555 -6.98106e-05
     1.07427     0.066555 -6.98106e-05
    0.365749    -0.751079  1.91576e-05
    0.365749     0.751079  1.91576e-05
   -0.703445    -0.483658  0.000608774
   -0.703445       1.0185  0.000608774
   -0.400156    -0.483658 -0.000427543
   -0.400156       1.0185 -0.000427543
     1.07427   -0.0879689   0.00017394
    -1.07427   -0.0879689   0.00017394
     1.07427   -0.0224795 -0.000159186
    -1.07427   -0.0224795 -0.000159186
     1.07427   -0.0843422 -0.000201898
    -1.07427   -0.0843422 -0.000201898
   -0.832159     0.751079  0.000733098
   -0.832159    -0.751079  0.000733098
    0.401303     0.751079  0.000854855
    0.401303    -0.751079  0.000854855
    -1.01416     0.751079   0.00109935
    -1.01416    -0.751079   0.00109935
   0.0247124     0.751079 -0.000307721
   0.0247124    -0.751079 -0.000307721
    0.237196     0.751079   0.00084995
    0.237196    -0.751079   0.00084995
    -1.00689     0.751079   -0.0132424
    -1.00689    -0.751079   -0.0132424
    0.722124     0.751079 -0.000527862
    0.722124    -0.751079 -0.000527862
   -0.874904     0.751079 -0.000331883
   -0.874904    -0.751079 -0.000331883
    0.467596     0.751079 -0.000592068
    0.467596    -0.751079 -0.000592068
    -1.03955     0.751079  -0.00048195
    -1.03955    -0.751079  -0.00048195
    0.961554     0.751079 -0.000776299
    0.961554    -0.751079 -0.000776299
    0.210149    -0.751079   0.00271892
    0.210149     0.751079   0.00271892
  -0.0376965    -0.751079  0.000623758
  -0.0376965     0.751079  0.000623758
     0.32156    -0.751079  0.000666397
     0.32156     0.751079  0.000666397
   -0.438104    -0.751079  0.000680764
   -0.438104     0.751079  0.000680764
   -0.489743    -0.751079  0.000527261
   -0.489743     0.751079  0.000527261
   -0.922385     0.751079 -0.000207451
   -0.922385    -0.751079 -0.000207451
     0.65208     0.751079  0.000203407
     0.65208    -0.751079  0.000203407
    0.527996     0.751079  0.000147338
    0.527996    -0.751079  0.000147338
    0.460399     0.751079  7.23552e-05
    0.460399    -0.751079  7.23552e-05
   -0.749538     0.751079 -0.000363075
   -0.749538    -0.751079 -0.000363075
   -0.516694     0.751079  -0.00242938
   -0.516694    -0.751079  -0.00242938
   -0.201288     0.751079  0.000253778
   -0.201288    -0.751079  0.000253778
    -1.07427    -0.698572   -0.0010307
     1.07427    -0.698572   -0.0010307
   -0.601831     0.751079  -0.00130577
   -0.601831    -0.751079  -0.00130577
    -1.07427    -0.670986    -0.011516
     1.07427    -0.670986    -0.011516
    -1.07427      0.72001  -0.00037606
     1.07427      0.72001  -0.00037606
    -1.07427     -0.57726 -0.000414753
     1.07427     -0.57726 -0.000414753
    -1.07427    -0.620352 -0.000417454
     1.07427    -0.620352 -0.000417454
    0.483555    -0.751079 -0.000860988
    0.483555     0.751079 -0.000860988
     0.65735    -0.751079  -0.00069483
     0.65735     0.751079  -0.00069483
   -0.499498    -0.751079 -0.000300907
   -0.499498     0.751079 -0.000300907
    -1.07427     0.525848 -0.000712828
     1.07427     0.525848 -0.000712828
   -0.883346    -0.751079 -0.000366096
   -0.883346     0.751079 -0.000366096
     1.07427    -0.627367  -0.00122759
    -1.07427    -0.627367  -0.00122759
     1.07427     0.744282  -0.00142743
    -1.07427     0.744282  -0.00142743
   -0.794044    -0.672186  -0.00138967
   -0.794044     0.829972  -0.00138967
   0.0698417    -0.630267  -0.00077628
   0.0698417     0.871891  -0.00077628
    -1.07427     0.725445  -0.00129935
     1.07427     0.725445  -0.00129935
    -1.07427    -0.728941  -0.00051371
     1.07427    -0.728941  -0.00051371
    -1.07427     0.697686 -0.000869026
     1.07427     0.697686 -0.000869026
    -1.07427    -0.514203 -0.000573151
     1.07427    -0.514203 -0.000573151
    -1.07427    -0.665803 -0.000683037
     1.07427    -0.665803 -0.000683037
    0.210428    -0.630267 -0.000699245
    0.210428     0.871891 -0.000699245
    -1.07427    -0.590428  -0.00206194
     1.07427    -0.590428  -0.00206194
     1.07427      0.41743  -0.00105476
    -1.07427      0.41743  -0.00105476
     1.07427     0.118703 -0.000988115
    -1.07427     0.118703 -0.000988115
     1.07427     0.358407  -0.00107519
    -1.07427     0.358407  -0.00107519
    -0.20745    -0.751079   -0.0298552
    -0.20745     0.751079   -0.0298552
    0.146743    -0.751079  -0.00067775
    0.146743     0.751079  -0.00067775
   -0.152664    -0.751079  0.000136224
   -0.152664     0.751079  0.000136224
    0.128813    -0.751079  0.000220277
    0.128813     0.751079  0.000220277
   0.0286269    -0.751079  0.000241947
   0.0286269     0.751079  0.000241947
    0.473179    -0.751079  0.000209245
    0.473179     0.751079  0.000209245
    0.557422    -0.751079  0.000248071
    0.557422     0.751079  0.000248071
     -1.0437    -0.751079   0.00333022
     -1.0437     0.751079   0.00333022
    0.546341    -0.751079 -7.21883e-05
    0.546341     0.751079 -7.21883e-05
     1.02511    -0.751079   0.00015297
     1.02511     0.751079   0.00015297
   -0.940321    -0.751079 -0.000276182
   -0.940321     0.751079 -0.000276182
   -0.669282    -0.751079 -0.000335935
   -0.669282     0.751079 -0.000335935
    0.757767    -0.751079 -0.000144454
    0.757767     0.751079 -0.000144454
    -1.07427    -0.570503 -0.000958159
     1.07427    -0.570503 -0.000958159
   -0.298383     0.751079 -0.000763873
   -0.298383    -0.751079 -0.000763873
    -1.07427     -0.55009  -0.00144971
     1.07427     -0.55009  -0.00144971
  -0.0681856     0.751079  -0.00199627
  -0.0681856    -0.751079  -0.00199627
    -1.07427    -0.639877  -0.00112063
     1.07427    -0.639877  -0.00112063
   -0.751706     0.751079  -0.00112448
   -0.751706    -0.751079  -0.00112448
    -1.07427    -0.472161  -0.00102788
     1.07427    -0.472161  -0.00102788
    0.548894     0.751079 -0.000507993
    0.548894    -0.751079 -0.000507993
    -1.07427    -0.494622 -0.000999752
     1.07427    -0.494622 -0.000999752
    -1.07427     0.596393 -0.000494754
     1.07427     0.596393 -0.000494754
   -0.826116    -0.751079  0.000384997
   -0.826116     0.751079  0.000384997
   -0.569265    -0.751079  7.01538e-05
   -0.569265     0.751079  7.01538e-05
    -0.70004    -0.751079  0.000318805
    -0.70004     0.751079  0.000318805
    0.184093    -0.751079 -0.000261084
    0.184093     0.751079 -0.000261084
   -0.459094     0.751079  7.71985e-06
   -0.459094    -0.751079  7.71985e-06
    0.144651     0.751079  0.000555331
    0.144651    -0.751079  0.000555331
    0.131638     0.751079  0.000165127
    0.131638    -0.751079  0.000165127
    0.401161     0.751079 -0.000765172
    0.401161    -0.751079 -0.000765172
    -1.00835     0.751079  -0.00062731
    -1.00835    -0.751079  -0.00062731
    0.974643     0.751079 -0.000957717
    0.974643    -0.751079 -0.000957717
    -1.07427    -0.264882 -0.000454097
     1.07427    -0.264882 -0.000454097
   -0.449908     0.495745   -0.0024047
     1.69863     0.495745   -0.0024047
     1.07427    -0.596921  -0.00151212
    -1.07427    -0.596921  -0.00151212
     1.07427    -0.611555  -0.00131431
    -1.07427    -0.611555  -0.00131431
     1.07427    -0.546685  -0.00131232
    -1.07427    -0.546685  -0.00131232
     1.07427     0.705479  -0.00257214
    -1.07427     0.705479  -0.00257214
   -0.878703    -0.751079     -0.03125
   -0.878703     0.751079     -0.03125
      -0.215    -0.751079   -0.0024889
      -0.215     0.751079   -0.0024889
   0.0162303    -0.751079   -0.0017643
   0.0162303     0.751079   -0.0017643
     1.03834     0.698815 -0.000451249
     1.03834    -0.803343 -0.000451249
   -0.976968    -0.751079   0.00289072
   -0.976968     0.751079   0.00289072
    -1.01073    -0.751079 -2.95445e-05
    -1.01073     0.751079 -2.95445e-05
   -0.518415    -0.751079 -0.000924352
   -0.518415     0.751079 -0.000924352
    0.952957    -0.751079  -0.00112616
    0.952957     0.751079  -0.00112616
     1.07427    -0.432315   0.00040458
    -1.07427    -0.432315   0.00040458
     1.07427    -0.505136  0.000699847
    -1.07427    -0.505136  0.000699847
     1.07427    -0.392137  0.000720923
    -1.07427    -0.392137  0.000720923
    0.164019     0.751079   0.00410358
    0.164019    -0.751079   0.00410358
    0.367014     0.751079   0.00420059
    0.367014    -0.751079   0.00420059
    -1.07427    -0.630241  -0.00502873
     1.07427    -0.630241  -0.00502873
    -1.07427     -0.53483  -0.00901451
     1.07427     -0.53483  -0.00901451
    -1.07427     -0.64922   -0.0111129
     1.07427     -0.64922   -0.0111129
    -1.07427     0.669805   -0.0107132
     1.07427     0.669805   -0.0107132
    -1.07427      0.68315  -0.00768462
     1.07427      0.68315  -0.00768462
    -0.72961     0.751079  0.000366073
    -0.72961    -0.751079  0.000366073
    0.379112     0.738335  0.000904067
    0.379112    -0.763823  0.000904067
    0.392748     0.738335  0.000900096
    0.392748    -0.763823  0.000900096
    0.316841    -0.751079   0.00070985
    0.316841     0.751079   0.00070985
   -0.291567    -0.751079  0.000717155
   -0.291567     0.751079  0.000717155
    0.343349    -0.751079  0.000595948
    0.343349     0.751079  0.000595948
     1.07427    -0.719108 -0.000207563
    -1.07427    -0.719108 -0.000207563
     1.07427     0.746122  0.000206205
    -1.07427     0.746122  0.000206205
     1.07427    -0.645916  0.000223851
    -1.07427    -0.645916  0.000223851
     1.07427    -0.279603 -0.000281775
    -1.07427    -0.279603 -0.000281775
     1.07427    -0.169313 -0.000163355
    -1.07427    -0.169313 -0.000163355
     1.07427    -0.223597 -2.02959e-05
    -1.07427    -0.223597 -2.02959e-05
     1.07427     0.715458  -0.00102102
    -1.07427     0.715458  -0.00102102
   0.0585948    -0.751079 -0.000796104
   0.0585948     0.751079 -0.000796104
   -0.595929     0.751079   0.00023425
   -0.595929    -0.751079   0.00023425
   -0.314635     0.751079  0.000431352
   -0.314635    -0.751079  0.000431352
    -1.07427     0.665173 -0.000732643
     1.07427     0.665173 -0.000732643
    -1.07427    -0.642366  -0.00076063
     1.07427    -0.642366  -0.00076063
    -1.07427     0.687235 -0.000681829
     1.07427     0.687235 -0.000681829
     1.07427     0.434563 -0.000817491
    -1.07427     0.434563 -0.000817491
     1.07427     0.498879 -0.000870203
    -1.07427     0.498879 -0.000870203
   -0.700129    -0.751079 -0.000660824
   -0.700129     0.751079 -0.000660824
    -0.44731    -0.751079 -0.000713355
    -0.44731     0.751079 -0.000713355
   -0.123188    -0.751079 -0.000670909
   -0.123188     0.751079 -0.000670909
    0.592854    -0.751079  0.000230133
    0.592854     0.751079  0.000230133
   0.0939679    -0.751079  3.20125e-05
   0.0939679     0.751079  3.20125e-05
     1.07427     -0.30453 -2.71945e-05
    -1.07427     -0.30453 -2.71945e-05
     1.07427    -0.317098 -0.000267912
    -1.07427    -0.317098 -0.000267912
     1.07427    -0.349302 -0.000181523
    -1.07427    -0.349302 -0.000181523
    -1.07427     0.648633 -0.000899142
     1.07427     0.648633 -0.000899142
     1.07427    -0.436993 -4.79034e-05
    -1.07427    -0.436993 -4.79034e-05
     1.07427     -0.47088 -0.000455124
    -1.07427     -0.47088 -0.000455124
    0.824016    -0.470649 -0.000687301
    0.824016      1.03151 -0.000687301
     1.00992     0.751079  0.000401883
     1.00992    -0.751079  0.000401883
    0.409805     0.751079  0.000618265
    0.409805    -0.751079  0.000618265
   -0.254807     0.751079  0.000510427
   -0.254807    -0.751079  0.000510427
    0.799101    -0.751079 -0.000458333
    0.799101     0.751079 -0.000458333
    -1.07427     -0.71956 -0.000243044
     1.07427     -0.71956 -0.000243044
     1.07427     0.605471   -0.0235086
    -1.07427     0.605471   -0.0235086
    -1.07427     0.249327 -0.000138294
     1.07427     0.249327 -0.000138294
    0.518354     0.751079  3.15457e-05
    0.518354    -0.751079  3.15457e-05
   -0.997578     0.751079 -0.000118356
   -0.997578    -0.751079 -0.000118356
   -0.394433     0.751079  0.000272088
   -0.394433    -0.751079  0.000272088
    0.493342    -0.751079  0.000397947
    0.493342     0.751079  0.000397947
   -0.311153     0.751079   -0.0136979
   -0.311153    -0.751079   -0.0136979
     1.07427     0.444519 -0.000390555
    -1.07427     0.444519 -0.000390555
     1.07427      0.34296 -0.000263921
    -1.07427      0.34296 -0.000263921
     1.07427     0.737245 -0.000394215
    -1.07427     0.737245 -0.000394215
    -1.07427   -0.0845541 -9.11486e-05
     1.07427   -0.0845541 -9.11486e-05
    -1.07427     0.490673 -0.000623283
     1.07427     0.490673 -0.000623283
    -1.07427     0.489416 -0.000551464
     1.07427     0.489416 -0.000551464
    -1.07427     0.542171 -0.000568582
     1.07427     0.542171 -0.000568582
    -1.07427     0.735546 -0.000337724
     1.07427     0.735546 -0.000337724
     1.07427     0.436217 -0.000182401
    -1.07427     0.436217 -0.000182401
    -1.07427    -0.594172 -0.000993336
     1.07427    -0.594172 -0.000993336
   -0.212736     0.751079  -0.00161465
   -0.212736    -0.751079  -0.00161465
    -1.07427    -0.546512 -0.000612358
     1.07427    -0.546512 -0.000612358
     1.07427    0.0741153 -7.97041e-05
    -1.07427    0.0741153 -7.97041e-05
     1.07427   -0.0335857  2.81106e-05
    -1.07427   -0.0335857  2.81106e-05
     1.07427     0.124724 -0.000121701
    -1.07427     0.124724 -0.000121701
     1.07427     0.693747 -0.000432932
    -1.07427     0.693747 -0.000432932
    -1.07427    -0.444834   -0.0012231
     1.07427    -0.444834   -0.0012231
   0.0929077     0.751079  5.00258e-05
   0.0929077    -0.751079  5.00258e-05
    -1.07427    -0.504318 -0.000582007
     1.07427    -0.504318 -0.000582007
     1.07427    -0.267203 -0.000484471
    -1.07427    -0.267203 -0.000484471
    0.980431    -0.751079 -0.000125921
    0.980431     0.751079 -0.000125921
     1.07427     0.617869  -0.00161189
    -1.07427     0.617869  -0.00161189
     1.07427     0.730458  -0.00159567
    -1.07427     0.730458  -0.00159567
     1.07427     0.735817  -0.00128283
    -1.07427     0.735817  -0.00128283
    0.705117    -0.751079 -0.000674341
    0.705117     0.751079 -0.000674341
     0.60302    -0.751079  0.000176804
     0.60302     0.751079  0.000176804
     0.80982    -0.751079 -0.000553651
     0.80982     0.751079 -0.000553651
   0.0218551     0.751079  0.000514976
   0.0218551    -0.751079  0.000514976
    0.385609     0.751079  0.000451058
    0.385609    -0.751079  0.000451058
    0.645786    -0.751079 -0.000699071
    0.645786     0.751079 -0.000699071
    -1.07427    -0.475584 -2.82754e-05
     1.07427    -0.475584 -2.82754e-05
     1.07427    0.0178131 -5.34475e-06
    -1.07427    0.0178131 -5.34475e-06
    -1.07427    -0.424199 -0.000702804
     1.07427    -0.424199 -0.000702804
    0.159092     0.751079 -0.000804722
    0.159092    -0.751079 -0.000804722
     1.07427    -0.664423 -0.000697515
    -1.07427    -0.664423 -0.000697515
    0.611143     0.751079 -0.000730743
    0.611143    -0.751079 -0.000730743
     1.07427    -0.504217 -0.000570944
    -1.07427    -0.504217 -0.000570944
   0.0694576     0.751079  -0.00166692
   0.0694576    -0.751079  -0.00166692
    -1.07427     0.529925  -0.00138063
     1.07427     0.529925  -0.00138063
     1.07427   -0.0224795 -0.000159186
    -1.07427   -0.0224795 -0.000159186
    0.961375     0.751079 -0.000412902
    0.961375    -0.751079 -0.000412902
    0.148234    -0.751079   0.00057682
    0.148234     0.751079   0.00057682
    0.991856     0.751079  8.22849e-05
    0.991856    -0.751079  8.22849e-05
    -1.07427     -0.57726 -0.000414753
     1.07427     -0.57726 -0.000414753
    -1.07427    -0.620352 -0.000417454
     1.07427    -0.620352 -0.000417454
     0.65735    -0.751079  -0.00069483
     0.65735     0.751079  -0.00069483
   -0.853292    -0.751079  -0.00076796
   -0.853292     0.751079  -0.00076796
    -0.62595    -0.751079  -0.00081023
    -0.62595     0.751079  -0.00081023
   -0.940321    -0.751079 -0.000276182
   -0.940321     0.751079 -0.000276182
    0.757767    -0.751079 -0.000144454
    0.757767     0.751079 -0.000144454
     1.07427    -0.505136  0.000699847
    -1.07427    -0.505136  0.000699847
     1.07427    -0.392137  0.000720923
    -1.07427    -0.392137  0.000720923
    0.207359    -0.751079  0.000648628
    0.207359     0.751079  0.000648628
     1.07427    -0.169313 -0.000163355
    -1.07427    -0.169313 -0.000163355
    -1.07427    -0.684601 -0.000768638
     1.07427    -0.684601 -0.000768638
   -0.111171    -0.751079 -0.000767374
   -0.111171     0.751079 -0.000767374
    -0.44731    -0.751079 -0.000713355
    -0.44731     0.751079 -0.000713355
     1.07427    -0.643608 -0.000313603
    -1.07427    -0.643608 -0.000313603
    0.409805     0.751079  0.000618265
    0.409805    -0.751079  0.000618265
    -1.07427     0.193929 -0.000155013
     1.07427     0.193929 -0.000155013
    -1.07427     0.148818 -0.000132793
     1.07427     0.148818 -0.000132793
    -1.07427    0.0215935  1.74215e-05
     1.07427    0.0215935  1.74215e-05
    0.493342    -0.751079  0.000397947
    0.493342     0.751079  0.000397947
     1.07427      0.34296 -0.000263921
    -1.07427      0.34296 -0.000263921
     1.07427     0.436217 -0.000182401
    -1.07427     0.436217 -0.000182401
    -1.07427     0.521109 -0.000317258
     1.07427     0.521109 -0.000317258