     1.79982      1.50216      1.20607
     1.79982      1.50216      1.20607
     1.79982      1.50216      1.20607
     1.79982      1.50216      1.20607
     1.79982      1.50216      1.21306
     1.79982      1.50216      1.21306
     1.79982      1.50216      1.21963
     1.79982      1.50216      1.21963
     1.79982      1.50216      1.22828
     1.79982      1.50216      1.22828
     1.79982      1.50216      1.23865
     1.79982      1.50216      1.24438
     1.79982      1.50216      1.25032
     1.79982      1.50216      1.25646
     1.79982      1.50216      1.26273
     1.79982      1.50216      1.26907
     1.79982      1.50216      1.27544
     1.79982      1.50216      1.28156
     1.79982      1.50216      1.28773
     1.79982      1.50216      1.29375
     1.79982      1.50216      1.29968
     1.79982      1.50216      1.30545
     1.79982      1.50216      1.31101
     1.79982      1.50216      1.29441
     1.79982      1.50216      1.29441
     1.79982      1.50216      1.29441
     1.79982      1.50216      1.29441
     1.79982      1.50216      1.29441
     1.79982      1.50216      1.30413
     1.79982      1.50216      11.2624
-6.27744e+66 -6.27744e+66 -6.27744e+66
-6.27744e+66 -6.27744e+66 -6.27744e+66
-6.27744e+66 -6.27744e+66 -6.27744e+66
-6.27744e+66 -6.27744e+66 -6.27744e+66
-6.27744e+66 -6.27744e+66 -6.27744e+66
-6.27744e+66 -6.27744e+66 -6.27744e+66
-6.27744e+66 -6.27744e+66 -6.27744e+66
-6.27744e+66 -6.27744e+66 -6.27744e+66
-6.27744e+66 -6.27744e+66 -6.27744e+66
-6.27744e+66 -6.27744e+66 -6.27744e+66
-6.27744e+66 -6.27744e+66 -6.27744e+66
-6.27744e+66 -6.27744e+66 -6.27744e+66
-6.27744e+66 -6.27744e+66 -6.27744e+66
-6.27744e+66 -6.27744e+66 -6.27744e+66
-6.27744e+66 -6.27744e+66 -6.27744e+66
-6.27744e+66 -6.27744e+66 -6.27744e+66
-6.27744e+66 -6.27744e+66 -6.27744e+66
-6.27744e+66 -6.27744e+66 -6.27744e+66
-6.27744e+66 -6.27744e+66 -6.27744e+66
-6.27744e+66 -6.27744e+66 -6.27744e+66
-6.27744e+66 -6.27744e+66 -6.27744e+66
-6.27744e+66 -6.27744e+66 -6.27744e+66
-6.27744e+66 -6.27744e+66 -6.27744e+66
-6.27744e+66 -6.27744e+66 -6.27744e+66
-6.27744e+66 -6.27744e+66 -6.27744e+66
-6.27744e+66 -6.27744e+66 -6.27744e+66
-6.27744e+66 -6.27744e+66 -6.27744e+66
-6.27744e+66 -6.27744e+66 -6.27744e+66
-6.27744e+66 -6.27744e+66 -6.27744e+66
-6.27744e+66 -6.27744e+66 -6.27744e+66
-6.27744e+66 -6.27744e+66 -6.27744e+66
-6.27744e+66 -6.27744e+66 -6.27744e+66
-6.27744e+66 -6.27744e+66 -6.27744e+66
-6.27744e+66 -6.27744e+66 -6.27744e+66
-6.27744e+66 -6.27744e+66 -6.27744e+66
-6.27744e+66 -6.27744e+66 -6.27744e+66
-6.27744e+66 -6.27744e+66 -6.27744e+66
-6.27744e+66 -6.27744e+66 -6.27744e+66
-6.27744e+66 -6.27744e+66 -6.27744e+66
-6.27744e+66 -6.27744e+66 -6.27744e+66
-6.27744e+66 -6.27744e+66 -6.27744e+66
-6.27744e+66 -6.27744e+66 -6.27744e+66
-6.27744e+66 -6.27744e+66 -6.27744e+66
-6.27744e+66 -6.27744e+66 -6.27744e+66
-6.27744e+66 -6.27744e+66 -6.27744e+66
-6.27744e+66 -6.27744e+66 -6.27744e+66
-6.27744e+66 -6.27744e+66 -6.27744e+66
-6.27744e+66 -6.27744e+66 -6.27744e+66
-6.27744e+66 -6.27744e+66 -6.27744e+66
-6.27744e+66 -6.27744e+66 -6.27744e+66
-6.27744e+66 -6.27744e+66 -6.27744e+66
-6.27744e+66 -6.27744e+66 -6.27744e+66
-6.27744e+66 -6.27744e+66 -6.27744e+66
-6.27744e+66 -6.27744e+66 -6.27744e+66
-6.27744e+66 -6.27744e+66 -6.27744e+66
-6.27744e+66 -6.27744e+66 -6.27744e+66
-6.27744e+66 -6.27744e+66 -6.27744e+66
-6.27744e+66 -6.27744e+66 -6.27744e+66
-6.27744e+66 -6.27744e+66 -6.27744e+66
-6.27744e+66 -6.27744e+66 -6.27744e+66
-6.27744e+66 -6.27744e+66 -6.27744e+66
-6.27744e+66 -6.27744e+66 -6.27744e+66
-6.27744e+66 -6.27744e+66 -6.27744e+66
-6.27744e+66 -6.27744e+66 -6.27744e+66
-6.27744e+66 -6.27744e+66 -6.27744e+66
-6.27744e+66 -6.27744e+66 -6.27744e+66
-6.27744e+66 -6.27744e+66 -6.27744e+66
-6.27744e+66 -6.27744e+66 -6.27744e+66
-6.27744e+66 -6.27744e+66 -6.27744e+66
-6.27744e+66 -6.27744e+66 -6.27744e+66
-6.27744e+66 -6.27744e+66 -6.27744e+66
-6.27744e+66 -6.27744e+66 -6.27744e+66
-6.27744e+66 -6.27744e+66 -6.27744e+66
-6.27744e+66 -6.27744e+66 -6.27744e+66
-6.27744e+66 -6.27744e+66 -6.27744e+66
-6.27744e+66 -6.27744e+66 -6.27744e+66
-6.27744e+66 -6.27744e+66 -6.27744e+66
-6.27744e+66 -6.27744e+66 -6.27744e+66
-6.27744e+66 -6.27744e+66 -6.27744e+66
-6.27744e+66 -6.27744e+66 -6.27744e+66
-6.27744e+66 -6.27744e+66 -6.27744e+66
-6.27744e+66 -6.27744e+66 -6.27744e+66
-6.27744e+66 -6.27744e+66 -6.27744e+66
-6.27744e+66 -6.27744e+66 -6.27744e+66
-6.27744e+66 -6.27744e+66 -6.27744e+66
-6.27744e+66 -6.27744e+66 -6.27744e+66
-6.27744e+66 -6.27744e+66 -6.27744e+66
-6.27744e+66 -6.27744e+66 -6.27744e+66
-6.27744e+66 -6.27744e+66 -6.27744e+66
-6.27744e+66 -6.27744e+66 -6.27744e+66
-6.27744e+66 -6.27744e+66 -6.27744e+66
-6.27744e+66 -6.27744e+66 -6.27744e+66
-6.27744e+66 -6.27744e+66 -6.27744e+66
-6.27744e+66 -6.27744e+66 -6.27744e+66
-6.27744e+66 -6.27744e+66 -6.27744e+66
-6.27744e+66 -6.27744e+66 -6.27744e+66
-6.27744e+66 -6.27744e+66 -6.27744e+66
-6.27744e+66 -6.27744e+66 -6.27744e+66
-6.27744e+66 -6.27744e+66 -6.27744e+66
-6.27744e+66 -6.27744e+66 -6.27744e+66
-6.27744e+66 -6.27744e+66 -6.27744e+66
-6.27744e+66 -6.27744e+66 -6.27744e+66
-6.27744e+66 -6.27744e+66 -6.27744e+66
-6.27744e+66 -6.27744e+66 -6.27744e+66
-6.27744e+66 -6.27744e+66 -6.27744e+66
-6.27744e+66 -6.27744e+66 -6.27744e+66
-6.27744e+66 -6.27744e+66 -6.27744e+66
-6.27744e+66 -6.27744e+66 -6.27744e+66
-6.27744e+66 -6.27744e+66 -6.27744e+66
-6.27744e+66 -6.27744e+66 -6.27744e+66
-6.27744e+66 -6.27744e+66 -6.27744e+66
-6.27744e+66 -6.27744e+66 -6.27744e+66
-6.27744e+66 -6.27744e+66 -6.27744e+66
-6.27744e+66 -6.27744e+66 -6.27744e+66
-6.27744e+66 -6.27744e+66 -6.27744e+66
-6.27744e+66 -6.27744e+66 -6.27744e+66
-6.27744e+66 -6.27744e+66 -6.27744e+66
-6.27744e+66 -6.27744e+66 -6.27744e+66
-6.27744e+66 -6.27744e+66 -6.27744e+66
-6.27744e+66 -6.27744e+66 -6.27744e+66