     1.12489      1.50216      1.91652
     1.18113      1.50216      1.87364
     1.23738      1.50216      1.82818
     1.29362      1.50216      1.77726
     1.34987      1.50216      1.72361
     1.40611      1.50216      1.66167
     1.46236      1.50216      1.59425
      1.5186      1.50216      1.52238
     1.57485      1.50216      1.44953
     1.63109      1.50216      1.37905
     1.68734      1.50216       1.3143
     1.74358      1.50216      1.25703
     1.79982      1.50216      1.20685
     1.85607      1.50216      1.16267
     1.91231      1.50216      1.12361
     1.93481      1.50216      1.11017
     1.95731      1.50216       1.0961
      2.0248      1.50216      1.05739
      2.0923      1.50216      1.02486
     2.10354      1.50216      1.02486
     2.11479      1.50216      1.01632
     2.18229      1.50216     0.988728
     2.19354      1.50216     0.988728
     2.26103      1.50216     0.963582
-6.27744e+66 -6.27744e+66 -6.27744e+66
-6.27744e+66 -6.27744e+66 -6.27744e+66
-6.27744e+66 -6.27744e+66 -6.27744e+66
-6.27744e+66 -6.27744e+66 -6.27744e+66
-6.27744e+66 -6.27744e+66 -6.27744e+66
-6.27744e+66 -6.27744e+66 -6.27744e+66
-6.27744e+66 -6.27744e+66 -6.27744e+66
-6.27744e+66 -6.27744e+66 -6.27744e+66
-6.27744e+66 -6.27744e+66 -6.27744e+66
-6.27744e+66 -6.27744e+66 -6.27744e+66
-6.27744e+66 -6.27744e+66 -6.27744e+66
-6.27744e+66 -6.27744e+66 -6.27744e+66
-6.27744e+66 -6.27744e+66 -6.27744e+66
-6.27744e+66 -6.27744e+66 -6.27744e+66
-6.27744e+66 -6.27744e+66 -6.27744e+66
-6.27744e+66 -6.27744e+66 -6.27744e+66
-6.27744e+66 -6.27744e+66 -6.27744e+66
-6.27744e+66 -6.27744e+66 -6.27744e+66
-6.27744e+66 -6.27744e+66 -6.27744e+66
-6.27744e+66 -6.27744e+66 -6.27744e+66
-6.27744e+66 -6.27744e+66 -6.27744e+66
-6.27744e+66 -6.27744e+66 -6.27744e+66
-6.27744e+66 -6.27744e+66 -6.27744e+66
-6.27744e+66 -6.27744e+66 -6.27744e+66
-6.27744e+66 -6.27744e+66 -6.27744e+66
-6.27744e+66 -6.27744e+66 -6.27744e+66
-6.27744e+66 -6.27744e+66 -6.27744e+66
-6.27744e+66 -6.27744e+66 -6.27744e+66
-6.27744e+66 -6.27744e+66 -6.27744e+66
-6.27744e+66 -6.27744e+66 -6.27744e+66
-6.27744e+66 -6.27744e+66 -6.27744e+66
-6.27744e+66 -6.27744e+66 -6.27744e+66
-6.27744e+66 -6.27744e+66 -6.27744e+66
-6.27744e+66 -6.27744e+66 -6.27744e+66
-6.27744e+66 -6.27744e+66 -6.27744e+66
-6.27744e+66 -6.27744e+66 -6.27744e+66
-6.27744e+66 -6.27744e+66 -6.27744e+66
-6.27744e+66 -6.27744e+66 -6.27744e+66
-6.27744e+66 -6.27744e+66 -6.27744e+66
-6.27744e+66 -6.27744e+66 -6.27744e+66
-6.27744e+66 -6.27744e+66 -6.27744e+66
-6.27744e+66 -6.27744e+66 -6.27744e+66
-6.27744e+66 -6.27744e+66 -6.27744e+66
-6.27744e+66 -6.27744e+66 -6.27744e+66
-6.27744e+66 -6.27744e+66 -6.27744e+66
-6.27744e+66 -6.27744e+66 -6.27744e+66
-6.27744e+66 -6.27744e+66 -6.27744e+66
-6.27744e+66 -6.27744e+66 -6.27744e+66
-6.27744e+66 -6.27744e+66 -6.27744e+66
-6.27744e+66 -6.27744e+66 -6.27744e+66
-6.27744e+66 -6.27744e+66 -6.27744e+66
-6.27744e+66 -6.27744e+66 -6.27744e+66
-6.27744e+66 -6.27744e+66 -6.27744e+66
-6.27744e+66 -6.27744e+66 -6.27744e+66
-6.27744e+66 -6.27744e+66 -6.27744e+66
-6.27744e+66 -6.27744e+66 -6.27744e+66
-6.27744e+66 -6.27744e+66 -6.27744e+66
-6.27744e+66 -6.27744e+66 -6.27744e+66
-6.27744e+66 -6.27744e+66 -6.27744e+66
-6.27744e+66 -6.27744e+66 -6.27744e+66
-6.27744e+66 -6.27744e+66 -6.27744e+66
-6.27744e+66 -6.27744e+66 -6.27744e+66
-6.27744e+66 -6.27744e+66 -6.27744e+66
-6.27744e+66 -6.27744e+66 -6.27744e+66
-6.27744e+66 -6.27744e+66 -6.27744e+66
-6.27744e+66 -6.27744e+66 -6.27744e+66
-6.27744e+66 -6.27744e+66 -6.27744e+66
-6.27744e+66 -6.27744e+66 -6.27744e+66
-6.27744e+66 -6.27744e+66 -6.27744e+66
-6.27744e+66 -6.27744e+66 -6.27744e+66
-6.27744e+66 -6.27744e+66 -6.27744e+66
-6.27744e+66 -6.27744e+66 -6.27744e+66
-6.27744e+66 -6.27744e+66 -6.27744e+66
-6.27744e+66 -6.27744e+66 -6.27744e+66
-6.27744e+66 -6.27744e+66 -6.27744e+66
-6.27744e+66 -6.27744e+66 -6.27744e+66
-6.27744e+66 -6.27744e+66 -6.27744e+66
-6.27744e+66 -6.27744e+66 -6.27744e+66
-6.27744e+66 -6.27744e+66 -6.27744e+66
-6.27744e+66 -6.27744e+66 -6.27744e+66
-6.27744e+66 -6.27744e+66 -6.27744e+66
-6.27744e+66 -6.27744e+66 -6.27744e+66
-6.27744e+66 -6.27744e+66 -6.27744e+66
-6.27744e+66 -6.27744e+66 -6.27744e+66
-6.27744e+66 -6.27744e+66 -6.27744e+66
-6.27744e+66 -6.27744e+66 -6.27744e+66
-6.27744e+66 -6.27744e+66 -6.27744e+66
-6.27744e+66 -6.27744e+66 -6.27744e+66
-6.27744e+66 -6.27744e+66 -6.27744e+66
-6.27744e+66 -6.27744e+66 -6.27744e+66
-6.27744e+66 -6.27744e+66 -6.27744e+66
-6.27744e+66 -6.27744e+66 -6.27744e+66
-6.27744e+66 -6.27744e+66 -6.27744e+66
-6.27744e+66 -6.27744e+66 -6.27744e+66
-6.27744e+66 -6.27744e+66 -6.27744e+66
-6.27744e+66 -6.27744e+66 -6.27744e+66
-6.27744e+66 -6.27744e+66 -6.27744e+66
-6.27744e+66 -6.27744e+66 -6.27744e+66
-6.27744e+66 -6.27744e+66 -6.27744e+66
-6.27744e+66 -6.27744e+66 -6.27744e+66
-6.27744e+66 -6.27744e+66 -6.27744e+66
-6.27744e+66 -6.27744e+66 -6.27744e+66
-6.27744e+66 -6.27744e+66 -6.27744e+66
-6.27744e+66 -6.27744e+66 -6.27744e+66
-6.27744e+66 -6.27744e+66 -6.27744e+66
-6.27744e+66 -6.27744e+66 -6.27744e+66
-6.27744e+66 -6.27744e+66 -6.27744e+66
-6.27744e+66 -6.27744e+66 -6.27744e+66
-6.27744e+66 -6.27744e+66 -6.27744e+66
-6.27744e+66 -6.27744e+66 -6.27744e+66
-6.27744e+66 -6.27744e+66 -6.27744e+66
-6.27744e+66 -6.27744e+66 -6.27744e+66
-6.27744e+66 -6.27744e+66 -6.27744e+66
-6.27744e+66 -6.27744e+66 -6.27744e+66
-6.27744e+66 -6.27744e+66 -6.27744e+66
-6.27744e+66 -6.27744e+66 -6.27744e+66
-6.27744e+66 -6.27744e+66 -6.27744e+66
-6.27744e+66 -6.27744e+66 -6.27744e+66
-6.27744e+66 -6.27744e+66 -6.27744e+66
-6.27744e+66 -6.27744e+66 -6.27744e+66
-6.27744e+66 -6.27744e+66 -6.27744e+66
-6.27744e+66 -6.27744e+66 -6.27744e+66
-6.27744e+66 -6.27744e+66 -6.27744e+66
-6.27744e+66 -6.27744e+66 -6.27744e+66
-6.27744e+66 -6.27744e+66 -6.27744e+66
-6.27744e+66 -6.27744e+66 -6.27744e+66