    -291.109      -291.09      2.37358     -2.39376
     142.605      137.825      5.94228     -1.16333
     576.417      566.905      9.48847    0.0228256
     1009.35      995.142      13.0164      1.18893
      1437.5      1418.55      16.5093      2.43997
     1865.09      1841.43      20.0028      3.65073
     2285.07      2256.61        23.45      5.01316
     2703.74      2670.49      26.9189      6.33471
     3110.72      3072.51      30.3037      7.90829
      3517.3      3474.17      33.7427      9.38994
      3908.6      3860.35      37.0449      11.2115
     4295.92      4242.53        40.36      13.0278
      4675.2      4616.61      43.6303      14.9524
     5046.33       4982.5      46.8481      16.9834
     5409.36      5340.24      50.0065       19.117
     5764.44      5689.99      53.0983      21.3488
     6099.85       6019.7      56.0678      24.0878
     6439.52      6353.82      58.8153       26.882
     6771.66      6682.55      65.5578      23.5494
     7094.89      7000.41      68.4908      25.9811
     7414.46      7314.62      71.3201      28.5264
     7727.39       7622.1      74.0816      31.2082
     7885.41      7777.34       73.344       34.721
     6998.29      6903.72      71.9419      22.6126
     7060.72      6961.72      72.6886      26.2949
     7234.09      7131.17      75.0123      27.8845
     6978.67      6866.07      83.2679      29.2987
     7798.72      7676.02      89.0443        33.62
     8287.04      8157.56      92.4394      36.9984
    0.611704     0.642945      0.02037    -0.167514
-6.27744e+66 -6.27744e+66 -6.27744e+66 -6.27744e+66
-6.27744e+66 -6.27744e+66 -6.27744e+66 -6.27744e+66
-6.27744e+66 -6.27744e+66 -6.27744e+66 -6.27744e+66
-6.27744e+66 -6.27744e+66 -6.27744e+66 -6.27744e+66
-6.27744e+66 -6.27744e+66 -6.27744e+66 -6.27744e+66
-6.27744e+66 -6.27744e+66 -6.27744e+66 -6.27744e+66
-6.27744e+66 -6.27744e+66 -6.27744e+66 -6.27744e+66
-6.27744e+66 -6.27744e+66 -6.27744e+66 -6.27744e+66
-6.27744e+66 -6.27744e+66 -6.27744e+66 -6.27744e+66
-6.27744e+66 -6.27744e+66 -6.27744e+66 -6.27744e+66
-6.27744e+66 -6.27744e+66 -6.27744e+66 -6.27744e+66
-6.27744e+66 -6.27744e+66 -6.27744e+66 -6.27744e+66
-6.27744e+66 -6.27744e+66 -6.27744e+66 -6.27744e+66
-6.27744e+66 -6.27744e+66 -6.27744e+66 -6.27744e+66
-6.27744e+66 -6.27744e+66 -6.27744e+66 -6.27744e+66
-6.27744e+66 -6.27744e+66 -6.27744e+66 -6.27744e+66
-6.27744e+66 -6.27744e+66 -6.27744e+66 -6.27744e+66
-6.27744e+66 -6.27744e+66 -6.27744e+66 -6.27744e+66
-6.27744e+66 -6.27744e+66 -6.27744e+66 -6.27744e+66
-6.27744e+66 -6.27744e+66 -6.27744e+66 -6.27744e+66
-6.27744e+66 -6.27744e+66 -6.27744e+66 -6.27744e+66
-6.27744e+66 -6.27744e+66 -6.27744e+66 -6.27744e+66
-6.27744e+66 -6.27744e+66 -6.27744e+66 -6.27744e+66
-6.27744e+66 -6.27744e+66 -6.27744e+66 -6.27744e+66
-6.27744e+66 -6.27744e+66 -6.27744e+66 -6.27744e+66
-6.27744e+66 -6.27744e+66 -6.27744e+66 -6.27744e+66
-6.27744e+66 -6.27744e+66 -6.27744e+66 -6.27744e+66
-6.27744e+66 -6.27744e+66 -6.27744e+66 -6.27744e+66
-6.27744e+66 -6.27744e+66 -6.27744e+66 -6.27744e+66
-6.27744e+66 -6.27744e+66 -6.27744e+66 -6.27744e+66
-6.27744e+66 -6.27744e+66 -6.27744e+66 -6.27744e+66
-6.27744e+66 -6.27744e+66 -6.27744e+66 -6.27744e+66
-6.27744e+66 -6.27744e+66 -6.27744e+66 -6.27744e+66
-6.27744e+66 -6.27744e+66 -6.27744e+66 -6.27744e+66
-6.27744e+66 -6.27744e+66 -6.27744e+66 -6.27744e+66
-6.27744e+66 -6.27744e+66 -6.27744e+66 -6.27744e+66
-6.27744e+66 -6.27744e+66 -6.27744e+66 -6.27744e+66
-6.27744e+66 -6.27744e+66 -6.27744e+66 -6.27744e+66
-6.27744e+66 -6.27744e+66 -6.27744e+66 -6.27744e+66
-6.27744e+66 -6.27744e+66 -6.27744e+66 -6.27744e+66
-6.27744e+66 -6.27744e+66 -6.27744e+66 -6.27744e+66
-6.27744e+66 -6.27744e+66 -6.27744e+66 -6.27744e+66
-6.27744e+66 -6.27744e+66 -6.27744e+66 -6.27744e+66
-6.27744e+66 -6.27744e+66 -6.27744e+66 -6.27744e+66
-6.27744e+66 -6.27744e+66 -6.27744e+66 -6.27744e+66
-6.27744e+66 -6.27744e+66 -6.27744e+66 -6.27744e+66
-6.27744e+66 -6.27744e+66 -6.27744e+66 -6.27744e+66
-6.27744e+66 -6.27744e+66 -6.27744e+66 -6.27744e+66
-6.27744e+66 -6.27744e+66 -6.27744e+66 -6.27744e+66
-6.27744e+66 -6.27744e+66 -6.27744e+66 -6.27744e+66
-6.27744e+66 -6.27744e+66 -6.27744e+66 -6.27744e+66
-6.27744e+66 -6.27744e+66 -6.27744e+66 -6.27744e+66
-6.27744e+66 -6.27744e+66 -6.27744e+66 -6.27744e+66
-6.27744e+66 -6.27744e+66 -6.27744e+66 -6.27744e+66
-6.27744e+66 -6.27744e+66 -6.27744e+66 -6.27744e+66
-6.27744e+66 -6.27744e+66 -6.27744e+66 -6.27744e+66
-6.27744e+66 -6.27744e+66 -6.27744e+66 -6.27744e+66
-6.27744e+66 -6.27744e+66 -6.27744e+66 -6.27744e+66
-6.27744e+66 -6.27744e+66 -6.27744e+66 -6.27744e+66
-6.27744e+66 -6.27744e+66 -6.27744e+66 -6.27744e+66
-6.27744e+66 -6.27744e+66 -6.27744e+66 -6.27744e+66
-6.27744e+66 -6.27744e+66 -6.27744e+66 -6.27744e+66
-6.27744e+66 -6.27744e+66 -6.27744e+66 -6.27744e+66
-6.27744e+66 -6.27744e+66 -6.27744e+66 -6.27744e+66
-6.27744e+66 -6.27744e+66 -6.27744e+66 -6.27744e+66
-6.27744e+66 -6.27744e+66 -6.27744e+66 -6.27744e+66
-6.27744e+66 -6.27744e+66 -6.27744e+66 -6.27744e+66
-6.27744e+66 -6.27744e+66 -6.27744e+66 -6.27744e+66
-6.27744e+66 -6.27744e+66 -6.27744e+66 -6.27744e+66
-6.27744e+66 -6.27744e+66 -6.27744e+66 -6.27744e+66
-6.27744e+66 -6.27744e+66 -6.27744e+66 -6.27744e+66
-6.27744e+66 -6.27744e+66 -6.27744e+66 -6.27744e+66
-6.27744e+66 -6.27744e+66 -6.27744e+66 -6.27744e+66
-6.27744e+66 -6.27744e+66 -6.27744e+66 -6.27744e+66
-6.27744e+66 -6.27744e+66 -6.27744e+66 -6.27744e+66
-6.27744e+66 -6.27744e+66 -6.27744e+66 -6.27744e+66
-6.27744e+66 -6.27744e+66 -6.27744e+66 -6.27744e+66
-6.27744e+66 -6.27744e+66 -6.27744e+66 -6.27744e+66
-6.27744e+66 -6.27744e+66 -6.27744e+66 -6.27744e+66
-6.27744e+66 -6.27744e+66 -6.27744e+66 -6.27744e+66
-6.27744e+66 -6.27744e+66 -6.27744e+66 -6.27744e+66
-6.27744e+66 -6.27744e+66 -6.27744e+66 -6.27744e+66
-6.27744e+66 -6.27744e+66 -6.27744e+66 -6.27744e+66
-6.27744e+66 -6.27744e+66 -6.27744e+66 -6.27744e+66
-6.27744e+66 -6.27744e+66 -6.27744e+66 -6.27744e+66
-6.27744e+66 -6.27744e+66 -6.27744e+66 -6.27744e+66
-6.27744e+66 -6.27744e+66 -6.27744e+66 -6.27744e+66
-6.27744e+66 -6.27744e+66 -6.27744e+66 -6.27744e+66
-6.27744e+66 -6.27744e+66 -6.27744e+66 -6.27744e+66
-6.27744e+66 -6.27744e+66 -6.27744e+66 -6.27744e+66
-6.27744e+66 -6.27744e+66 -6.27744e+66 -6.27744e+66
-6.27744e+66 -6.27744e+66 -6.27744e+66 -6.27744e+66
-6.27744e+66 -6.27744e+66 -6.27744e+66 -6.27744e+66
-6.27744e+66 -6.27744e+66 -6.27744e+66 -6.27744e+66
-6.27744e+66 -6.27744e+66 -6.27744e+66 -6.27744e+66
-6.27744e+66 -6.27744e+66 -6.27744e+66 -6.27744e+66
-6.27744e+66 -6.27744e+66 -6.27744e+66 -6.27744e+66
-6.27744e+66 -6.27744e+66 -6.27744e+66 -6.27744e+66
-6.27744e+66 -6.27744e+66 -6.27744e+66 -6.27744e+66
-6.27744e+66 -6.27744e+66 -6.27744e+66 -6.27744e+66
-6.27744e+66 -6.27744e+66 -6.27744e+66 -6.27744e+66
-6.27744e+66 -6.27744e+66 -6.27744e+66 -6.27744e+66
-6.27744e+66 -6.27744e+66 -6.27744e+66 -6.27744e+66
-6.27744e+66 -6.27744e+66 -6.27744e+66 -6.27744e+66
-6.27744e+66 -6.27744e+66 -6.27744e+66 -6.27744e+66
-6.27744e+66 -6.27744e+66 -6.27744e+66 -6.27744e+66
-6.27744e+66 -6.27744e+66 -6.27744e+66 -6.27744e+66
-6.27744e+66 -6.27744e+66 -6.27744e+66 -6.27744e+66
-6.27744e+66 -6.27744e+66 -6.27744e+66 -6.27744e+66
-6.27744e+66 -6.27744e+66 -6.27744e+66 -6.27744e+66
-6.27744e+66 -6.27744e+66 -6.27744e+66 -6.27744e+66
-6.27744e+66 -6.27744e+66 -6.27744e+66 -6.27744e+66
-6.27744e+66 -6.27744e+66 -6.27744e+66 -6.27744e+66
-6.27744e+66 -6.27744e+66 -6.27744e+66 -6.27744e+66
-6.27744e+66 -6.27744e+66 -6.27744e+66 -6.27744e+66
-6.27744e+66 -6.27744e+66 -6.27744e+66 -6.27744e+66
-6.27744e+66 -6.27744e+66 -6.27744e+66 -6.27744e+66
-6.27744e+66 -6.27744e+66 -6.27744e+66 -6.27744e+66
-6.27744e+66 -6.27744e+66 -6.27744e+66 -6.27744e+66
-6.27744e+66 -6.27744e+66 -6.27744e+66 -6.27744e+66