         0          0          3
         0          0          3
         0          0          3
         0          0          4
         0          0          4
         0          0          5
         0          0          6
         2          0          7
         6          0          7
         6          0          9
        11          0         10
        17          0         12
        24          0         14
        32          0         15
        38          1         16
        46          1         17
        55          1         17
        63          1         17
        64          1         17
        64          1         17
        70          1         17
        79          1         17
        83          1         17
        91          1         18
       100          1         19
       108          1         19
       111          1         19
       114          1         19
       119          1         20
       121          1         20
       126          1         20
       132          1         21
       142          1         21
       150          1         23
       154          1         23
       159          1         24
       161          1         25
       162          1         25
       165          1         25
       170          1         25
       174          1         25
       176          1         25
       177          1         25
       177          1         25
       177          1         25
       177          1         25
       177          1         25
       177          1         25
       177          1         25
       177          1         25
       177          1         25
       177          1         25
       177          1         25
       177          1         25
       177          1         25
       177          1         25
       177          1         25
       177          1         25
       177          1         25
       177          1         25
-842150451 -842150451 -842150451
-842150451 -842150451 -842150451
-842150451 -842150451 -842150451
-842150451 -842150451 -842150451
-842150451 -842150451 -842150451
-842150451 -842150451 -842150451
-842150451 -842150451 -842150451
-842150451 -842150451 -842150451
-842150451 -842150451 -842150451
-842150451 -842150451 -842150451
-842150451 -842150451 -842150451
-842150451 -842150451 -842150451
-842150451 -842150451 -842150451
-842150451 -842150451 -842150451
-842150451 -842150451 -842150451
-842150451 -842150451 -842150451
-842150451 -842150451 -842150451
-842150451 -842150451 -842150451
-842150451 -842150451 -842150451
-842150451 -842150451 -842150451
-842150451 -842150451 -842150451
-842150451 -842150451 -842150451
-842150451 -842150451 -842150451
-842150451 -842150451 -842150451
-842150451 -842150451 -842150451
-842150451 -842150451 -842150451
-842150451 -842150451 -842150451
-842150451 -842150451 -842150451
-842150451 -842150451 -842150451
-842150451 -842150451 -842150451
-842150451 -842150451 -842150451
-842150451 -842150451 -842150451
-842150451 -842150451 -842150451
-842150451 -842150451 -842150451
-842150451 -842150451 -842150451
-842150451 -842150451 -842150451
-842150451 -842150451 -842150451
-842150451 -842150451 -842150451
-842150451 -842150451 -842150451
-842150451 -842150451 -842150451
-842150451 -842150451 -842150451
-842150451 -842150451 -842150451
-842150451 -842150451 -842150451
-842150451 -842150451 -842150451
-842150451 -842150451 -842150451
-842150451 -842150451 -842150451
-842150451 -842150451 -842150451
-842150451 -842150451 -842150451
-842150451 -842150451 -842150451
-842150451 -842150451 -842150451
-842150451 -842150451 -842150451
-842150451 -842150451 -842150451
-842150451 -842150451 -842150451
-842150451 -842150451 -842150451
-842150451 -842150451 -842150451
-842150451 -842150451 -842150451
-842150451 -842150451 -842150451
-842150451 -842150451 -842150451
-842150451 -842150451 -842150451
-842150451 -842150451 -842150451
-842150451 -842150451 -842150451
-842150451 -842150451 -842150451
-842150451 -842150451 -842150451
-842150451 -842150451 -842150451
-842150451 -842150451 -842150451
-842150451 -842150451 -842150451
-842150451 -842150451 -842150451
-842150451 -842150451 -842150451
-842150451 -842150451 -842150451
-842150451 -842150451 -842150451
-842150451 -842150451 -842150451
-842150451 -842150451 -842150451
-842150451 -842150451 -842150451
-842150451 -842150451 -842150451
-842150451 -842150451 -842150451
-842150451 -842150451 -842150451
-842150451 -842150451 -842150451
-842150451 -842150451 -842150451
-842150451 -842150451 -842150451
-842150451 -842150451 -842150451
-842150451 -842150451 -842150451
-842150451 -842150451 -842150451
-842150451 -842150451 -842150451
-842150451 -842150451 -842150451
-842150451 -842150451 -842150451
-842150451 -842150451 -842150451
-842150451 -842150451 -842150451
-842150451 -842150451 -842150451
-842150451 -842150451 -842150451
-842150451 -842150451 -842150451
-842150451 -842150451 -842150451
-842150451 -842150451 -842150451
-842150451 -842150451 -842150451
-842150451 -842150451 -842150451
-842150451 -842150451 -842150451
-842150451 -842150451 -842150451
-842150451 -842150451 -842150451
-842150451 -842150451 -842150451
-842150451 -842150451 -842150451
-842150451 -842150451 -842150451
-842150451 -842150451 -842150451
-842150451 -842150451 -842150451
-842150451 -842150451 -842150451
-842150451 -842150451 -842150451
-842150451 -842150451 -842150451
-842150451 -842150451 -842150451
-842150451 -842150451 -842150451
-842150451 -842150451 -842150451
-842150451 -842150451 -842150451
-842150451 -842150451 -842150451
-842150451 -842150451 -842150451
-842150451 -842150451 -842150451
-842150451 -842150451 -842150451
-842150451 -842150451 -842150451
-842150451 -842150451 -842150451
-842150451 -842150451 -842150451
-842150451 -842150451 -842150451
-842150451 -842150451 -842150451
-842150451 -842150451 -842150451
-842150451 -842150451 -842150451
-842150451 -842150451 -842150451
-842150451 -842150451 -842150451
-842150451 -842150451 -842150451
-842150451 -842150451 -842150451
-842150451 -842150451 -842150451
-842150451 -842150451 -842150451
-842150451 -842150451 -842150451
-842150451 -842150451 -842150451
-842150451 -842150451 -842150451
-842150451 -842150451 -842150451
-842150451 -842150451 -842150451
-842150451 -842150451 -842150451
-842150451 -842150451 -842150451
-842150451 -842150451 -842150451
-842150451 -842150451 -842150451
-842150451 -842150451 -842150451
-842150451 -842150451 -842150451
-842150451 -842150451 -842150451
-842150451 -842150451 -842150451
-842150451 -842150451 -842150451
-842150451 -842150451 -842150451
-842150451 -842150451 -842150451
-842150451 -842150451 -842150451
-842150451 -842150451 -842150451
-842150451 -842150451 -842150451
-842150451 -842150451 -842150451
-842150451 -842150451 -842150451
-842150451 -842150451 -842150451
-842150451 -842150451 -842150451
-842150451 -842150451 -842150451
-842150451 -842150451 -842150451
-842150451 -842150451 -842150451
-842150451 -842150451 -842150451
-842150451 -842150451 -842150451
-842150451 -842150451 -842150451
-842150451 -842150451 -842150451
-842150451 -842150451 -842150451
-842150451 -842150451 -842150451
-842150451 -842150451 -842150451
-842150451 -842150451 -842150451
-842150451 -842150451 -842150451
-842150451 -842150451 -842150451
-842150451 -842150451 -842150451
-842150451 -842150451 -842150451
-842150451 -842150451 -842150451
-842150451 -842150451 -842150451
-842150451 -842150451 -842150451
-842150451 -842150451 -842150451
-842150451 -842150451 -842150451
-842150451 -842150451 -842150451
-842150451 -842150451 -842150451
-842150451 -842150451 -842150451
-842150451 -842150451 -842150451
-842150451 -842150451 -842150451
-842150451 -842150451 -842150451
-842150451 -842150451 -842150451
-842150451 -842150451 -842150451
-842150451 -842150451 -842150451
-842150451 -842150451 -842150451
-842150451 -842150451 -842150451
-842150451 -842150451 -842150451
-842150451 -842150451 -842150451
-842150451 -842150451 -842150451
-842150451 -842150451 -842150451
-842150451 -842150451 -842150451
-842150451 -842150451 -842150451
-842150451 -842150451 -842150451
-842150451 -842150451 -842150451
-842150451 -842150451 -842150451
-842150451 -842150451 -842150451