     1.48427            0            0
           0      1.25472            0
           0            0     0.883483
         350         1284            0
    0.385993    -0.367852   -0.0585078
    0.112559     0.302717   -0.0622465
    0.245423     0.360254   -0.0633035
    0.332328     0.454352   -0.0620767
    0.141773     0.298037   -0.0625006
    0.251448     0.362829   -0.0630345
    0.209761    -0.382344   -0.0599566
    0.295473    -0.430534   -0.0616728
    0.185685     0.548097   -0.0613627
    0.190381     0.608351   -0.0622806
    0.210556     0.568923   -0.0599662
    0.178667     0.517166   -0.0633324
    0.684469    -0.278635    -0.101083
   -0.281494    0.0988708    0.0452112
   -0.265367    0.0919463    0.0255381
   -0.369468    0.0290231   -0.0270327
   -0.263421     0.607507     0.059614
    0.120059    -0.161691  -0.00846219
    0.029537    -0.106931   -0.0503129
  -0.0312134     0.399348     0.265696
    0.885969     0.336046     0.174738
    0.112478     0.201178     0.102824
    0.546732     0.285671   0.00219277
   -0.285732     -0.20594     0.173845
    -0.26346   -0.0810141     0.161253
    0.477951     0.691451    0.0413317
    0.397008    -0.182939    0.0320818
    0.603835    -0.267468     0.153105
    0.513778    -0.202348     0.151806
    0.648904   -0.0674842     0.222917
    0.542549    -0.284876     0.126549
    0.263341    -0.218092     0.171643
     0.32302   -0.0866671    0.0939701
    0.442849     0.333069     0.167789
   0.0546834   -0.0722405     0.120369
   -0.106402  -0.00900489     0.118892
  -0.0633362     0.683024     0.155242
   -0.232269     0.410983    -0.138445
    0.510285     0.198461    -0.234863
    0.647893     0.241875     -0.25187
    0.391553     0.372489    -0.314505
    0.352113     0.406852    -0.177055
    0.723146     0.350151     -0.11249
    0.601587    -0.269611    -0.307927
    0.426106    -0.294698    -0.266646
    0.499258    -0.185272    -0.446503
     0.61709    -0.360312    -0.437262
   -0.335444    0.0488443    -0.346178
    0.105417    -0.294564    -0.306087
   -0.173078    -0.243747    -0.179012
   0.0164044    -0.293105    -0.245179
   0.0269865    -0.296226    -0.246129
   0.0734506   -0.0463167    -0.180885
   -0.120475    -0.115223    -0.389374
     0.25414    -0.296193    -0.314298
    0.620993     0.436706    -0.257037
    0.940525    -0.194238     0.258427
    0.587503    -0.293203    -0.445235
   -0.386575    -0.431214     0.248292
    0.530729     0.323073      0.26903
    0.314653     0.172053     0.254681
    0.171784     -0.24962    -0.417046
    0.707526    -0.306067     0.173714
   -0.314792     0.166791      0.27481
    0.847743     0.255312      0.20587
    0.559133    -0.130122     0.298167
    0.620918    0.0156493    -0.443794
     0.89827     0.432816     0.208642
    0.768769     0.542147     0.107863
   0.0782931     0.318419    -0.301089
   0.0742537    -0.108051     0.281608
    0.384847     0.537648     0.242668
  -0.0934954   -0.0402592    -0.425985
   -0.189805    -0.390029    -0.438832
   -0.257808     0.401231    -0.236162
    0.192561     0.067684     0.317435
    0.165716     0.499097    -0.380442
    0.711367    -0.232716    -0.433041
    0.436367    0.0571288    -0.153121
   -0.372533     0.107406    -0.308492
   -0.274491    0.0701257     0.135515
    0.652167     0.241219   -0.0396835
   -0.339239    0.0785877    0.0541766
   -0.268951     0.363334     0.180397
   -0.346882     0.358109    0.0564374
    0.662757    0.0223812    -0.274485
    -0.12391    0.0593497    0.0549536
  -0.0178707      0.28582     0.137313
   -0.270725     0.407113   -0.0252501
   -0.255093  -0.00170581    -0.273155
    0.839627    -0.387086    -0.183571
    0.648397   -0.0483588    0.0701573
    0.572909    -0.267521    -0.130584
     0.47518     0.717025     -0.34572
    0.824958    -0.181818     0.139888
    0.618825    -0.326169    -0.029208
   0.0189948    0.0294043    -0.144646
   -0.300874   -0.0169683  -0.00318436
    0.359499    -0.240267    -0.261018
   -0.238076    -0.325492    0.0518946
   -0.290757   -0.0901452    -0.112367
   -0.258329     0.567331    -0.150408
    0.597896     0.572105   -0.0565779
    0.598631    -0.146697    -0.102871
  0.00615248       0.3988    -0.101969
 -0.00415548     0.446667    0.0890236
    0.321372     0.652614    -0.148553
    0.236574    -0.263017    0.0420443
    0.346554     0.681058   -0.0579085
      0.6742      0.25923   -0.0602542
     0.41727     0.313335   -0.0628147
    0.405062      0.32905   -0.0622017
    0.538022     0.307001   -0.0611006
     0.79443     0.332948   -0.0567161
    0.642364     0.390847   -0.0594331
     0.68792     0.116007   -0.0598184
    0.469137    0.0946028   -0.0599393
    0.656317     0.225596   -0.0603153
    0.807508     0.231577   -0.0590292
    0.401337     0.304664   -0.0614558
    0.570559     0.282917   -0.0645776
     0.86432      0.58159    -0.061988
     0.62042     0.554269   -0.0611515
    0.872748     0.465766   -0.0607448
    0.788173     0.467878   -0.0610862
    0.744343     0.571309   -0.0606914
     0.70553    -0.313071   -0.0527771
    0.603375    -0.210157   -0.0585433
    0.553191    -0.398791   -0.0584643
    0.598471    -0.236763   -0.0588366
    0.687244     0.650416   -0.0602753
    0.880241     0.673664   -0.0616525
    0.796983     0.329153   -0.0601226
    0.655681     0.355677   -0.0618561
    0.807866      0.30678   -0.0587385
    0.645592   0.00666621   -0.0592627
  -0.0672373    -0.111095    -0.056573
   -0.160753   -0.0865116   -0.0578717
    -0.11249    -0.174429   -0.0590805
   -0.200784    -0.193852   -0.0603048
   -0.215041     0.700106   -0.0640559
   -0.105147      -0.2368   -0.0601917
  -0.0892723    -0.209321   -0.0594973
 -0.00927457    -0.306726   -0.0600841
   0.0139041    -0.271992   -0.0595284
  -0.0559922    -0.266753    -0.060058
   -0.335611    -0.226214   -0.0598644
   -0.380572    -0.118486   -0.0602265
   -0.285892    -0.326979   -0.0615376
   -0.394791    -0.205813   -0.0597025
    0.883025   0.00514825   -0.0590923
    0.696552    0.0972665   -0.0589237
    0.728536    -0.034817   -0.0582675
    0.818191   -0.0926032   -0.0584752
    0.870213 -0.000476669    -0.058963
     0.82343    -0.150701   -0.0576993
    -0.19477    -0.302836   -0.0628706
   -0.154991     -0.22867   -0.0600113
   -0.172674    -0.178448   -0.0597292
   -0.098155    -0.187534   -0.0587454
     0.29038    0.0522216   -0.0577389
    0.322065     0.158138   -0.0594946
    0.329641    0.0155735   -0.0556933
    0.345339      0.18562   -0.0605848
     0.15271   -0.0399358   -0.0546682
    0.059514    0.0386287   -0.0578821
   0.0568683    0.0337829   -0.0580558
   0.0674784   -0.0771257   -0.0565548
    0.111344   -0.0448342   -0.0580342
    0.146786    0.0542553   -0.0575729
    0.161903    -0.127598   -0.0565513
    0.271445    0.0778232   -0.0584272
   -0.233753     0.177869   -0.0596125
   -0.265072      0.20249   -0.0599424
   -0.140695     0.179976   -0.0590835
   -0.295307     0.103149   -0.0596823
   -0.332582     0.275652    -0.059804
  -0.0502925     0.336944   -0.0617035
  -0.0558218     0.315141   -0.0616566
  -0.0734691     0.478649   -0.0641462
    -0.24752     0.389698   -0.0600591
    -0.19522     0.369061   -0.0615795
   -0.094004      0.44745   -0.0637549
   -0.371164     0.421658   -0.0600492
  -0.0580214     0.332941   -0.0623708
   -0.158804     0.268614   -0.0607467
   -0.165665     0.336524   -0.0614072
   -0.157928     0.403545   -0.0618986
   -0.246098     0.177863   -0.0594506
   -0.163471     0.138574   -0.0593983
  -0.0751755    0.0577231   -0.0590345
  -0.0757457    0.0610035   -0.0564544
    0.104928     0.129595   -0.0588113
   0.0906955    -0.145823   -0.0571403
  -0.0624696    0.0386955   -0.0590573
  -0.0567886    -0.205506    -0.060119
  -0.0549324    0.0292062   -0.0589255
     -0.2007     0.510506   -0.0632469
   -0.241611   -0.0590332   -0.0595292
   -0.252022   -0.0471291   -0.0587564
   -0.218961     0.679036   -0.0657253
   -0.180219   -0.0891374   -0.0586235
   -0.129009    -0.203857   -0.0598209
  -0.0933324    -0.234255   -0.0600779
   -0.098466    -0.127307   -0.0588841
    0.160222    -0.201243   -0.0581405
  -0.0619549    0.0615853   -0.0545439
  -0.0256445    -0.140988   -0.0572047
  -0.0944782    -0.115385   -0.0586431
   -0.103458     0.574633   -0.0644489
    0.786728     0.181378   -0.0595254
    0.430876      0.12464   -0.0595778
   -0.291155     0.284593   -0.0600989
   -0.174871    -0.353303   -0.0620423
    0.886431     0.552473    -0.061852
   -0.366544     0.324578   -0.0603568
    0.723554     0.142058   -0.0590888
    0.859907      0.42692   -0.0602662
     0.47007     0.336129   -0.0616939
   -0.289751     0.595867   -0.0647928
    0.518342     0.265211   -0.0607589
   -0.375295     0.237053   -0.0599344
    0.530482     0.137736   -0.0601128
    0.604608     0.103601   -0.0593436
    0.880809      0.48956   -0.0604717
    0.316517     0.052855   -0.0584639
     0.74395    -0.218173   -0.0586248
    0.845816    -0.361908   -0.0574715
    0.707758    0.0525325   -0.0596484
    0.845799    -0.235795   -0.0574162
    0.589531   -0.0120613   -0.0586294
   -0.336445     0.628021   -0.0623699
    0.863027    -0.104789   -0.0587509
   -0.306163         0.22   -0.0600915
    0.692129  -0.00163097   -0.0586825
     0.91287      0.67621   -0.0609908
   -0.295725    -0.226322   -0.0606186
    -0.26862      0.30598   -0.0606652
    0.637276    0.0536012   -0.0593124
    0.763713    -0.297486   -0.0568817
   -0.296153     0.235439   -0.0596608
     0.77751     0.384026    -0.060849
    0.332794     0.243966   -0.0610073
   -0.306086    -0.370763   -0.0611347
   -0.338953    -0.306347   -0.0602545
    0.869965     0.115045   -0.0594438
    0.812198    -0.397642   -0.0574515
    0.628014        0.167   -0.0595389
    0.845432     0.182077   -0.0595108
    0.463954    0.0781883   -0.0588943
    0.645238     0.340709   -0.0601068
    0.848387    -0.124567   -0.0585111
   0.0802525     0.102451   -0.0588357
    0.842639     0.428865   -0.0594785
    0.752203   -0.0577286   -0.0587071
    0.430088     0.109552   -0.0598822
    0.822122     0.420271   -0.0598506
    0.884195     0.224022   -0.0595654
    0.552553    0.0513461   -0.0593715
    -0.21115      0.51468   -0.0635362
    0.669299    -0.314343   -0.0472431
    0.668657    -0.253603    -0.055512
      0.4648    -0.317791    -0.056773
    0.686952    -0.397407   -0.0558341
    0.263886    -0.235392   -0.0581102
    -0.19228    -0.332591   -0.0679762
    0.893506    0.0967789   -0.0561589
    0.236595     0.277725   -0.0613979
   -0.312568     0.663704   -0.0731855
   -0.401183    0.0596861   -0.0636988
    0.473987    -0.303795   -0.0581595
    0.270354    -0.128171   -0.0509386
    0.560738     0.175416   -0.0613312
    0.509028    -0.162819   -0.0613209
    0.624356    -0.169826   -0.0587121
     0.25774     0.332342   -0.0615925
    0.829159    -0.317062   -0.0563474
    0.403567     0.289217   -0.0621893
   -0.364511    -0.023382    -0.062774
    0.867585       0.3763   -0.0510279
    0.247236     0.474919   -0.0618197
    0.495405     0.371031   -0.0622562
    0.618991     0.571788   -0.0640132
    0.592647     0.567912   -0.0604191
    0.463812     0.362496    -0.061745
    0.500654     0.338321   -0.0617262
    0.482005    -0.380503   -0.0585099
    0.382959     0.368227   -0.0625414
    0.599861     0.311963   -0.0671337
    0.672933      0.50238   -0.0604068
    0.389052    -0.401941   -0.0588292
     0.52938     0.679698   -0.0589138
    0.432438      0.56216   -0.0611114
    0.440938     0.319627    -0.061756
    0.278907     0.339256   -0.0625705
    0.678786     0.257102   -0.0575035
    0.469673     0.611646   -0.0603783
    0.540136      0.62095   -0.0614935
    0.665118     0.430074   -0.0599797
    0.252344     0.521182   -0.0616617
    0.370674     0.489559   -0.0604951
    0.456892     0.344194    0.0082644
    0.395628     0.251628    -0.123196
    0.285045     0.671996   -0.0607026
    -0.22835    -0.115597   -0.0600341
  -0.0351563     0.148618   -0.0567428
   -0.343586     0.126143   -0.0605188
    0.176019    -0.209746   -0.0576554
     0.20397     0.683466   -0.0612853
  -0.0183801    -0.356119   -0.0614222
    0.263245     -0.32666   -0.0592311
   0.0657499     0.493734   -0.0646476
  -0.0566731     0.163793   -0.0581128
   0.0532365   -0.0939941   -0.0527574
    0.370335   -0.0540935   -0.0583774
    0.300648    -0.364998   -0.0589385
   -0.222874    0.0605564   -0.0557718
    0.225839     0.638355   -0.0612182
    0.051559     0.687204   -0.0636546
   -0.181413    -0.063096   -0.0604359
 0.000835415     0.319307   -0.0614804
    0.298791     0.188229   -0.0599412
    0.308496    0.0937568   -0.0584708
    0.115289    -0.156997   -0.0571331
    0.382462   -0.0452474   -0.0600551
   -0.211611    -0.283282   -0.0611694
   0.0708277      0.47961   -0.0639598
    0.138344     0.249573   -0.0616206
  -0.0833299    0.0547699   -0.0473388
   0.0446888     0.306419    -0.061154
   0.0896722    -0.333515   -0.0595119
    0.131144     0.508237    -0.062158
   -0.280588     0.403959   -0.0585723
    0.895732   -0.0472311   -0.0597377
    0.341826    -0.315733   -0.0579173
 -0.00769386     0.626806   -0.0635666
   -0.134066     0.670218   -0.0631956
    0.184819   -0.0301242   -0.0516748
   0.0131235     0.443617   -0.0720092
    0.128067    -0.415694   -0.0607996
   0.0102413     0.396738   -0.0622497
    0.201941    0.0975557   -0.0582585
   -0.149405     0.277787   -0.0605315
  0.00334463    -0.110586   -0.0542775
    0.178558       0.3509   -0.0683372
    0.172447     0.260598   -0.0621186
    0.218706      0.26663   -0.0626013
    0.267169     -0.05867   -0.0344661
     0.32226     0.180228     -0.21494
   0.0203164     0.549854   -0.0637039
    0.474808         -0.5     -0.33297
    0.474808     0.754717     -0.33297
    0.307127         -0.5    -0.236545
    0.307127     0.754717    -0.236545
    0.207738         -0.5    -0.334959
    0.207738     0.754717    -0.334959
   -0.362712     0.754717     0.150159
   -0.362712         -0.5     0.150159
        -0.5     0.596142    0.0333488
    0.984271     0.596142    0.0333488
   -0.249702     0.754717    0.0571269
   -0.249702         -0.5    0.0571269
        -0.5     0.499203     0.124671
    0.984271     0.499203     0.124671
        -0.5     0.578593    0.0746431
    0.984271     0.578593    0.0746431
  -0.0367895     0.754717    0.0548737
  -0.0367895         -0.5    0.0548737
        -0.5     0.714156    0.0388378
    0.984271     0.714156    0.0388378
    0.894293     0.754717     0.030936
    0.894293         -0.5     0.030936
    0.578679      -0.3513     0.383483
    0.578679      -0.3513         -0.5
    0.984271     -0.15793     0.246541
        -0.5     -0.15793     0.246541
    0.528065    -0.291983     0.383483
    0.528065    -0.291983         -0.5
    0.984271    -0.249995     0.256748
        -0.5    -0.249995     0.256748
    0.984271    -0.195915     0.249891
        -0.5    -0.195915     0.249891
    0.984271    -0.135926      0.26029
        -0.5    -0.135926      0.26029
    0.689787    -0.229828     0.383483
    0.689787    -0.229828         -0.5
    0.570076    0.0114128     0.383483
    0.570076    0.0114128         -0.5
    0.984271    -0.187335     0.272926
        -0.5    -0.187335     0.272926
   -0.166424    -0.134694     0.383483
   -0.166424    -0.134694         -0.5
    0.984271    -0.181592     0.269939
        -0.5    -0.181592     0.269939
  -0.0685583    -0.056864     0.383483
  -0.0685583    -0.056864         -0.5
    0.984271    -0.214695     0.272127
        -0.5    -0.214695     0.272127
   -0.144432    -0.380966     0.383483
   -0.144432    -0.380966         -0.5
    0.984271      -0.1793       0.2494
        -0.5      -0.1793       0.2494
    0.156796     0.754717    0.0703272
    0.156796         -0.5    0.0703272
        -0.5     0.174717    -0.270223
    0.984271     0.174717    -0.270223
   -0.310645     0.161211         -0.5
   -0.310645     0.161211     0.383483
        -0.5     0.167776    -0.414577
    0.984271     0.167776    -0.414577
    0.881631     0.216387         -0.5
    0.881631     0.216387     0.383483
        -0.5    0.0872619    -0.329407
    0.984271    0.0872619    -0.329407
        -0.5     0.271665    -0.438703
    0.984271     0.271665    -0.438703
    0.924265     0.348991         -0.5
    0.924265     0.348991     0.383483
        -0.5     0.138644     -0.29923
    0.984271     0.138644     -0.29923
        -0.5    0.0870003    -0.302745
    0.984271    0.0870003    -0.302745
        -0.5      0.17971    -0.300537
    0.984271      0.17971    -0.300537
   -0.383416     0.754717     0.255429
   -0.383416         -0.5     0.255429
        -0.5     0.423254        0.237
    0.984271     0.423254        0.237
   0.0372104     0.356601     0.383483
   0.0372104     0.356601         -0.5
  -0.0954704    0.0159445     0.383483
  -0.0954704    0.0159445         -0.5
   -0.174484     0.754717     0.361925
   -0.174484         -0.5     0.361925
   -0.206581    -0.420387     0.383483
   -0.206581    -0.420387         -0.5
    -0.14871     0.400173     0.383483
    -0.14871     0.400173         -0.5
    0.132975     0.469651     0.383483
    0.132975     0.469651         -0.5
        -0.5    0.0796344   -0.0291573
    0.984271    0.0796344   -0.0291573
        -0.5    0.0107157   -0.0108422
    0.984271    0.0107157   -0.0108422
        -0.5  -0.00854147   -0.0384483
    0.984271  -0.00854147   -0.0384483
        -0.5   -0.0512445    0.0177127
    0.984271   -0.0512445    0.0177127
        -0.5    0.0274018   -0.0695643
    0.984271    0.0274018   -0.0695643
    0.873023    -0.392229         -0.5
    0.873023    -0.392229     0.383483
    0.984271    -0.406103     0.356212
        -0.5    -0.406103     0.356212
    0.652069    -0.342576         -0.5
    0.652069    -0.342576     0.383483
    0.484889         -0.5    -0.386501
    0.484889     0.754717    -0.386501
    0.717749         -0.5    -0.487887
    0.717749     0.754717    -0.487887
    0.741835     0.721293         -0.5
    0.741835     0.721293     0.383483
    0.664339    -0.453073         -0.5
    0.664339    -0.453073     0.383483
    0.688242         -0.5     0.351744
    0.688242     0.754717     0.351744
    0.509519         -0.5    -0.493382
    0.509519     0.754717    -0.493382
    0.496832     0.738243         -0.5
    0.496832     0.738243     0.383483
    0.984271    -0.373929    -0.437768
        -0.5    -0.373929    -0.437768
    0.821268         -0.5    -0.397154
    0.821268     0.754717    -0.397154
    0.984271     0.643199    -0.365135
        -0.5     0.643199    -0.365135
    0.618499         -0.5    -0.398532
    0.618499     0.754717    -0.398532
        -0.5   -0.0546819      0.13704
    0.984271   -0.0546819      0.13704
        -0.5     0.167636       0.1616
    0.984271     0.167636       0.1616
        -0.5     0.226677     0.151774
    0.984271     0.226677     0.151774
        -0.5    -0.113489    -0.477314
    0.984271    -0.113489    -0.477314
    0.955803    -0.141573         -0.5
    0.955803    -0.141573     0.383483
   -0.315112     0.147003         -0.5
   -0.315112     0.147003     0.383483
        -0.5   -0.0406881    -0.365627
    0.984271   -0.0406881    -0.365627
        -0.5    0.0400973    -0.364289
    0.984271    0.0400973    -0.364289
        -0.5    0.0412709    -0.331731
    0.984271    0.0412709    -0.331731
    0.984271     0.148582  -0.00203814
        -0.5     0.148582  -0.00203814
    0.984271      0.30885 -0.000524091
        -0.5      0.30885 -0.000524091
    0.809561         -0.5     -0.17265
    0.809561     0.754717     -0.17265
    0.984271    -0.482135     -0.17618
        -0.5    -0.482135     -0.17618
   -0.472814         -0.5    -0.174791
   -0.472814     0.754717    -0.174791
    0.730369         -0.5    -0.149406
    0.730369     0.754717    -0.149406
    0.984271    -0.284488    -0.166248
        -0.5    -0.284488    -0.166248
    0.984271     -0.34992    -0.182739
        -0.5     -0.34992    -0.182739
    0.984271    -0.266122     -0.20337
        -0.5    -0.266122     -0.20337
    0.984271    -0.368562    -0.133708
        -0.5    -0.368562    -0.133708
    0.516402         -0.5     -0.26917
    0.516402     0.754717     -0.26917
    0.810548         -0.5    -0.112383
    0.810548     0.754717    -0.112383
    0.984271    -0.387877     -0.23189
        -0.5    -0.387877     -0.23189
    0.950412         -0.5    -0.192536
    0.950412     0.754717    -0.192536
    0.984271     0.720208    -0.195276
        -0.5     0.720208    -0.195276
    0.771858         -0.5    -0.197126
    0.771858     0.754717    -0.197126
        -0.5      0.38495    -0.130624
    0.984271      0.38495    -0.130624
    0.984271     0.445498    -0.124212
        -0.5     0.445498    -0.124212
    0.984271     0.375791     -0.08484
        -0.5     0.375791     -0.08484
    0.984271     0.372553    -0.150681
        -0.5     0.372553    -0.150681
    0.276067         -0.5     -0.23199
    0.276067     0.754717     -0.23199
    0.137201         -0.5    -0.329415
    0.137201     0.754717    -0.329415
   -0.148841         -0.5    -0.211017
   -0.148841     0.754717    -0.211017
    0.258985         -0.5    -0.200357
    0.258985     0.754717    -0.200357
   0.0997811         -0.5    -0.288079
   0.0997811     0.754717    -0.288079
    0.592773    -0.286183         -0.5
    0.592773    -0.286183     0.383483
    0.475634    -0.271291         -0.5
    0.475634    -0.271291     0.383483
    0.629247    -0.296985         -0.5
    0.629247    -0.296985     0.383483
    0.568869    -0.202656         -0.5
    0.568869    -0.202656     0.383483
    0.475115         -0.5    -0.385966
    0.475115     0.754717    -0.385966
    0.492168    -0.461763         -0.5
    0.492168    -0.461763     0.383483
    0.470542         -0.5      0.37106
    0.470542     0.754717      0.37106
    0.563822    -0.268534         -0.5
    0.563822    -0.268534     0.383483
   -0.365776         -0.5     0.241146
   -0.365776     0.754717     0.241146
        -0.5    -0.343537     0.221458
    0.984271    -0.343537     0.221458
        -0.5     -0.40046     0.235387
    0.984271     -0.40046     0.235387
        -0.5    -0.381949     0.283619
    0.984271    -0.381949     0.283619
     0.66364    -0.242685     0.383483
     0.66364    -0.242685         -0.5
   -0.428111         -0.5     0.243377
   -0.428111     0.754717     0.243377
        -0.5     0.635663     0.234869
    0.984271     0.635663     0.234869
   -0.481704         -0.5     0.224118
   -0.481704     0.754717     0.224118
        -0.5     0.741487     0.219468
    0.984271     0.741487     0.219468
   -0.158976    -0.390944     0.383483
   -0.158976    -0.390944         -0.5
   -0.199343         -0.5      0.21621
   -0.199343     0.754717      0.21621
   -0.361762         -0.5      0.29406
   -0.361762     0.754717      0.29406
   -0.313282     0.620322     0.383483
   -0.313282     0.620322         -0.5
   -0.486859         -0.5     0.295644
   -0.486859     0.754717     0.295644
        -0.5     0.745704     0.301849
    0.984271     0.745704     0.301849
    0.811382     0.627118     0.383483
    0.811382     0.627118         -0.5
        -0.5    0.0438503    0.0572557
    0.984271    0.0438503    0.0572557
        -0.5   -0.0319766    0.0798011
    0.984271   -0.0319766    0.0798011
        -0.5     0.159373     0.103003
    0.984271     0.159373     0.103003
        -0.5     0.213644    0.0987082
    0.984271     0.213644    0.0987082
    0.441509     0.349852     0.383483
    0.441509     0.349852         -0.5
    0.490982     0.561357     0.383483
    0.490982     0.561357         -0.5
    0.632345     0.030266     0.383483
    0.632345     0.030266         -0.5
    0.592863     0.286672     0.383483
    0.592863     0.286672         -0.5
    0.579289     0.374751     0.383483
    0.579289     0.374751         -0.5
    0.230803      0.44534     0.383483
    0.230803      0.44534         -0.5
    0.315304     0.204487         -0.5
    0.315304     0.204487     0.383483
    0.385149     0.505826         -0.5
    0.385149     0.505826     0.383483
    0.145023    0.0532694         -0.5
    0.145023    0.0532694     0.383483
    0.672867    0.0174117     0.383483
    0.672867    0.0174117         -0.5
    0.184888      0.41293     0.383483
    0.184888      0.41293         -0.5
    0.469854         -0.5     0.185721
    0.469854     0.754717     0.185721
    0.628351         -0.5   -0.0839112
    0.628351     0.754717   -0.0839112
    0.984271    -0.184793    -0.105039
        -0.5    -0.184793    -0.105039
    0.472912         -0.5    -0.248276
    0.472912     0.754717    -0.248276
    0.984271    -0.145719   -0.0660676
        -0.5    -0.145719   -0.0660676
    0.390523         -0.5    -0.123957
    0.390523     0.754717    -0.123957
   -0.154134         -0.5    -0.210162
   -0.154134     0.754717    -0.210162
    0.483499         -0.5    0.0801813
    0.483499     0.754717    0.0801813
    0.449692         -0.5     0.167246
    0.449692     0.754717     0.167246
    0.327124         -0.5    -0.204174
    0.327124     0.754717    -0.204174
    0.215068     -0.23702         -0.5
    0.215068     -0.23702     0.383483
    0.483726         -0.5    -0.373395
    0.483726     0.754717    -0.373395
   0.0982448    -0.159384         -0.5
   0.0982448    -0.159384     0.383483
    0.304481    -0.495724         -0.5
    0.304481    -0.495724     0.383483
    0.306786         -0.5     0.382042
    0.306786     0.754717     0.382042
   0.0664891    -0.371549         -0.5
   0.0664891    -0.371549     0.383483
  -0.0444394         -0.5     0.296091
  -0.0444394     0.754717     0.296091
    0.191218   0.00126054         -0.5
    0.191218   0.00126054     0.383483
    0.168232         -0.5    -0.404293
    0.168232     0.754717    -0.404293
        -0.5    -0.194244     0.162253
    0.984271    -0.194244     0.162253
   -0.160975    -0.408329     0.383483
   -0.160975    -0.408329         -0.5
  -0.0742165         -0.5     0.163314
  -0.0742165     0.754717     0.163314
    0.984271    -0.115707    -0.106535
        -0.5    -0.115707    -0.106535
   -0.215732     0.754717    -0.158915
   -0.215732         -0.5    -0.158915
   -0.245924     0.754717   -0.0766499
   -0.245924         -0.5   -0.0766499
        -0.5     0.556077   -0.0691429
    0.984271     0.556077   -0.0691429
   -0.207247     0.754717    -0.278388
   -0.207247         -0.5    -0.278388
        -0.5     0.523218    -0.175763
    0.984271     0.523218    -0.175763
        -0.5     0.406138     0.192649
    0.984271     0.406138     0.192649
        -0.5     0.347151     0.178034
    0.984271     0.347151     0.178034
    0.145353    0.0504607         -0.5
    0.145353    0.0504607     0.383483
    0.470683         -0.5    0.0967046
    0.470683     0.754717    0.0967046
    0.344548         -0.5     0.199898
    0.344548     0.754717     0.199898
   -0.327385    -0.407566     0.383483
   -0.327385    -0.407566         -0.5
   -0.044751         -0.5     0.162436
   -0.044751     0.754717     0.162436
    0.984271    -0.227752     0.120079
        -0.5    -0.227752     0.120079
     0.78511         -0.5      0.12637
     0.78511     0.754717      0.12637
    0.984271     -0.11988     0.102037
        -0.5     -0.11988     0.102037
    0.984271    -0.147523     0.145006
        -0.5    -0.147523     0.145006
    0.712418    -0.227101     0.383483
    0.712418    -0.227101         -0.5
    0.502753         -0.5     0.103429
    0.502753     0.754717     0.103429
    0.984271    -0.314503     0.136461
        -0.5    -0.314503     0.136461
    0.792358         -0.5      0.18296
    0.792358     0.754717      0.18296
    0.742089         -0.5     0.151593
    0.742089     0.754717     0.151593
    0.527413         -0.5     0.196624
    0.527413     0.754717     0.196624
    0.984271     0.484572   -0.0448751
        -0.5     0.484572   -0.0448751
     0.61058     0.754717   -0.0467045
     0.61058         -0.5   -0.0467045
        -0.5     0.398549      0.11445
    0.984271     0.398549      0.11445
        -0.5     0.422732    0.0691523
    0.984271     0.422732    0.0691523
        -0.5      0.34675    0.0993218
    0.984271      0.34675    0.0993218
        -0.5     0.209867     0.251188
    0.984271     0.209867     0.251188
        -0.5     0.123654     0.307945
    0.984271     0.123654     0.307945
     0.56205    0.0253136     0.383483
     0.56205    0.0253136         -0.5
        -0.5     0.320363     0.247914
    0.984271     0.320363     0.247914
  -0.0814678     0.242873     0.383483
  -0.0814678     0.242873         -0.5
   -0.093635  -0.00812694     0.383483
   -0.093635  -0.00812694         -0.5
        -0.5    0.0963319     0.263821
    0.984271    0.0963319     0.263821
   -0.286863     0.263923     0.383483
   -0.286863     0.263923         -0.5
        -0.5     0.260259     0.235898
    0.984271     0.260259     0.235898
        -0.5   -0.0526442    -0.150409
    0.984271   -0.0526442    -0.150409
    0.598905    -0.168647         -0.5
    0.598905    -0.168647     0.383483
    0.984271    -0.129796    -0.382884
        -0.5    -0.129796    -0.382884
    0.984271    -0.191171    -0.422169
        -0.5    -0.191171    -0.422169
    0.984271    -0.294956    -0.434654
        -0.5    -0.294956    -0.434654
    0.680484    -0.163657         -0.5
    0.680484    -0.163657     0.383483
    0.558275  -0.00323643     0.383483
    0.558275  -0.00323643         -0.5
    0.707673      0.24735     0.383483
    0.707673      0.24735         -0.5
    0.686867     0.364105     0.383483
    0.686867     0.364105         -0.5
    0.417785     0.754717    0.0414374
    0.417785         -0.5    0.0414374
    0.522419     0.754717    0.0280781
    0.522419         -0.5    0.0280781
    0.621708  -0.00531935     0.383483
    0.621708  -0.00531935         -0.5
    0.497309     -0.17826     0.383483
    0.497309     -0.17826         -0.5
        -0.5   0.00709814    -0.273497
    0.984271   0.00709814    -0.273497
   -0.492695         -0.5    0.0696614
   -0.492695     0.754717    0.0696614
        -0.5      0.74971    0.0701712
    0.984271      0.74971    0.0701712
  -0.0915601         -0.5     0.103474
  -0.0915601     0.754717     0.103474
    0.179439         -0.5   -0.0371483
    0.179439     0.754717   -0.0371483
        -0.5    -0.325731    0.0317401
    0.984271    -0.325731    0.0317401
    0.491309     0.754717    -0.324586
    0.491309         -0.5    -0.324586
    0.808377     0.527817         -0.5
    0.808377     0.527817     0.383483
    0.395837     0.583838         -0.5
    0.395837     0.583838     0.383483
    0.466175     0.754717    -0.337083
    0.466175         -0.5    -0.337083
    0.633109   -0.0149637         -0.5
    0.633109   -0.0149637     0.383483
     0.29006    0.0496245         -0.5
     0.29006    0.0496245     0.383483
    0.473078         -0.5    -0.330796
    0.473078     0.754717    -0.330796
    0.366157         -0.5    -0.139376
    0.366157     0.754717    -0.139376
    0.984271     0.512062     0.239135
        -0.5     0.512062     0.239135
   -0.236664     0.754717     0.332507
   -0.236664         -0.5     0.332507
  -0.0928958    -0.367523     0.383483
  -0.0928958    -0.367523         -0.5
    0.984271     0.467619     0.203412
        -0.5     0.467619     0.203412
    0.984271     0.425819     0.277065
        -0.5     0.425819     0.277065
   -0.366245     0.414938     0.383483
   -0.366245     0.414938         -0.5
    0.703331     0.435128     0.383483
    0.703331     0.435128         -0.5
    0.984271      0.48684    0.0694732
        -0.5      0.48684    0.0694732
    0.671189     0.754717    0.0547668
    0.671189         -0.5    0.0547668
    0.222412    0.0510922         -0.5
    0.222412    0.0510922     0.383483
  -0.0825848    -0.112934     0.383483
  -0.0825848    -0.112934         -0.5
  -0.0889769   -0.0522873     0.383483
  -0.0889769   -0.0522873         -0.5
   -0.202939    -0.358275     0.383483
   -0.202939    -0.358275         -0.5
  -0.0633407         -0.5     0.206389
  -0.0633407     0.754717     0.206389
    0.542423    -0.179959     0.383483
    0.542423    -0.179959         -0.5
   0.0829544    0.0497721         -0.5
   0.0829544    0.0497721     0.383483
    0.185747     0.508038     0.383483
    0.185747     0.508038         -0.5
    0.984271     0.320195    -0.246434
        -0.5     0.320195    -0.246434
   -0.164837   -0.0547202         -0.5
   -0.164837   -0.0547202     0.383483
    0.160464     0.040751         -0.5
    0.160464     0.040751     0.383483
  -0.0358047         -0.5     0.103238
  -0.0358047     0.754717     0.103238
   -0.216514    -0.295306         -0.5
   -0.216514    -0.295306     0.383483
   -0.144899    -0.444558         -0.5
   -0.144899    -0.444558     0.383483
  -0.0992401         -0.5     0.321291
  -0.0992401     0.754717     0.321291
   -0.208893         -0.5     -0.40497
   -0.208893     0.754717     -0.40497
   -0.394515         -0.5     -0.40594
   -0.394515     0.754717     -0.40594
        -0.5      0.69805    -0.388992
    0.984271      0.69805    -0.388992
  -0.0632981         -0.5    -0.426465
  -0.0632981     0.754717    -0.426465
    0.189195     0.511605     0.383483
    0.189195     0.511605         -0.5
    0.362523     0.754717    -0.176172
    0.362523         -0.5    -0.176172
    0.451575     0.754717    -0.117458
    0.451575         -0.5    -0.117458
        -0.5     0.413226    -0.241132
    0.984271     0.413226    -0.241132
    0.477238    -0.130797     0.383483
    0.477238    -0.130797         -0.5
    0.176512     0.285711     0.383483
    0.176512     0.285711         -0.5
        -0.5    0.0946567   -0.0891312
    0.984271    0.0946567   -0.0891312
        -0.5  -0.00938563    -0.038632
    0.984271  -0.00938563    -0.038632
    -0.48789     0.754717    -0.107875
    -0.48789         -0.5    -0.107875
        -0.5    -0.493713    -0.110271
    0.984271    -0.493713    -0.110271
        -0.5    -0.321016    0.0114293
    0.984271    -0.321016    0.0114293
        -0.5    0.0628079   -0.0372588
    0.984271    0.0628079   -0.0372588
    0.984271     0.369649   -0.0233634
        -0.5     0.369649   -0.0233634
        -0.5     0.568831    -0.129932
    0.984271     0.568831    -0.129932
    0.307878         -0.5   -0.0864418
    0.307878     0.754717   -0.0864418
    0.679608     0.754717   -0.0569744
    0.679608         -0.5   -0.0569744
     0.59145     0.754717   -0.0593775
     0.59145         -0.5   -0.0593775
    0.606762     0.754717   -0.0596281
    0.606762         -0.5   -0.0596281
     0.68707     0.754717   -0.0586988
     0.68707         -0.5   -0.0586988
    0.505429     0.754717   -0.0597505
    0.505429         -0.5   -0.0597505
    0.717995     0.754717    -0.059463
    0.717995         -0.5    -0.059463
    0.761846     0.754717   -0.0592718
    0.761846         -0.5   -0.0592718
    0.984271   -0.0405352   -0.0599114
        -0.5   -0.0405352   -0.0599114
    0.984271    -0.178866   -0.0584202
        -0.5    -0.178866   -0.0584202
    0.984271    -0.135073   -0.0585626
        -0.5    -0.135073   -0.0585626
        -0.5     0.334328    -0.056635
    0.984271     0.334328    -0.056635
        -0.5      0.26032   -0.0597541
    0.984271      0.26032   -0.0597541
        -0.5     0.249977   -0.0598842
    0.984271     0.249977   -0.0598842
    0.984271   -0.0688816   -0.0593161
        -0.5   -0.0688816   -0.0593161
    0.984271   -0.0907688   -0.0591919
        -0.5   -0.0907688   -0.0591919
    0.984271   -0.0129012   -0.0589242
        -0.5   -0.0129012   -0.0589242
    0.984271    -0.096406   -0.0594956
        -0.5    -0.096406   -0.0594956
    0.984271     0.720333   -0.0617087
        -0.5     0.720333   -0.0617087
   -0.423355     0.754717   -0.0617502
   -0.423355         -0.5   -0.0617502
    0.708191     0.754717   -0.0606542
    0.708191         -0.5   -0.0606542
    0.984271     0.651895   -0.0622712
        -0.5     0.651895   -0.0622712
    0.984271      0.72673   -0.0626035
        -0.5      0.72673   -0.0626035
   -0.445135     0.754717   -0.0631051
   -0.445135         -0.5   -0.0631051
    0.844229     0.754717   -0.0611763
    0.844229         -0.5   -0.0611763
    0.984271     0.670659   -0.0641027
        -0.5     0.670659   -0.0641027
    0.963574     0.754717   -0.0614862
    0.963574         -0.5   -0.0614862
    0.984271     -0.47987   -0.0614448
        -0.5     -0.47987   -0.0614448
    0.840839     0.754717   -0.0606923
    0.840839         -0.5   -0.0606923
     0.84467     0.754717   -0.0603453
     0.84467         -0.5   -0.0603453
  -0.0785232         -0.5   -0.0625305
  -0.0785232     0.754717   -0.0625305
   -0.136947         -0.5    -0.062803
   -0.136947     0.754717    -0.062803
    0.984271     0.470981   -0.0614755
        -0.5     0.470981   -0.0614755
    0.984271     0.564123   -0.0624079
        -0.5     0.564123   -0.0624079
    0.984271     0.435248   -0.0613501
        -0.5     0.435248   -0.0613501
    0.984271      0.54439   -0.0621056
        -0.5      0.54439   -0.0621056
    0.984271     0.584722   -0.0641657
        -0.5     0.584722   -0.0641657
    0.984271     0.514796   -0.0618125
        -0.5     0.514796   -0.0618125
    0.984271     0.490548    -0.061642
        -0.5     0.490548    -0.061642
    0.984271     0.465558    -0.061429
        -0.5     0.465558    -0.061429
    0.984271     0.478748   -0.0615284
        -0.5     0.478748   -0.0615284
    0.852143     0.754717   -0.0602189
    0.852143         -0.5   -0.0602189
    0.984271     0.608678   -0.0645889
        -0.5     0.608678   -0.0645889
    0.825571     0.754717   -0.0599806
    0.825571         -0.5   -0.0599806
        -0.5    -0.161606    -0.059589
    0.984271    -0.161606    -0.059589
        -0.5   -0.0451637   -0.0599203
    0.984271   -0.0451637   -0.0599203
        -0.5     -0.10928    -0.059506
    0.984271     -0.10928    -0.059506
        -0.5    -0.425468    -0.060485
    0.984271    -0.425468    -0.060485
    0.918931         -0.5   -0.0605935
    0.918931     0.754717   -0.0605935
        -0.5    -0.120651   -0.0594298
    0.984271    -0.120651   -0.0594298
    0.984271     0.394523   -0.0535799
        -0.5     0.394523   -0.0535799
    0.984271     0.442545   -0.0539521
        -0.5     0.442545   -0.0539521
    0.984271       0.4649   -0.0538389
        -0.5       0.4649   -0.0538389
    0.984271      0.32665   -0.0530551
        -0.5      0.32665   -0.0530551
    0.242988         -0.5   -0.0590571
    0.242988     0.754717   -0.0590571
    0.365189         -0.5   -0.0573424
    0.365189     0.754717   -0.0573424
    0.292289         -0.5   -0.0586831
    0.292289     0.754717   -0.0586831
    0.468029         -0.5    -0.058195
    0.468029     0.754717    -0.058195
        -0.5     0.403139   -0.0603953
    0.984271     0.403139   -0.0603953
        -0.5     0.209962   -0.0588696
    0.984271     0.209962   -0.0588696
        -0.5     0.326187   -0.0602988
    0.984271     0.326187   -0.0602988
        -0.5     0.361099   -0.0602208
    0.984271     0.361099   -0.0602208
        -0.5     0.276001   -0.0600876
    0.984271     0.276001   -0.0600876
        -0.5     0.318098   -0.0599419
    0.984271     0.318098   -0.0599419
    0.984271     0.480001   -0.0612676
        -0.5     0.480001   -0.0612676
    0.984271     0.449248    -0.060852
        -0.5     0.449248    -0.060852
    0.984271     0.358556   -0.0602256
        -0.5     0.358556   -0.0602256
    0.984271      0.39118   -0.0603493
        -0.5      0.39118   -0.0603493
    0.984271     0.365586   -0.0601297
        -0.5     0.365586   -0.0601297
    0.984271     0.406202   -0.0604504
        -0.5     0.406202   -0.0604504
    0.568879     0.754717   -0.0614978
    0.568879         -0.5   -0.0614978
    0.609039     0.754717   -0.0625188
    0.609039         -0.5   -0.0625188
    0.562374     0.754717   -0.0595263
    0.562374         -0.5   -0.0595263
    0.524185     0.754717   -0.0596431
    0.524185         -0.5   -0.0596431
    0.595507     0.754717   -0.0599566
    0.595507         -0.5   -0.0599566
    0.378647         -0.5   -0.0593315
    0.378647     0.754717   -0.0593315
    0.792807         -0.5   -0.0594662
    0.792807     0.754717   -0.0594662
    0.512258         -0.5   -0.0590227
    0.512258     0.754717   -0.0590227
    0.546539         -0.5    -0.059383
    0.546539     0.754717    -0.059383
        -0.5     0.453493   -0.0601887
    0.984271     0.453493   -0.0601887
        -0.5     0.560111   -0.0604098
    0.984271     0.560111   -0.0604098
        -0.5      0.42456   -0.0598874
    0.984271      0.42456   -0.0598874
        -0.5     0.327628   -0.0598871
    0.984271     0.327628   -0.0598871
        -0.5    0.0642433   -0.0599832
    0.984271    0.0642433   -0.0599832
        -0.5     0.110435   -0.0588766
    0.984271     0.110435   -0.0588766
        -0.5     0.064052   -0.0600033
    0.984271     0.064052   -0.0600033
        -0.5     0.120723   -0.0601491
    0.984271     0.120723   -0.0601491
        -0.5     0.151192   -0.0602009
    0.984271     0.151192   -0.0602009
        -0.5    0.0325569   -0.0602219
    0.984271    0.0325569   -0.0602219
        -0.5     0.524005   -0.0632184
    0.984271     0.524005   -0.0632184
   -0.121305     0.754717   -0.0635475
   -0.121305         -0.5   -0.0635475
   -0.233612     0.754717   -0.0658842
   -0.233612         -0.5   -0.0658842
        -0.5     0.646567   -0.0631035
    0.984271     0.646567   -0.0631035
        -0.5     0.505579   -0.0636093
    0.984271     0.505579   -0.0636093
 -0.00657389     0.754717   -0.0627601
 -0.00657389         -0.5   -0.0627601
   -0.118081     0.754717   -0.0653594
   -0.118081         -0.5   -0.0653594
    0.162666     0.754717   -0.0620279
    0.162666         -0.5   -0.0620279
   0.0655782     0.754717   -0.0620756
   0.0655782         -0.5   -0.0620756
    0.110618     0.754717   -0.0622552
    0.110618         -0.5   -0.0622552
    0.984271      0.37449   -0.0605171
        -0.5      0.37449   -0.0605171
    0.984271     0.477284   -0.0612076
        -0.5     0.477284   -0.0612076
    0.984271     0.421836   -0.0607294
        -0.5     0.421836   -0.0607294
    0.984271     0.396913   -0.0605166
        -0.5     0.396913   -0.0605166
        -0.5     0.268172   -0.0599791
    0.984271     0.268172   -0.0599791
        -0.5      0.18324    -0.059782
    0.984271      0.18324    -0.059782
        -0.5     0.215062    -0.059815
    0.984271     0.215062    -0.059815
        -0.5     0.261464   -0.0596396
    0.984271     0.261464   -0.0596396
    0.202566         -0.5   -0.0597076
    0.202566     0.754717   -0.0597076
    0.750927         -0.5   -0.0567451
    0.750927     0.754717   -0.0567451
    0.682158         -0.5   -0.0567648
    0.682158     0.754717   -0.0567648
    0.452563         -0.5   -0.0566843
    0.452563     0.754717   -0.0566843
    0.930891         -0.5   -0.0578932
    0.930891     0.754717   -0.0578932
    0.984271     0.732268   -0.0583438
        -0.5     0.732268   -0.0583438
    0.579283         -0.5   -0.0570867
    0.579283     0.754717   -0.0570867
    0.711305         -0.5   -0.0570609
    0.711305     0.754717   -0.0570609
    0.579612         -0.5   -0.0571703
    0.579612     0.754717   -0.0571703
    0.731052         -0.5   -0.0564486
    0.731052     0.754717   -0.0564486
     0.68075         -0.5    -0.056535
     0.68075     0.754717    -0.056535
    0.282955         -0.5   -0.0595009
    0.282955     0.754717   -0.0595009
     0.13201     0.754717   -0.0610831
     0.13201         -0.5   -0.0610831
    0.136022     0.754717   -0.0610575
    0.136022         -0.5   -0.0610575
    0.243478     0.754717   -0.0607145
    0.243478         -0.5   -0.0607145
    0.163447     0.754717   -0.0609111
    0.163447         -0.5   -0.0609111
    0.249444     0.754717    -0.060624
    0.249444         -0.5    -0.060624
    0.279399     0.754717   -0.0606002
    0.279399         -0.5   -0.0606002
    0.150437     0.754717   -0.0609908
    0.150437         -0.5   -0.0609908
   -0.103841         -0.5     -0.06198
   -0.103841     0.754717     -0.06198
  -0.0630782         -0.5   -0.0623687
  -0.0630782     0.754717   -0.0623687
   0.0998149         -0.5   -0.0609747
   0.0998149     0.754717   -0.0609747
   -0.104597         -0.5   -0.0622089
   -0.104597     0.754717   -0.0622089
    0.344322         -0.5   -0.0594223
    0.344322     0.754717   -0.0594223
    0.475366         -0.5   -0.0591086
    0.475366     0.754717   -0.0591086
    0.514451         -0.5   -0.0595011
    0.514451     0.754717   -0.0595011
   -0.201452         -0.5   -0.0666917
   -0.201452     0.754717   -0.0666917
        -0.5    -0.278282   -0.0648508
    0.984271    -0.278282   -0.0648508
    -0.28446         -0.5   -0.0703524
    -0.28446     0.754717   -0.0703524
        -0.5    -0.194449   -0.0640371
    0.984271    -0.194449   -0.0640371
    -0.14166         -0.5   -0.0667797
    -0.14166     0.754717   -0.0667797
   -0.497587         -0.5   -0.0646278
   -0.497587     0.754717   -0.0646278
        -0.5     0.753394   -0.0646014
    0.984271     0.753394   -0.0646014
        -0.5    -0.315305   -0.0641295
    0.984271    -0.315305   -0.0641295
   -0.146515         -0.5   -0.0657392
   -0.146515     0.754717   -0.0657392
        -0.5     0.127369   -0.0580073
    0.984271     0.127369   -0.0580073
    0.280703         -0.5   -0.0599325
    0.280703     0.754717   -0.0599325
    0.332406         -0.5   -0.0585775
    0.332406     0.754717   -0.0585775
    0.083024         -0.5   -0.0614727
    0.083024     0.754717   -0.0614727
    0.482974         -0.5   -0.0590751
    0.482974     0.754717   -0.0590751
    0.216511         -0.5   -0.0603953
    0.216511     0.754717   -0.0603953
    0.853589     0.754717   -0.0590826
    0.853589         -0.5   -0.0590826
    0.984271     0.541918   -0.0631633
        -0.5     0.541918   -0.0631633
    0.984271     0.534912   -0.0609095
        -0.5     0.534912   -0.0609095
    0.984271     0.466372   -0.0601094
        -0.5     0.466372   -0.0601094
    0.984271     0.532659   -0.0613132
        -0.5     0.532659   -0.0613132
    0.984271     0.420494   -0.0603199
        -0.5     0.420494   -0.0603199
    0.984271     0.610237   -0.0606784
        -0.5     0.610237   -0.0606784
   -0.376131     0.754717   -0.0609259
   -0.376131         -0.5   -0.0609259
    0.844653     0.754717   -0.0587533
    0.844653         -0.5   -0.0587533
   0.0147604     0.754717   -0.0628015
   0.0147604         -0.5   -0.0628015
    0.351332     0.754717   -0.0601716
    0.351332         -0.5   -0.0601716
     0.29175     0.754717   -0.0610739
     0.29175         -0.5   -0.0610739
    0.193077     0.754717   -0.0607365
    0.193077         -0.5   -0.0607365
    0.984271      0.14673   -0.0571055
        -0.5      0.14673   -0.0571055
    0.984271    0.0817668   -0.0583076
        -0.5    0.0817668   -0.0583076
    0.984271   -0.0216914   -0.0571358
        -0.5   -0.0216914   -0.0571358
    0.984271    0.0641828   -0.0565732
        -0.5    0.0641828   -0.0565732
    0.984271     0.149937   -0.0569216
        -0.5     0.149937   -0.0569216
   -0.290109         -0.5   -0.0678398
   -0.290109     0.754717   -0.0678398
   -0.138316         -0.5   -0.0634514
   -0.138316     0.754717   -0.0634514
   -0.215449         -0.5   -0.0643231
   -0.215449     0.754717   -0.0643231
   0.0426761         -0.5    -0.062022
   0.0426761     0.754717    -0.062022
   -0.208444         -0.5    -0.062339
   -0.208444     0.754717    -0.062339
   -0.201548         -0.5   -0.0630709
   -0.201548     0.754717   -0.0630709
    0.984271    -0.209015   -0.0590702
        -0.5    -0.209015   -0.0590702
    0.900238         -0.5   -0.0599278
    0.900238     0.754717   -0.0599278
    0.984271    -0.289561   -0.0594516
        -0.5    -0.289561   -0.0594516
    0.984271   -0.0714864   -0.0589647
        -0.5   -0.0714864   -0.0589647
    0.984271    -0.112874   -0.0602041
        -0.5    -0.112874   -0.0602041
     0.80511     0.754717    -0.059071
     0.80511         -0.5    -0.059071
    0.790135     0.754717   -0.0589264
    0.790135         -0.5   -0.0589264
    0.984271    -0.444191   -0.0614454
        -0.5    -0.444191   -0.0614454
   -0.406092         -0.5   -0.0641407
   -0.406092     0.754717   -0.0641407
    0.984271    -0.315605   -0.0582283
        -0.5    -0.315605   -0.0582283
    0.984271    -0.286929   -0.0582261
        -0.5    -0.286929   -0.0582261
    0.984271    -0.421552    -0.059093
        -0.5    -0.421552    -0.059093
   -0.317896         -0.5   -0.0612257
   -0.317896     0.754717   -0.0612257
    0.984271    -0.350312    -0.058422
        -0.5    -0.350312    -0.058422
    0.984271     0.135758   -0.0598035
        -0.5     0.135758   -0.0598035
    0.984271    0.0771195     -0.05966
        -0.5    0.0771195     -0.05966
    0.984271   0.00946262    -0.060897
        -0.5   0.00946262    -0.060897
    0.300756         -0.5   -0.0595985
    0.300756     0.754717   -0.0595985
    0.406369         -0.5   -0.0593714
    0.406369     0.754717   -0.0593714
    0.427836         -0.5   -0.0592728
    0.427836     0.754717   -0.0592728
     0.46465         -0.5   -0.0596228
     0.46465     0.754717   -0.0596228
    0.327384     0.754717   -0.0581645
    0.327384         -0.5   -0.0581645
    0.344957     0.754717   -0.0579103
    0.344957         -0.5   -0.0579103
    0.363252     0.754717   -0.0580595
    0.363252         -0.5   -0.0580595
    0.984271    -0.221392   -0.0581895
        -0.5    -0.221392   -0.0581895
    0.984271    -0.283327   -0.0583383
        -0.5    -0.283327   -0.0583383
    0.984271    -0.263368   -0.0581973
        -0.5    -0.263368   -0.0581973
    0.984271    -0.182551   -0.0583144
        -0.5    -0.182551   -0.0583144
    0.984271    -0.232092   -0.0580825
        -0.5    -0.232092   -0.0580825
    0.164332         -0.5   -0.0605825
    0.164332     0.754717   -0.0605825
  -0.0669499         -0.5   -0.0616751
  -0.0669499     0.754717   -0.0616751
   -0.187525         -0.5   -0.0629385
   -0.187525     0.754717   -0.0629385
   -0.250202     0.754717   -0.0701814
   -0.250202         -0.5   -0.0701814
        -0.5     0.748928   -0.0683028
    0.984271     0.748928   -0.0683028
    0.971539     0.754717   -0.0679711
    0.971539         -0.5   -0.0679711
    -0.30169     0.754717   -0.0703584
    -0.30169         -0.5   -0.0703584
        -0.5     0.639574   -0.0618259
    0.984271     0.639574   -0.0618259
        -0.5     0.656378   -0.0617985
    0.984271     0.656378   -0.0617985
   -0.318666     0.754717   -0.0619394
   -0.318666         -0.5   -0.0619394
   -0.337618     0.754717   -0.0617808
   -0.337618         -0.5   -0.0617808
        -0.5     0.726059   -0.0602585
    0.984271     0.726059   -0.0602585
     0.93646     0.754717   -0.0596413
     0.93646         -0.5   -0.0596413
        -0.5     0.537796   -0.0614476
    0.984271     0.537796   -0.0614476
   -0.490693     0.754717   -0.0606348
   -0.490693         -0.5   -0.0606348
        -0.5    -0.492356   -0.0605301
    0.984271    -0.492356   -0.0605301
    0.104219         -0.5   -0.0611522
    0.104219     0.754717   -0.0611522
    0.238061         -0.5   -0.0600676
    0.238061     0.754717   -0.0600676
    0.984271    -0.126499   -0.0590176
        -0.5    -0.126499   -0.0590176
    0.984271    -0.143055    -0.059165
        -0.5    -0.143055    -0.059165
    0.984271    -0.101152   -0.0587301
        -0.5    -0.101152   -0.0587301
    0.984271   -0.0394021   -0.0589572
        -0.5   -0.0394021   -0.0589572
    0.216382     0.754717   -0.0607765
    0.216382         -0.5   -0.0607765
    0.159572     0.754717   -0.0607239
    0.159572         -0.5   -0.0607239
    0.278947     0.754717   -0.0603186
    0.278947         -0.5   -0.0603186
     0.27742     0.754717   -0.0614186
     0.27742         -0.5   -0.0614186
        -0.5    0.0465848   -0.0629441
    0.984271    0.0465848   -0.0629441
        -0.5    0.0715918   -0.0631212
    0.984271    0.0715918   -0.0631212
        -0.5      0.11179   -0.0627021
    0.984271      0.11179   -0.0627021
        -0.5  -0.00589278   -0.0623987
    0.984271  -0.00589278   -0.0623987
        -0.5    0.0374207   -0.0627978
    0.984271    0.0374207   -0.0627978
        -0.5     0.128707   -0.0624764
    0.984271     0.128707   -0.0624764
  -0.0936165     0.754717   -0.0630458
  -0.0936165         -0.5   -0.0630458
  0.00287544     0.754717   -0.0631435
  0.00287544         -0.5   -0.0631435
   0.0168359     0.754717   -0.0631444
   0.0168359         -0.5   -0.0631444
   0.0752529     0.754717   -0.0629389
   0.0752529         -0.5   -0.0629389
        -0.5   -0.0886253   -0.0597094
    0.984271   -0.0886253   -0.0597094
        -0.5   -0.0526013   -0.0601107
    0.984271   -0.0526013   -0.0601107
   -0.127822         -0.5   -0.0618023
   -0.127822     0.754717   -0.0618023
    0.521389         -0.5   -0.0585437
    0.521389     0.754717   -0.0585437
    0.844794         -0.5   -0.0595834
    0.844794     0.754717   -0.0595834
    0.520516         -0.5   -0.0595554
    0.520516     0.754717   -0.0595554
    0.432729     0.754717     -0.05892
    0.432729         -0.5     -0.05892
    0.589057     0.754717   -0.0576763
    0.589057         -0.5   -0.0576763
    0.467957     0.754717   -0.0588103
    0.467957         -0.5   -0.0588103
    0.884951         -0.5    -0.060005
    0.884951     0.754717    -0.060005
    0.210126         -0.5   -0.0599592
    0.210126     0.754717   -0.0599592
        -0.5     0.221757    -0.060141
    0.984271     0.221757    -0.060141
        -0.5     0.287092   -0.0603096
    0.984271     0.287092   -0.0603096
        -0.5     0.225119   -0.0597608
    0.984271     0.225119   -0.0597608
    0.015256     0.754717   -0.0626426
    0.015256         -0.5   -0.0626426
        -0.5    -0.456373   -0.0606344
    0.984271    -0.456373   -0.0606344
    0.934545         -0.5   -0.0606892
    0.934545     0.754717   -0.0606892
        -0.5   -0.0982082   -0.0600443
    0.984271   -0.0982082   -0.0600443
   -0.138931         -0.5      -0.0619
   -0.138931     0.754717      -0.0619
    0.863578     0.754717   -0.0601825
    0.863578         -0.5   -0.0601825
    0.984271      0.64923   -0.0612495
        -0.5      0.64923   -0.0612495
    0.984271     0.723471   -0.0610139
        -0.5     0.723471   -0.0610139
   -0.452794     0.754717   -0.0610291
   -0.452794         -0.5   -0.0610291
    0.840326     0.754717   -0.0592803
    0.840326         -0.5   -0.0592803
    0.984271     0.675383   -0.0612051
        -0.5     0.675383   -0.0612051
    0.984271     0.727326   -0.0608784
        -0.5     0.727326   -0.0608784
   -0.461739     0.754717   -0.0608182
   -0.461739         -0.5   -0.0608182
        -0.5   -0.0954936   -0.0600112
    0.984271   -0.0954936   -0.0600112
        -0.5    -0.255248   -0.0595491
    0.984271    -0.255248   -0.0595491
        -0.5    -0.163974   -0.0599149
    0.984271    -0.163974   -0.0599149
        -0.5     -0.30493   -0.0595954
    0.984271     -0.30493   -0.0595954
        -0.5    -0.120706   -0.0602528
    0.984271    -0.120706   -0.0602528
    0.137277     0.754717   -0.0610811
    0.137277         -0.5   -0.0610811
        -0.5     0.197945   -0.0601786
    0.984271     0.197945   -0.0601786
    0.984271  -0.00766384   -0.0590343
        -0.5  -0.00766384   -0.0590343
    0.984271   -0.0140184   -0.0590252
        -0.5   -0.0140184   -0.0590252
        -0.5    -0.175842    -0.059393
    0.984271    -0.175842    -0.059393
        -0.5    -0.243821   -0.0588954
    0.984271    -0.243821   -0.0588954
    0.984271     0.035145   -0.0610257
        -0.5     0.035145   -0.0610257
        -0.5      0.17023   -0.0595781
    0.984271      0.17023   -0.0595781
        -0.5     0.208606   -0.0596077
    0.984271     0.208606   -0.0596077
        -0.5    0.0688443   -0.0596927
    0.984271    0.0688443   -0.0596927
   -0.214224     0.754717   -0.0636468
   -0.214224         -0.5   -0.0636468
   -0.247033     0.754717   -0.0634449
   -0.247033         -0.5   -0.0634449
   -0.203138     0.754717   -0.0635787
   -0.203138         -0.5   -0.0635787
   -0.247284     0.754717   -0.0634671
   -0.247284         -0.5   -0.0634671
    0.984271     0.352892   -0.0607974
        -0.5     0.352892   -0.0607974
    0.984271     0.312189   -0.0605964
        -0.5     0.312189   -0.0605964
    0.984271     0.264711      -0.0605
        -0.5     0.264711      -0.0605
   -0.218055         -0.5    -0.063547
   -0.218055     0.754717    -0.063547
    0.795861     0.754717   -0.0592272
    0.795861         -0.5   -0.0592272
    0.313369     0.754717   -0.0614019
    0.313369         -0.5   -0.0614019
        -0.5    -0.350755   -0.0590938
    0.984271    -0.350755   -0.0590938
   -0.183044         -0.5   -0.0620122
   -0.183044     0.754717   -0.0620122
        -0.5    -0.248393   -0.0602165
    0.984271    -0.248393   -0.0602165
        -0.5    -0.311289   -0.0606298
    0.984271    -0.311289   -0.0606298
        -0.5    -0.333393     -0.05933
    0.984271    -0.333393     -0.05933
   -0.236894         -0.5   -0.0630242
   -0.236894     0.754717   -0.0630242
        -0.5    -0.308429   -0.0586247
    0.984271    -0.308429   -0.0586247
        -0.5    -0.310961   -0.0590699
    0.984271    -0.310961   -0.0590699
    0.984271     0.109569    -0.060291
        -0.5     0.109569    -0.060291
    0.984271      0.13924    -0.059541
        -0.5      0.13924    -0.059541
    0.984271     0.111442   -0.0594947
        -0.5     0.111442   -0.0594947
    0.984271     -0.38467   -0.0583972
        -0.5     -0.38467   -0.0583972
    0.984271    -0.371026   -0.0585352
        -0.5    -0.371026   -0.0585352
        -0.5     0.416754   -0.0589001
    0.984271     0.416754   -0.0589001
        -0.5     0.411888   -0.0590098
    0.984271     0.411888   -0.0590098
   -0.243055     0.754717    -0.064828
   -0.243055         -0.5    -0.064828
   -0.150312     0.754717   -0.0646379
   -0.150312         -0.5   -0.0646379
    0.984271   -0.0549126   -0.0595939
        -0.5   -0.0549126   -0.0595939
    0.984271  -0.00884775   -0.0597277
        -0.5  -0.00884775   -0.0597277
    0.426961         -0.5   -0.0588928
    0.426961     0.754717   -0.0588928
        -0.5     0.345814    -0.059699
    0.984271     0.345814    -0.059699
        -0.5     0.337755   -0.0598181
    0.984271     0.337755   -0.0598181
        -0.5     0.248335   -0.0597151
    0.984271     0.248335   -0.0597151
    0.764656         -0.5   -0.0544973
    0.764656     0.754717   -0.0544973
        -0.5    -0.120891   -0.0597489
    0.984271    -0.120891   -0.0597489
        -0.5    -0.179172   -0.0594234
    0.984271    -0.179172   -0.0594234
    0.283672     0.754717   -0.0608408
    0.283672         -0.5   -0.0608408
    0.143433     0.754717   -0.0603699
    0.143433         -0.5   -0.0603699
   -0.183276     0.754717   -0.0627149
   -0.183276         -0.5   -0.0627149
    0.021157     0.754717   -0.0623511
    0.021157         -0.5   -0.0623511
   -0.132738     0.754717   -0.0626681
   -0.132738         -0.5   -0.0626681
   -0.122441     0.754717    -0.062666
   -0.122441         -0.5    -0.062666
        -0.5    -0.322118   -0.0597461
    0.984271    -0.322118   -0.0597461
    0.984271   -0.0817366   -0.0597816
        -0.5   -0.0817366   -0.0597816
    0.984271   -0.0798876   -0.0604686
        -0.5   -0.0798876   -0.0604686
    0.362825         -0.5   -0.0613749
    0.362825     0.754717   -0.0613749
      0.3944         -0.5   -0.0616296
      0.3944     0.754717   -0.0616296
   0.0778088         -0.5    -0.061916
   0.0778088     0.754717    -0.061916
    0.984271    -0.394813   -0.0583326
        -0.5    -0.394813   -0.0583326
   -0.290151         -0.5   -0.0610183
   -0.290151     0.754717   -0.0610183
        -0.5     0.326541   -0.0600685
    0.984271     0.326541   -0.0600685
    0.761846     0.754717   -0.0592718
    0.761846         -0.5   -0.0592718
    0.865179     0.754717   -0.0605636
    0.865179         -0.5   -0.0605636
     0.84467     0.754717   -0.0603453
     0.84467         -0.5   -0.0603453
   -0.209499         -0.5   -0.0630755
   -0.209499     0.754717   -0.0630755
   -0.144243         -0.5   -0.0625576
   -0.144243     0.754717   -0.0625576
    0.984271     0.504742   -0.0613888
        -0.5     0.504742   -0.0613888
    0.984271     0.576377   -0.0619674
        -0.5     0.576377   -0.0619674
    0.984271     0.355904   -0.0536182
        -0.5     0.355904   -0.0536182
    0.984271     0.394523   -0.0535799
        -0.5     0.394523   -0.0535799
    0.537014         -0.5   -0.0586461
    0.537014     0.754717   -0.0586461
        -0.5     0.453493   -0.0601887
    0.984271     0.453493   -0.0601887
        -0.5     0.176601   -0.0601727
    0.984271     0.176601   -0.0601727
        -0.5     0.230941   -0.0598125
    0.984271     0.230941   -0.0598125
    0.687123         -0.5   -0.0573848
    0.687123     0.754717   -0.0573848
    0.579283         -0.5   -0.0570867
    0.579283     0.754717   -0.0570867
    0.206554     0.754717   -0.0609324
    0.206554         -0.5   -0.0609324
    0.258778     0.754717   -0.0614235
    0.258778         -0.5   -0.0614235
    0.162842     0.754717   -0.0611287
    0.162842         -0.5   -0.0611287
   0.0379314         -0.5   -0.0624921
   0.0379314     0.754717   -0.0624921
   -0.104597         -0.5   -0.0622089
   -0.104597     0.754717   -0.0622089
    0.516433         -0.5   -0.0586846
    0.516433     0.754717   -0.0586846
     0.29175     0.754717   -0.0610739
     0.29175         -0.5   -0.0610739
    0.984271     0.105894   -0.0571118
        -0.5     0.105894   -0.0571118
    0.984271    0.0817668   -0.0583076
        -0.5    0.0817668   -0.0583076
    0.896387         -0.5   -0.0590514
    0.896387     0.754717   -0.0590514
    0.984271    -0.286929   -0.0582261
        -0.5    -0.286929   -0.0582261
    0.984271    -0.365026   -0.0583798
        -0.5    -0.365026   -0.0583798
    0.984271    -0.340195   -0.0582373
        -0.5    -0.340195   -0.0582373
    0.360343         -0.5    -0.058459
    0.360343     0.754717    -0.058459
    0.483101         -0.5    -0.058863
    0.483101     0.754717    -0.058863
    0.315456     0.754717   -0.0592726
    0.315456         -0.5   -0.0592726
    0.984271    -0.221392   -0.0581895
        -0.5    -0.221392   -0.0581895
        -0.5      0.67136   -0.0679292
    0.984271      0.67136   -0.0679292
   -0.309399     0.754717   -0.0696792
   -0.309399         -0.5   -0.0696792
        -0.5     0.656378   -0.0617985
    0.984271     0.656378   -0.0617985
    0.984271    -0.150512   -0.0590542
        -0.5    -0.150512   -0.0590542
    0.984271    -0.110622   -0.0591934
        -0.5    -0.110622   -0.0591934
        -0.5    0.0369144   -0.0623445
    0.984271    0.0369144   -0.0623445
   0.0918061     0.754717   -0.0627607
   0.0918061         -0.5   -0.0627607
    0.984271     0.723471   -0.0610139
        -0.5     0.723471   -0.0610139
   -0.452794     0.754717   -0.0610291
   -0.452794         -0.5   -0.0610291
    0.984271  -0.00516641   -0.0600295
        -0.5  -0.00516641   -0.0600295
        -0.5    -0.175842    -0.059393
    0.984271    -0.175842    -0.059393
   -0.247033     0.754717   -0.0634449
   -0.247033         -0.5   -0.0634449
    0.984271   -0.0392634   -0.0604519
        -0.5   -0.0392634   -0.0604519
        -0.5   -0.0838952   -0.0600594
    0.984271   -0.0838952   -0.0600594
    0.984271     0.260449   -0.0597672
        -0.5     0.260449   -0.0597672