           0
           0
        0.05
        0.15
        0.25
        0.35
        0.45
        0.55
        0.65
        0.75
        0.85
        0.95
        1.04
        1.08
        1.12
        1.16
         1.2
        1.21
        1.22
        1.23
        1.24
         1.3
        1.36
        1.42
        1.48
        1.54
         1.6
        1.66
        1.72
        1.78
        1.84
         1.9
        1.96
        2.02
        2.07
        2.12
        2.17
        2.22
        2.27
        2.32
        2.37
        2.42
        2.47
        2.52
        2.57
        2.67
        2.77
        2.87
        2.97
        3.07
        3.17
        3.27
        3.37
        3.47
        3.57
        3.67
        3.77
        3.87
        3.97
        4.07
        4.17
-6.27744e+66
-6.27744e+66
-6.27744e+66
-6.27744e+66
-6.27744e+66
-6.27744e+66
-6.27744e+66
-6.27744e+66
-6.27744e+66
-6.27744e+66
-6.27744e+66
-6.27744e+66
-6.27744e+66
-6.27744e+66
-6.27744e+66
-6.27744e+66
-6.27744e+66
-6.27744e+66
-6.27744e+66
-6.27744e+66
-6.27744e+66
-6.27744e+66
-6.27744e+66
-6.27744e+66
-6.27744e+66
-6.27744e+66
-6.27744e+66
-6.27744e+66
-6.27744e+66
-6.27744e+66
-6.27744e+66
-6.27744e+66
-6.27744e+66
-6.27744e+66
-6.27744e+66
-6.27744e+66
-6.27744e+66
-6.27744e+66
-6.27744e+66
-6.27744e+66
-6.27744e+66
-6.27744e+66
-6.27744e+66
-6.27744e+66
-6.27744e+66
-6.27744e+66
-6.27744e+66
-6.27744e+66
-6.27744e+66
-6.27744e+66
-6.27744e+66
-6.27744e+66
-6.27744e+66
-6.27744e+66
-6.27744e+66
-6.27744e+66
-6.27744e+66
-6.27744e+66
-6.27744e+66
-6.27744e+66
-6.27744e+66
-6.27744e+66
-6.27744e+66
-6.27744e+66
-6.27744e+66
-6.27744e+66
-6.27744e+66
-6.27744e+66
-6.27744e+66
-6.27744e+66
-6.27744e+66
-6.27744e+66
-6.27744e+66
-6.27744e+66
-6.27744e+66
-6.27744e+66
-6.27744e+66
-6.27744e+66
-6.27744e+66
-6.27744e+66
-6.27744e+66
-6.27744e+66
-6.27744e+66
-6.27744e+66
-6.27744e+66
-6.27744e+66
-6.27744e+66
-6.27744e+66
-6.27744e+66
-6.27744e+66
-6.27744e+66
-6.27744e+66
-6.27744e+66
-6.27744e+66
-6.27744e+66
-6.27744e+66
-6.27744e+66
-6.27744e+66
-6.27744e+66
-6.27744e+66
-6.27744e+66
-6.27744e+66
-6.27744e+66
-6.27744e+66
-6.27744e+66
-6.27744e+66
-6.27744e+66
-6.27744e+66
-6.27744e+66
-6.27744e+66
-6.27744e+66
-6.27744e+66
-6.27744e+66
-6.27744e+66
-6.27744e+66
-6.27744e+66
-6.27744e+66
-6.27744e+66
-6.27744e+66
-6.27744e+66
-6.27744e+66
-6.27744e+66
-6.27744e+66
-6.27744e+66
-6.27744e+66
-6.27744e+66
-6.27744e+66
-6.27744e+66
-6.27744e+66
-6.27744e+66
-6.27744e+66
-6.27744e+66
-6.27744e+66
-6.27744e+66
-6.27744e+66
-6.27744e+66
-6.27744e+66
-6.27744e+66
-6.27744e+66
-6.27744e+66
-6.27744e+66
-6.27744e+66
-6.27744e+66
-6.27744e+66
-6.27744e+66
-6.27744e+66
-6.27744e+66
-6.27744e+66
-6.27744e+66
-6.27744e+66
-6.27744e+66
-6.27744e+66
-6.27744e+66
-6.27744e+66
-6.27744e+66
-6.27744e+66
-6.27744e+66
-6.27744e+66
-6.27744e+66
-6.27744e+66
-6.27744e+66
-6.27744e+66
-6.27744e+66
-6.27744e+66
-6.27744e+66
-6.27744e+66
-6.27744e+66
-6.27744e+66
-6.27744e+66
-6.27744e+66
-6.27744e+66
-6.27744e+66
-6.27744e+66
-6.27744e+66
-6.27744e+66
-6.27744e+66
-6.27744e+66
-6.27744e+66
-6.27744e+66
-6.27744e+66
-6.27744e+66
-6.27744e+66
-6.27744e+66
-6.27744e+66
-6.27744e+66
-6.27744e+66
-6.27744e+66
-6.27744e+66
-6.27744e+66