     95617.7      56081.1      41347.7      716.064
     95630.2      56251.1      41206.7      699.636
     96798.2      57714.3      40937.1      673.938
     99443.3      60623.1      40696.1      651.382
      103754      65153.1      40483.9      644.129
      109906      71485.9      40301.3      645.598
      117933      79691.4      40118.4      649.978
      127589      89514.3      39944.9      656.746
      138535       100630      39765.6      666.471
      150591       112847      39588.6      682.475
      163573       110314      15443.6      143.923
      175034      61269.5      7456.45       403.42
      180731        46085      4363.71      307.168
      186280      35319.7     -1779.67      329.405
      192016      26394.3     -649.824     -16.9811
      192925      47263.1      2073.78      59.7121
      187323        41117      3978.39      351.203
      187984      35220.7      5762.46      345.951
      189452      42574.7      6648.22       262.78
      190931      42939.4      6656.19      265.749
      194922      37004.3     -5112.52      419.916
      200207      15272.4      3045.55     -76.8889
      209251      30308.8     -5262.43     -152.584
      217671     -8839.07      2313.98      496.552
      220576      44740.2     -1024.17      -351.58
      222976      33586.1     -5252.22      199.134
      229271      15346.6     -430.296     -421.475
      228900      1363.12      2814.86      -372.54
      237756     -962.949     -1293.77      91.4141
      244235     -1169.56     -1301.51      133.248
      253726     -1221.56     -1285.34      139.723
      264034      18204.7      -308.97     -415.866
      256400     -49608.5     -8325.05       570.49
      246104      46228.3     -658.477     -266.728
      240853      62975.7     -4708.51     -296.841
      224244      46538.9     -1292.32       151.58
      220803      20019.3      972.805      287.652
      215308      41174.1     -776.444     -248.498
      197618      21842.7      2277.71      326.529
      171844     -2855.59      1187.83     -249.982
      126087      25034.3      2359.78      368.226
     97544.7      6388.78      5515.85     -96.5516
     54223.8        -2771      703.896    -0.294619
     54224.6     -2808.23      739.215    -0.290695
     54226.2     -2882.66      809.852    -0.282643
     54227.9     -2957.06      880.489    -0.274571
     54229.6     -3031.42      951.126    -0.266486
     54231.4     -3105.74      1021.76    -0.258275
     54232.5     -3180.35     -838.341      245.662
     54234.4     -3254.61     -777.983      245.665
     54235.1     -3329.25      696.344      215.814
     54237.1     -3403.44      811.984      215.812
     54239.2     -3477.61      927.617      215.809
     54241.3     -3551.74      1043.25      215.807
     54243.5     -3625.83      1158.89      215.805
     54245.7     -3699.88      1274.52      215.803
       54248      -3773.9      1390.16        215.8
     54250.4     -3847.88      1505.79      215.798
     54252.9     -3921.81      1621.44      215.797
     54255.4     -3995.71      1737.07      215.794
-6.27744e+66 -6.27744e+66 -6.27744e+66 -6.27744e+66
-6.27744e+66 -6.27744e+66 -6.27744e+66 -6.27744e+66
-6.27744e+66 -6.27744e+66 -6.27744e+66 -6.27744e+66
-6.27744e+66 -6.27744e+66 -6.27744e+66 -6.27744e+66
-6.27744e+66 -6.27744e+66 -6.27744e+66 -6.27744e+66
-6.27744e+66 -6.27744e+66 -6.27744e+66 -6.27744e+66
-6.27744e+66 -6.27744e+66 -6.27744e+66 -6.27744e+66
-6.27744e+66 -6.27744e+66 -6.27744e+66 -6.27744e+66
-6.27744e+66 -6.27744e+66 -6.27744e+66 -6.27744e+66
-6.27744e+66 -6.27744e+66 -6.27744e+66 -6.27744e+66
-6.27744e+66 -6.27744e+66 -6.27744e+66 -6.27744e+66
-6.27744e+66 -6.27744e+66 -6.27744e+66 -6.27744e+66
-6.27744e+66 -6.27744e+66 -6.27744e+66 -6.27744e+66
-6.27744e+66 -6.27744e+66 -6.27744e+66 -6.27744e+66
-6.27744e+66 -6.27744e+66 -6.27744e+66 -6.27744e+66
-6.27744e+66 -6.27744e+66 -6.27744e+66 -6.27744e+66
-6.27744e+66 -6.27744e+66 -6.27744e+66 -6.27744e+66
-6.27744e+66 -6.27744e+66 -6.27744e+66 -6.27744e+66
-6.27744e+66 -6.27744e+66 -6.27744e+66 -6.27744e+66
-6.27744e+66 -6.27744e+66 -6.27744e+66 -6.27744e+66
-6.27744e+66 -6.27744e+66 -6.27744e+66 -6.27744e+66
-6.27744e+66 -6.27744e+66 -6.27744e+66 -6.27744e+66
-6.27744e+66 -6.27744e+66 -6.27744e+66 -6.27744e+66
-6.27744e+66 -6.27744e+66 -6.27744e+66 -6.27744e+66
-6.27744e+66 -6.27744e+66 -6.27744e+66 -6.27744e+66
-6.27744e+66 -6.27744e+66 -6.27744e+66 -6.27744e+66
-6.27744e+66 -6.27744e+66 -6.27744e+66 -6.27744e+66
-6.27744e+66 -6.27744e+66 -6.27744e+66 -6.27744e+66
-6.27744e+66 -6.27744e+66 -6.27744e+66 -6.27744e+66
-6.27744e+66 -6.27744e+66 -6.27744e+66 -6.27744e+66
-6.27744e+66 -6.27744e+66 -6.27744e+66 -6.27744e+66
-6.27744e+66 -6.27744e+66 -6.27744e+66 -6.27744e+66
-6.27744e+66 -6.27744e+66 -6.27744e+66 -6.27744e+66
-6.27744e+66 -6.27744e+66 -6.27744e+66 -6.27744e+66
-6.27744e+66 -6.27744e+66 -6.27744e+66 -6.27744e+66
-6.27744e+66 -6.27744e+66 -6.27744e+66 -6.27744e+66
-6.27744e+66 -6.27744e+66 -6.27744e+66 -6.27744e+66
-6.27744e+66 -6.27744e+66 -6.27744e+66 -6.27744e+66
-6.27744e+66 -6.27744e+66 -6.27744e+66 -6.27744e+66
-6.27744e+66 -6.27744e+66 -6.27744e+66 -6.27744e+66
-6.27744e+66 -6.27744e+66 -6.27744e+66 -6.27744e+66
-6.27744e+66 -6.27744e+66 -6.27744e+66 -6.27744e+66
-6.27744e+66 -6.27744e+66 -6.27744e+66 -6.27744e+66
-6.27744e+66 -6.27744e+66 -6.27744e+66 -6.27744e+66
-6.27744e+66 -6.27744e+66 -6.27744e+66 -6.27744e+66
-6.27744e+66 -6.27744e+66 -6.27744e+66 -6.27744e+66
-6.27744e+66 -6.27744e+66 -6.27744e+66 -6.27744e+66
-6.27744e+66 -6.27744e+66 -6.27744e+66 -6.27744e+66
-6.27744e+66 -6.27744e+66 -6.27744e+66 -6.27744e+66
-6.27744e+66 -6.27744e+66 -6.27744e+66 -6.27744e+66
-6.27744e+66 -6.27744e+66 -6.27744e+66 -6.27744e+66
-6.27744e+66 -6.27744e+66 -6.27744e+66 -6.27744e+66
-6.27744e+66 -6.27744e+66 -6.27744e+66 -6.27744e+66
-6.27744e+66 -6.27744e+66 -6.27744e+66 -6.27744e+66
-6.27744e+66 -6.27744e+66 -6.27744e+66 -6.27744e+66
-6.27744e+66 -6.27744e+66 -6.27744e+66 -6.27744e+66
-6.27744e+66 -6.27744e+66 -6.27744e+66 -6.27744e+66
-6.27744e+66 -6.27744e+66 -6.27744e+66 -6.27744e+66
-6.27744e+66 -6.27744e+66 -6.27744e+66 -6.27744e+66
-6.27744e+66 -6.27744e+66 -6.27744e+66 -6.27744e+66
-6.27744e+66 -6.27744e+66 -6.27744e+66 -6.27744e+66
-6.27744e+66 -6.27744e+66 -6.27744e+66 -6.27744e+66
-6.27744e+66 -6.27744e+66 -6.27744e+66 -6.27744e+66
-6.27744e+66 -6.27744e+66 -6.27744e+66 -6.27744e+66
-6.27744e+66 -6.27744e+66 -6.27744e+66 -6.27744e+66
-6.27744e+66 -6.27744e+66 -6.27744e+66 -6.27744e+66
-6.27744e+66 -6.27744e+66 -6.27744e+66 -6.27744e+66
-6.27744e+66 -6.27744e+66 -6.27744e+66 -6.27744e+66
-6.27744e+66 -6.27744e+66 -6.27744e+66 -6.27744e+66
-6.27744e+66 -6.27744e+66 -6.27744e+66 -6.27744e+66
-6.27744e+66 -6.27744e+66 -6.27744e+66 -6.27744e+66
-6.27744e+66 -6.27744e+66 -6.27744e+66 -6.27744e+66
-6.27744e+66 -6.27744e+66 -6.27744e+66 -6.27744e+66
-6.27744e+66 -6.27744e+66 -6.27744e+66 -6.27744e+66
-6.27744e+66 -6.27744e+66 -6.27744e+66 -6.27744e+66
-6.27744e+66 -6.27744e+66 -6.27744e+66 -6.27744e+66
-6.27744e+66 -6.27744e+66 -6.27744e+66 -6.27744e+66
-6.27744e+66 -6.27744e+66 -6.27744e+66 -6.27744e+66
-6.27744e+66 -6.27744e+66 -6.27744e+66 -6.27744e+66
-6.27744e+66 -6.27744e+66 -6.27744e+66 -6.27744e+66
-6.27744e+66 -6.27744e+66 -6.27744e+66 -6.27744e+66
-6.27744e+66 -6.27744e+66 -6.27744e+66 -6.27744e+66
-6.27744e+66 -6.27744e+66 -6.27744e+66 -6.27744e+66
-6.27744e+66 -6.27744e+66 -6.27744e+66 -6.27744e+66
-6.27744e+66 -6.27744e+66 -6.27744e+66 -6.27744e+66
-6.27744e+66 -6.27744e+66 -6.27744e+66 -6.27744e+66
-6.27744e+66 -6.27744e+66 -6.27744e+66 -6.27744e+66
-6.27744e+66 -6.27744e+66 -6.27744e+66 -6.27744e+66
-6.27744e+66 -6.27744e+66 -6.27744e+66 -6.27744e+66
-6.27744e+66 -6.27744e+66 -6.27744e+66 -6.27744e+66
-6.27744e+66 -6.27744e+66 -6.27744e+66 -6.27744e+66
-6.27744e+66 -6.27744e+66 -6.27744e+66 -6.27744e+66
-6.27744e+66 -6.27744e+66 -6.27744e+66 -6.27744e+66
-6.27744e+66 -6.27744e+66 -6.27744e+66 -6.27744e+66
-6.27744e+66 -6.27744e+66 -6.27744e+66 -6.27744e+66
-6.27744e+66 -6.27744e+66 -6.27744e+66 -6.27744e+66
-6.27744e+66 -6.27744e+66 -6.27744e+66 -6.27744e+66
-6.27744e+66 -6.27744e+66 -6.27744e+66 -6.27744e+66
-6.27744e+66 -6.27744e+66 -6.27744e+66 -6.27744e+66
-6.27744e+66 -6.27744e+66 -6.27744e+66 -6.27744e+66
-6.27744e+66 -6.27744e+66 -6.27744e+66 -6.27744e+66
-6.27744e+66 -6.27744e+66 -6.27744e+66 -6.27744e+66
-6.27744e+66 -6.27744e+66 -6.27744e+66 -6.27744e+66
-6.27744e+66 -6.27744e+66 -6.27744e+66 -6.27744e+66
-6.27744e+66 -6.27744e+66 -6.27744e+66 -6.27744e+66
-6.27744e+66 -6.27744e+66 -6.27744e+66 -6.27744e+66
-6.27744e+66 -6.27744e+66 -6.27744e+66 -6.27744e+66
-6.27744e+66 -6.27744e+66 -6.27744e+66 -6.27744e+66
-6.27744e+66 -6.27744e+66 -6.27744e+66 -6.27744e+66
-6.27744e+66 -6.27744e+66 -6.27744e+66 -6.27744e+66
-6.27744e+66 -6.27744e+66 -6.27744e+66 -6.27744e+66
-6.27744e+66 -6.27744e+66 -6.27744e+66 -6.27744e+66
-6.27744e+66 -6.27744e+66 -6.27744e+66 -6.27744e+66
-6.27744e+66 -6.27744e+66 -6.27744e+66 -6.27744e+66
-6.27744e+66 -6.27744e+66 -6.27744e+66 -6.27744e+66
-6.27744e+66 -6.27744e+66 -6.27744e+66 -6.27744e+66
-6.27744e+66 -6.27744e+66 -6.27744e+66 -6.27744e+66
-6.27744e+66 -6.27744e+66 -6.27744e+66 -6.27744e+66
-6.27744e+66 -6.27744e+66 -6.27744e+66 -6.27744e+66
-6.27744e+66 -6.27744e+66 -6.27744e+66 -6.27744e+66
-6.27744e+66 -6.27744e+66 -6.27744e+66 -6.27744e+66
-6.27744e+66 -6.27744e+66 -6.27744e+66 -6.27744e+66
-6.27744e+66 -6.27744e+66 -6.27744e+66 -6.27744e+66
-6.27744e+66 -6.27744e+66 -6.27744e+66 -6.27744e+66
-6.27744e+66 -6.27744e+66 -6.27744e+66 -6.27744e+66
-6.27744e+66 -6.27744e+66 -6.27744e+66 -6.27744e+66
-6.27744e+66 -6.27744e+66 -6.27744e+66 -6.27744e+66
-6.27744e+66 -6.27744e+66 -6.27744e+66 -6.27744e+66
-6.27744e+66 -6.27744e+66 -6.27744e+66 -6.27744e+66
-6.27744e+66 -6.27744e+66 -6.27744e+66 -6.27744e+66
-6.27744e+66 -6.27744e+66 -6.27744e+66 -6.27744e+66
-6.27744e+66 -6.27744e+66 -6.27744e+66 -6.27744e+66
-6.27744e+66 -6.27744e+66 -6.27744e+66 -6.27744e+66
-6.27744e+66 -6.27744e+66 -6.27744e+66 -6.27744e+66
-6.27744e+66 -6.27744e+66 -6.27744e+66 -6.27744e+66
-6.27744e+66 -6.27744e+66 -6.27744e+66 -6.27744e+66
-6.27744e+66 -6.27744e+66 -6.27744e+66 -6.27744e+66
-6.27744e+66 -6.27744e+66 -6.27744e+66 -6.27744e+66
-6.27744e+66 -6.27744e+66 -6.27744e+66 -6.27744e+66
-6.27744e+66 -6.27744e+66 -6.27744e+66 -6.27744e+66
-6.27744e+66 -6.27744e+66 -6.27744e+66 -6.27744e+66
-6.27744e+66 -6.27744e+66 -6.27744e+66 -6.27744e+66
-6.27744e+66 -6.27744e+66 -6.27744e+66 -6.27744e+66
-6.27744e+66 -6.27744e+66 -6.27744e+66 -6.27744e+66
-6.27744e+66 -6.27744e+66 -6.27744e+66 -6.27744e+66
-6.27744e+66 -6.27744e+66 -6.27744e+66 -6.27744e+66
-6.27744e+66 -6.27744e+66 -6.27744e+66 -6.27744e+66
-6.27744e+66 -6.27744e+66 -6.27744e+66 -6.27744e+66
-6.27744e+66 -6.27744e+66 -6.27744e+66 -6.27744e+66
-6.27744e+66 -6.27744e+66 -6.27744e+66 -6.27744e+66
-6.27744e+66 -6.27744e+66 -6.27744e+66 -6.27744e+66
-6.27744e+66 -6.27744e+66 -6.27744e+66 -6.27744e+66
-6.27744e+66 -6.27744e+66 -6.27744e+66 -6.27744e+66
-6.27744e+66 -6.27744e+66 -6.27744e+66 -6.27744e+66
-6.27744e+66 -6.27744e+66 -6.27744e+66 -6.27744e+66
-6.27744e+66 -6.27744e+66 -6.27744e+66 -6.27744e+66
-6.27744e+66 -6.27744e+66 -6.27744e+66 -6.27744e+66
-6.27744e+66 -6.27744e+66 -6.27744e+66 -6.27744e+66
-6.27744e+66 -6.27744e+66 -6.27744e+66 -6.27744e+66
-6.27744e+66 -6.27744e+66 -6.27744e+66 -6.27744e+66
-6.27744e+66 -6.27744e+66 -6.27744e+66 -6.27744e+66
-6.27744e+66 -6.27744e+66 -6.27744e+66 -6.27744e+66
-6.27744e+66 -6.27744e+66 -6.27744e+66 -6.27744e+66
-6.27744e+66 -6.27744e+66 -6.27744e+66 -6.27744e+66
-6.27744e+66 -6.27744e+66 -6.27744e+66 -6.27744e+66
-6.27744e+66 -6.27744e+66 -6.27744e+66 -6.27744e+66
-6.27744e+66 -6.27744e+66 -6.27744e+66 -6.27744e+66
-6.27744e+66 -6.27744e+66 -6.27744e+66 -6.27744e+66
-6.27744e+66 -6.27744e+66 -6.27744e+66 -6.27744e+66
-6.27744e+66 -6.27744e+66 -6.27744e+66 -6.27744e+66
-6.27744e+66 -6.27744e+66 -6.27744e+66 -6.27744e+66
-6.27744e+66 -6.27744e+66 -6.27744e+66 -6.27744e+66
-6.27744e+66 -6.27744e+66 -6.27744e+66 -6.27744e+66
-6.27744e+66 -6.27744e+66 -6.27744e+66 -6.27744e+66
-6.27744e+66 -6.27744e+66 -6.27744e+66 -6.27744e+66
-6.27744e+66 -6.27744e+66 -6.27744e+66 -6.27744e+66
-6.27744e+66 -6.27744e+66 -6.27744e+66 -6.27744e+66
-6.27744e+66 -6.27744e+66 -6.27744e+66 -6.27744e+66
-6.27744e+66 -6.27744e+66 -6.27744e+66 -6.27744e+66
-6.27744e+66 -6.27744e+66 -6.27744e+66 -6.27744e+66
-6.27744e+66 -6.27744e+66 -6.27744e+66 -6.27744e+66
-6.27744e+66 -6.27744e+66 -6.27744e+66 -6.27744e+66
-6.27744e+66 -6.27744e+66 -6.27744e+66 -6.27744e+66
-6.27744e+66 -6.27744e+66 -6.27744e+66 -6.27744e+66
-6.27744e+66 -6.27744e+66 -6.27744e+66 -6.27744e+66
-6.27744e+66 -6.27744e+66 -6.27744e+66 -6.27744e+66
-6.27744e+66 -6.27744e+66 -6.27744e+66 -6.27744e+66
-6.27744e+66 -6.27744e+66 -6.27744e+66 -6.27744e+66
-6.27744e+66 -6.27744e+66 -6.27744e+66 -6.27744e+66
-6.27744e+66 -6.27744e+66 -6.27744e+66 -6.27744e+66