     63551.1      35841.7      29325.9      910.789
     63490.9      35784.5      29319.8      913.757
     63460.5      35741.3      29318.1      928.412
     63561.7      35799.8      29334.6      954.485
     63858.9      36029.4      29359.5      997.242
     64425.6      36499.9      29396.2      1056.79
     65305.3      37297.9      29410.9      1123.77
     66442.2        38331      29434.3       1204.1
     67796.2      39553.7      29464.7      1305.08
     69274.1      40888.8      29487.3      1425.31
     70816.9      34837.1      9689.87     -410.266
     72496.8      14668.5       5609.7     -464.745
     73239.4      17592.9      2710.81     -444.556
     73919.4      13159.6     -2153.46      406.675
     74674.1      4262.21     -1848.09      802.604
     74999.8      5459.89     -4373.95     -225.228
     75174.3      7199.67      1846.24     -485.692
       75355      1979.35      318.757      436.145
     75542.3      -2941.7     -41.7456      52.3688
     75730.2     -2960.65     -40.3232      55.7399
     76482.3      17920.2      3128.28     -385.145
     76684.9      13954.9      1047.69      159.225
     77769.8      17012.8     -6102.69      93.3526
     78834.1       8158.2     -1955.35      406.032
     79120.8      15913.6      245.546      989.228
     79427.2      11147.3       4406.1      79.3401
       80188      3617.49      928.982      428.967
     81538.7      225.764      -1452.8     -322.456
     82718.8      1477.93     -1250.02      395.835
     83756.5      1395.99     -1253.68      419.131
     84725.8       1056.7      -1240.2      507.156
     85958.4      2617.59     -1395.41      150.196
     85976.5      7979.92     -1609.64     -976.451
     83341.4     -1953.06      800.066     -38.3139
     81668.7      5025.75      1207.53     -318.304
     76670.6     -168.866     -3090.64      1064.76
     76247.1      5114.98     -4628.28      365.205
     74813.5      7594.58      453.154      201.667
     69719.5      5484.81      127.657      72.3648
     64420.6      4681.33     -2227.08      444.004
     55427.7      815.221     -3035.67     -2.36254
     49738.8      2899.79     -577.695      171.325
     40000.4      2904.93     -162.955       184.84
     40000.5       2904.9     -162.958       184.84
     40000.5      2904.86     -162.964       184.84
     40000.5      2904.82     -162.971       184.84
     40000.5      2904.78     -162.978       184.84
     40000.5      2904.74     -162.985       184.84
     40000.5      2904.72     -1394.72      396.828
     40000.5      2904.68     -1394.73      396.826
     40000.5      2904.69      2.36012     -214.372
     40000.5      2904.64      2.35497     -214.373
     40000.6       2904.6      2.35113     -214.375
     40000.6      2904.56      2.34616     -214.377
     40000.6      2904.52      2.34183     -214.378
     40000.6      2904.47      2.33705      -214.38
     40000.6      2904.43      2.33226     -214.381
     40000.6      2904.39      2.32747     -214.383
     40000.7      2904.34      2.32142     -214.384
     40000.7       2904.3      2.31785     -214.386
-6.27744e+66 -6.27744e+66 -6.27744e+66 -6.27744e+66
-6.27744e+66 -6.27744e+66 -6.27744e+66 -6.27744e+66
-6.27744e+66 -6.27744e+66 -6.27744e+66 -6.27744e+66
-6.27744e+66 -6.27744e+66 -6.27744e+66 -6.27744e+66
-6.27744e+66 -6.27744e+66 -6.27744e+66 -6.27744e+66
-6.27744e+66 -6.27744e+66 -6.27744e+66 -6.27744e+66
-6.27744e+66 -6.27744e+66 -6.27744e+66 -6.27744e+66
-6.27744e+66 -6.27744e+66 -6.27744e+66 -6.27744e+66
-6.27744e+66 -6.27744e+66 -6.27744e+66 -6.27744e+66
-6.27744e+66 -6.27744e+66 -6.27744e+66 -6.27744e+66
-6.27744e+66 -6.27744e+66 -6.27744e+66 -6.27744e+66
-6.27744e+66 -6.27744e+66 -6.27744e+66 -6.27744e+66
-6.27744e+66 -6.27744e+66 -6.27744e+66 -6.27744e+66
-6.27744e+66 -6.27744e+66 -6.27744e+66 -6.27744e+66
-6.27744e+66 -6.27744e+66 -6.27744e+66 -6.27744e+66
-6.27744e+66 -6.27744e+66 -6.27744e+66 -6.27744e+66
-6.27744e+66 -6.27744e+66 -6.27744e+66 -6.27744e+66
-6.27744e+66 -6.27744e+66 -6.27744e+66 -6.27744e+66
-6.27744e+66 -6.27744e+66 -6.27744e+66 -6.27744e+66
-6.27744e+66 -6.27744e+66 -6.27744e+66 -6.27744e+66
-6.27744e+66 -6.27744e+66 -6.27744e+66 -6.27744e+66
-6.27744e+66 -6.27744e+66 -6.27744e+66 -6.27744e+66
-6.27744e+66 -6.27744e+66 -6.27744e+66 -6.27744e+66
-6.27744e+66 -6.27744e+66 -6.27744e+66 -6.27744e+66
-6.27744e+66 -6.27744e+66 -6.27744e+66 -6.27744e+66
-6.27744e+66 -6.27744e+66 -6.27744e+66 -6.27744e+66
-6.27744e+66 -6.27744e+66 -6.27744e+66 -6.27744e+66
-6.27744e+66 -6.27744e+66 -6.27744e+66 -6.27744e+66
-6.27744e+66 -6.27744e+66 -6.27744e+66 -6.27744e+66
-6.27744e+66 -6.27744e+66 -6.27744e+66 -6.27744e+66
-6.27744e+66 -6.27744e+66 -6.27744e+66 -6.27744e+66
-6.27744e+66 -6.27744e+66 -6.27744e+66 -6.27744e+66
-6.27744e+66 -6.27744e+66 -6.27744e+66 -6.27744e+66
-6.27744e+66 -6.27744e+66 -6.27744e+66 -6.27744e+66
-6.27744e+66 -6.27744e+66 -6.27744e+66 -6.27744e+66
-6.27744e+66 -6.27744e+66 -6.27744e+66 -6.27744e+66
-6.27744e+66 -6.27744e+66 -6.27744e+66 -6.27744e+66
-6.27744e+66 -6.27744e+66 -6.27744e+66 -6.27744e+66
-6.27744e+66 -6.27744e+66 -6.27744e+66 -6.27744e+66
-6.27744e+66 -6.27744e+66 -6.27744e+66 -6.27744e+66
-6.27744e+66 -6.27744e+66 -6.27744e+66 -6.27744e+66
-6.27744e+66 -6.27744e+66 -6.27744e+66 -6.27744e+66
-6.27744e+66 -6.27744e+66 -6.27744e+66 -6.27744e+66
-6.27744e+66 -6.27744e+66 -6.27744e+66 -6.27744e+66
-6.27744e+66 -6.27744e+66 -6.27744e+66 -6.27744e+66
-6.27744e+66 -6.27744e+66 -6.27744e+66 -6.27744e+66
-6.27744e+66 -6.27744e+66 -6.27744e+66 -6.27744e+66
-6.27744e+66 -6.27744e+66 -6.27744e+66 -6.27744e+66
-6.27744e+66 -6.27744e+66 -6.27744e+66 -6.27744e+66
-6.27744e+66 -6.27744e+66 -6.27744e+66 -6.27744e+66
-6.27744e+66 -6.27744e+66 -6.27744e+66 -6.27744e+66
-6.27744e+66 -6.27744e+66 -6.27744e+66 -6.27744e+66
-6.27744e+66 -6.27744e+66 -6.27744e+66 -6.27744e+66
-6.27744e+66 -6.27744e+66 -6.27744e+66 -6.27744e+66
-6.27744e+66 -6.27744e+66 -6.27744e+66 -6.27744e+66
-6.27744e+66 -6.27744e+66 -6.27744e+66 -6.27744e+66
-6.27744e+66 -6.27744e+66 -6.27744e+66 -6.27744e+66
-6.27744e+66 -6.27744e+66 -6.27744e+66 -6.27744e+66
-6.27744e+66 -6.27744e+66 -6.27744e+66 -6.27744e+66
-6.27744e+66 -6.27744e+66 -6.27744e+66 -6.27744e+66
-6.27744e+66 -6.27744e+66 -6.27744e+66 -6.27744e+66
-6.27744e+66 -6.27744e+66 -6.27744e+66 -6.27744e+66
-6.27744e+66 -6.27744e+66 -6.27744e+66 -6.27744e+66
-6.27744e+66 -6.27744e+66 -6.27744e+66 -6.27744e+66
-6.27744e+66 -6.27744e+66 -6.27744e+66 -6.27744e+66
-6.27744e+66 -6.27744e+66 -6.27744e+66 -6.27744e+66
-6.27744e+66 -6.27744e+66 -6.27744e+66 -6.27744e+66
-6.27744e+66 -6.27744e+66 -6.27744e+66 -6.27744e+66
-6.27744e+66 -6.27744e+66 -6.27744e+66 -6.27744e+66
-6.27744e+66 -6.27744e+66 -6.27744e+66 -6.27744e+66
-6.27744e+66 -6.27744e+66 -6.27744e+66 -6.27744e+66
-6.27744e+66 -6.27744e+66 -6.27744e+66 -6.27744e+66
-6.27744e+66 -6.27744e+66 -6.27744e+66 -6.27744e+66
-6.27744e+66 -6.27744e+66 -6.27744e+66 -6.27744e+66
-6.27744e+66 -6.27744e+66 -6.27744e+66 -6.27744e+66
-6.27744e+66 -6.27744e+66 -6.27744e+66 -6.27744e+66
-6.27744e+66 -6.27744e+66 -6.27744e+66 -6.27744e+66
-6.27744e+66 -6.27744e+66 -6.27744e+66 -6.27744e+66
-6.27744e+66 -6.27744e+66 -6.27744e+66 -6.27744e+66
-6.27744e+66 -6.27744e+66 -6.27744e+66 -6.27744e+66
-6.27744e+66 -6.27744e+66 -6.27744e+66 -6.27744e+66
-6.27744e+66 -6.27744e+66 -6.27744e+66 -6.27744e+66
-6.27744e+66 -6.27744e+66 -6.27744e+66 -6.27744e+66
-6.27744e+66 -6.27744e+66 -6.27744e+66 -6.27744e+66
-6.27744e+66 -6.27744e+66 -6.27744e+66 -6.27744e+66
-6.27744e+66 -6.27744e+66 -6.27744e+66 -6.27744e+66
-6.27744e+66 -6.27744e+66 -6.27744e+66 -6.27744e+66
-6.27744e+66 -6.27744e+66 -6.27744e+66 -6.27744e+66
-6.27744e+66 -6.27744e+66 -6.27744e+66 -6.27744e+66
-6.27744e+66 -6.27744e+66 -6.27744e+66 -6.27744e+66
-6.27744e+66 -6.27744e+66 -6.27744e+66 -6.27744e+66
-6.27744e+66 -6.27744e+66 -6.27744e+66 -6.27744e+66
-6.27744e+66 -6.27744e+66 -6.27744e+66 -6.27744e+66
-6.27744e+66 -6.27744e+66 -6.27744e+66 -6.27744e+66
-6.27744e+66 -6.27744e+66 -6.27744e+66 -6.27744e+66
-6.27744e+66 -6.27744e+66 -6.27744e+66 -6.27744e+66
-6.27744e+66 -6.27744e+66 -6.27744e+66 -6.27744e+66
-6.27744e+66 -6.27744e+66 -6.27744e+66 -6.27744e+66
-6.27744e+66 -6.27744e+66 -6.27744e+66 -6.27744e+66
-6.27744e+66 -6.27744e+66 -6.27744e+66 -6.27744e+66
-6.27744e+66 -6.27744e+66 -6.27744e+66 -6.27744e+66
-6.27744e+66 -6.27744e+66 -6.27744e+66 -6.27744e+66
-6.27744e+66 -6.27744e+66 -6.27744e+66 -6.27744e+66
-6.27744e+66 -6.27744e+66 -6.27744e+66 -6.27744e+66
-6.27744e+66 -6.27744e+66 -6.27744e+66 -6.27744e+66
-6.27744e+66 -6.27744e+66 -6.27744e+66 -6.27744e+66
-6.27744e+66 -6.27744e+66 -6.27744e+66 -6.27744e+66
-6.27744e+66 -6.27744e+66 -6.27744e+66 -6.27744e+66
-6.27744e+66 -6.27744e+66 -6.27744e+66 -6.27744e+66
-6.27744e+66 -6.27744e+66 -6.27744e+66 -6.27744e+66
-6.27744e+66 -6.27744e+66 -6.27744e+66 -6.27744e+66
-6.27744e+66 -6.27744e+66 -6.27744e+66 -6.27744e+66
-6.27744e+66 -6.27744e+66 -6.27744e+66 -6.27744e+66
-6.27744e+66 -6.27744e+66 -6.27744e+66 -6.27744e+66
-6.27744e+66 -6.27744e+66 -6.27744e+66 -6.27744e+66
-6.27744e+66 -6.27744e+66 -6.27744e+66 -6.27744e+66
-6.27744e+66 -6.27744e+66 -6.27744e+66 -6.27744e+66
-6.27744e+66 -6.27744e+66 -6.27744e+66 -6.27744e+66
-6.27744e+66 -6.27744e+66 -6.27744e+66 -6.27744e+66
-6.27744e+66 -6.27744e+66 -6.27744e+66 -6.27744e+66
-6.27744e+66 -6.27744e+66 -6.27744e+66 -6.27744e+66
-6.27744e+66 -6.27744e+66 -6.27744e+66 -6.27744e+66
-6.27744e+66 -6.27744e+66 -6.27744e+66 -6.27744e+66
-6.27744e+66 -6.27744e+66 -6.27744e+66 -6.27744e+66
-6.27744e+66 -6.27744e+66 -6.27744e+66 -6.27744e+66
-6.27744e+66 -6.27744e+66 -6.27744e+66 -6.27744e+66
-6.27744e+66 -6.27744e+66 -6.27744e+66 -6.27744e+66
-6.27744e+66 -6.27744e+66 -6.27744e+66 -6.27744e+66
-6.27744e+66 -6.27744e+66 -6.27744e+66 -6.27744e+66
-6.27744e+66 -6.27744e+66 -6.27744e+66 -6.27744e+66
-6.27744e+66 -6.27744e+66 -6.27744e+66 -6.27744e+66
-6.27744e+66 -6.27744e+66 -6.27744e+66 -6.27744e+66
-6.27744e+66 -6.27744e+66 -6.27744e+66 -6.27744e+66
-6.27744e+66 -6.27744e+66 -6.27744e+66 -6.27744e+66
-6.27744e+66 -6.27744e+66 -6.27744e+66 -6.27744e+66
-6.27744e+66 -6.27744e+66 -6.27744e+66 -6.27744e+66
-6.27744e+66 -6.27744e+66 -6.27744e+66 -6.27744e+66
-6.27744e+66 -6.27744e+66 -6.27744e+66 -6.27744e+66
-6.27744e+66 -6.27744e+66 -6.27744e+66 -6.27744e+66
-6.27744e+66 -6.27744e+66 -6.27744e+66 -6.27744e+66
-6.27744e+66 -6.27744e+66 -6.27744e+66 -6.27744e+66
-6.27744e+66 -6.27744e+66 -6.27744e+66 -6.27744e+66
-6.27744e+66 -6.27744e+66 -6.27744e+66 -6.27744e+66
-6.27744e+66 -6.27744e+66 -6.27744e+66 -6.27744e+66
-6.27744e+66 -6.27744e+66 -6.27744e+66 -6.27744e+66
-6.27744e+66 -6.27744e+66 -6.27744e+66 -6.27744e+66
-6.27744e+66 -6.27744e+66 -6.27744e+66 -6.27744e+66
-6.27744e+66 -6.27744e+66 -6.27744e+66 -6.27744e+66
-6.27744e+66 -6.27744e+66 -6.27744e+66 -6.27744e+66
-6.27744e+66 -6.27744e+66 -6.27744e+66 -6.27744e+66
-6.27744e+66 -6.27744e+66 -6.27744e+66 -6.27744e+66
-6.27744e+66 -6.27744e+66 -6.27744e+66 -6.27744e+66
-6.27744e+66 -6.27744e+66 -6.27744e+66 -6.27744e+66
-6.27744e+66 -6.27744e+66 -6.27744e+66 -6.27744e+66
-6.27744e+66 -6.27744e+66 -6.27744e+66 -6.27744e+66
-6.27744e+66 -6.27744e+66 -6.27744e+66 -6.27744e+66
-6.27744e+66 -6.27744e+66 -6.27744e+66 -6.27744e+66
-6.27744e+66 -6.27744e+66 -6.27744e+66 -6.27744e+66
-6.27744e+66 -6.27744e+66 -6.27744e+66 -6.27744e+66
-6.27744e+66 -6.27744e+66 -6.27744e+66 -6.27744e+66
-6.27744e+66 -6.27744e+66 -6.27744e+66 -6.27744e+66
-6.27744e+66 -6.27744e+66 -6.27744e+66 -6.27744e+66
-6.27744e+66 -6.27744e+66 -6.27744e+66 -6.27744e+66
-6.27744e+66 -6.27744e+66 -6.27744e+66 -6.27744e+66
-6.27744e+66 -6.27744e+66 -6.27744e+66 -6.27744e+66
-6.27744e+66 -6.27744e+66 -6.27744e+66 -6.27744e+66
-6.27744e+66 -6.27744e+66 -6.27744e+66 -6.27744e+66
-6.27744e+66 -6.27744e+66 -6.27744e+66 -6.27744e+66
-6.27744e+66 -6.27744e+66 -6.27744e+66 -6.27744e+66
-6.27744e+66 -6.27744e+66 -6.27744e+66 -6.27744e+66
-6.27744e+66 -6.27744e+66 -6.27744e+66 -6.27744e+66
-6.27744e+66 -6.27744e+66 -6.27744e+66 -6.27744e+66
-6.27744e+66 -6.27744e+66 -6.27744e+66 -6.27744e+66
-6.27744e+66 -6.27744e+66 -6.27744e+66 -6.27744e+66
-6.27744e+66 -6.27744e+66 -6.27744e+66 -6.27744e+66
-6.27744e+66 -6.27744e+66 -6.27744e+66 -6.27744e+66
-6.27744e+66 -6.27744e+66 -6.27744e+66 -6.27744e+66
-6.27744e+66 -6.27744e+66 -6.27744e+66 -6.27744e+66
-6.27744e+66 -6.27744e+66 -6.27744e+66 -6.27744e+66
-6.27744e+66 -6.27744e+66 -6.27744e+66 -6.27744e+66
-6.27744e+66 -6.27744e+66 -6.27744e+66 -6.27744e+66
-6.27744e+66 -6.27744e+66 -6.27744e+66 -6.27744e+66
-6.27744e+66 -6.27744e+66 -6.27744e+66 -6.27744e+66
-6.27744e+66 -6.27744e+66 -6.27744e+66 -6.27744e+66
-6.27744e+66 -6.27744e+66 -6.27744e+66 -6.27744e+66
-6.27744e+66 -6.27744e+66 -6.27744e+66 -6.27744e+66
-6.27744e+66 -6.27744e+66 -6.27744e+66 -6.27744e+66
-6.27744e+66 -6.27744e+66 -6.27744e+66 -6.27744e+66
-6.27744e+66 -6.27744e+66 -6.27744e+66 -6.27744e+66
-6.27744e+66 -6.27744e+66 -6.27744e+66 -6.27744e+66