564.589
548.781
533.658
519.158
505.248
491.9
479.091
466.796
454.997
443.671
432.8
422.366
412.352
402.74
393.516
384.665
376.172
368.024
360.207
352.71
345.522
338.631
332.027
325.7
319.641
313.84
308.289
302.978
297.901
293.049
288.415
283.992
279.772
275.75
271.919
268.273
264.807
261.515
258.392
255.434
252.637
249.993
247.501
245.157
242.955
240.893
238.967
237.173
235.509
233.972
232.559
231.266
230.09
229.03
228.083
227.246
226.517
225.894
225.374
224.733
224.627
224.198
224.264
224.05
224.279
224.275
224.652
224.848
225.368
225.757
226.425
227.01
227.819
228.605
229.555
230.536
231.619
232.786
234.002
235.371
236.728
238.301
239.801
241.579
243.226
245.213
247.007
249.203
251.139
253.542
255.644
258.268
260.581
263.469
266.135
269.372
272.382
275.843
279.031
282.729
286.017
295.466
305.289
315.664
321.958
333.199
339.971
351.49
358.567
371.109
378.643
391.753
399.617
413.243
418.115
432.675
441.267
455.712
469.203
484.209
496.675
511.407
525.025
540.903
549.856
565.987
574.919
592.004
601.254
618.578
635.34
644.54
662.258
679.322
688.369
706.394
723.696
732.534
750.8
768.272
785.841
794.308
812.838
830.476
848.178
865.939
873.788
893.392
911.505
929.444
947.312
965.153
983.003
996.302
1015.28
1033.07
1050.83
1068.55
1086.25
1103.9
1121.52
1139.08
1156.59
1174.04
1191.42
1209.88
1227.59
1244.96
1263.31
1280.85
1299.17
1316.62
1334.81
1352.1
1370.13
1387.22
1405.06
1423.11
1440.11
1457.71
1475.49
1492.17
1509.45
1526.9
1543.21
1560.18
1576.53
1593.69
1610.92
1628.64
1646.42
1664.25
1682.16
1699.95
1717.86
1735.55
1753.43
1771.01
1788.84
1806.53
1823.9
1864.01
1904.77
1944.1
1982.64
2018.51
2053.03
2086.65
2119.53
2154.23
2186.34
2220.04
2253.49
2284.14
2316.21
2347.98
2379.32
2410.17
2440.49
2470.25
2499.43
2528.03
2556.06
2585.53
2607.79
2637.38
2664.65
2690.14
2714.82
2740.78
2765.08
2788.71
2813.25
2837.21
2861.35
2894.94
2918.13
2941.6
2965.74
2989.46
3012.81
3035.81
3058.48
3080.83
3102.88
3124.62
3146.06
3167.2
3189.33
3209.3
3229.26
3250.5
3269.47
3288.49
3309.05
3327.09
3346.91
3364.27
3383.59
3400.34
3419.21
3435.38
3453.82
3469.44
3487.46
3504.5
3519.06
3535.85
3552.23
3567.63
3583.17
3597.98
3613.03
3627.41
3642.05
3656.03
3670.27
3683.87
3697.73
3710.97
3724.45
3737.21
3750.35
3762.77
3775.56
3787.66
3800.12
3811.89
3824.02
3835.49
3846.78
3858.47
3869.5
3880.36
3891.08
3901.67
3912.13
3922.47
3932.68
3942.77
3952.73
3979.4
4005.64
4030.21
4053.48
4075.69
4096.99
4117.48
4135.63
4157.36
4173.52
4191.33
4209.86
4225.85
4243.12
4257.84
4273.83
4290.25
4304.05
4319.01
4331.81
4344.22
4358.05
4369.88
4381.35
4392.57
4403.57
4414.34
4424.88
4435.19
4445.27
4455.11
4464.73
4474.12
4482.85
4491.73
4500.06
4508.57
4516.56
4524.71
4532.35
4539.72
4558.97
4556.85
4562.1
4568.15
4586.72
4583.78
4588.44
4593.94
4612.3
4608.6
4612.69
4630.13
4625.87
4629.08
4646.31
4641.46
4644.32
4661.44
4655.65
4658.54
4675.28
4669.45
4671.7
4688.62
4682.11
4696.68
4690.17
4704.73
4697.57
4711.98
4705.02
4719.45
4711.92
4726.22
4718.39
4732.62
4724.6
4738.79
4730.62
4744.77
4736.47
4750.58
4742.16
4756.23
4747.67
4761.7
4753.02
4767.01
4758.19
4772.13
4763.18
4776.69
4767.3
4781.12
4771.84
4785.68
4775.85
4789.57
4780.02
4795.94
4788.58
4802.98
4794.94
4809.26
4800.97
4815.26
4806.82
4821.06
4812.45
4826.64
4817.85
4831.96
4822.96
4837.01
4826.73
4840.63
4831.09
4845.05
4834.52
4848.36
4838.58
4851.71
4841.52
4854.58
4844.24
4857.27
4846.86
4859.89
4849.43
4862.46
4851.94
4864.97
4854.38
4867.4
4855.67
4869.31
4857.84
4871.49
4860.08
4872.95
4861.95
4874.92
4863
4875.76
4864.59
4877.54
4865.53
4879.1
