 76  10  1.500000e-01  7 -1 -1
 3  4 -1  0  0  1  4.630356e-01  2.000000e-08
 3  4  0  0  0  1  5.398766e-01  2.000000e-08
 3  0  0  0  0  1  4.021038e-01  2.000000e-08
 3  0  0  1  0  1  7.288792e-01  2.000000e-08
 3  5 -1  0  0  1  8.562556e-01  2.000000e-08
 3  5 -1  0  1  1  4.003276e-01  2.000000e-08
 3  6 -1  0  0  1  8.231964e-01  2.000000e-08
 3  6  0  0  1  1  6.056037e-01  2.000000e-08
 3  2  0  0  0  1  6.090458e-01  2.000000e-08
 3  2  0  0  1  1  5.208786e-01  2.000000e-08
 3  7  0  0  0  1  4.061742e-01  2.000000e-08
 3  8  0  0  0  1  7.702159e-01  2.000000e-08
 3  8  0  0  1  1  3.098431e-01  2.000000e-08
 3  9  0 -1  0  1  6.145895e-01  2.000000e-08
 3  9  0  0  0  1  5.099734e-01  2.000000e-08
 3  1 -1  1  1  1  6.162433e-01  2.000000e-08
 4  0  1  0  0  1  3.868141e-01  2.000000e-08
 4  0  1  1  0  1  7.553425e-01  2.000000e-08
 4  5  0  0  1  1  2.275189e-01  2.000000e-08
 4  6  0  0  1  1  3.702710e-01  2.000000e-08
 4  2  0  0  0  1  6.756954e-01  2.000000e-08
 4  2  0  0  1  1  5.483651e-01  2.000000e-08
 4  7  0  0  0  1  3.461674e-01  2.000000e-08
 4  8  0  0  1  1  6.255110e-01  2.000000e-08
 4  9  0  0  0  1  6.098439e-01  2.000000e-08
 4  1  0  0  1  1  5.453193e-01  2.000000e-08
 4  1  0  1  1  1  5.749602e-01  2.000000e-08
 0  5 -1  0  0  1  7.501633e-01  2.000000e-08
 0  5 -1  0  1  1  4.096362e-01  2.000000e-08
 0  6 -1 -1  0  1  8.625096e-01  2.000000e-08
 0  6 -1  0  0  1  7.272237e-01  2.000000e-08
 0  7 -1  0  0  1  4.935162e-01  2.000000e-08
 0  7  0  0  0  1  5.849511e-01  2.000000e-08
 0  8  0  0  1  1  4.214199e-01  2.000000e-08
 0  9 -1 -1  0  1  6.247312e-01  2.000000e-08
 0  9  0 -1  0  1  4.995459e-01  2.000000e-08
 0  1 -1  0  0  1  7.192052e-01  2.000000e-08
 0  1 -1  0  1  1  3.720377e-01  2.000000e-08
 5  6  0  0  0  1  2.903467e-01  2.000000e-08
 5  2  1  0  0  1  6.368018e-01  2.000000e-08
 5  7  0  0  0  1  6.848576e-01  2.000000e-08
 5  8  0  0  0  1  7.031746e-01  2.000000e-08
 5  8  1  0  0  1  3.336367e-01  2.000000e-08
 5  1  0  0  0  1  4.525275e-01  2.000000e-08
 5  1  0  1  0  1  5.499667e-01  2.000000e-08
 6  2  0  0  0  1  2.585787e-01  2.000000e-08
 6  2  1  0  0  1  7.638188e-01  2.000000e-08
 6  7  0  0  0  1  4.998820e-01  2.000000e-08
 6  8  0  0  0  1  5.697858e-01  2.000000e-08
 6  9  0  0 -1  1  7.060009e-01  2.000000e-08
 6  9  0  0  0  1  6.458714e-01  2.000000e-08
 6  9  1  0  0  1  9.349790e-01  2.000000e-08
 6  1  0  0  0  1  6.496211e-01  2.000000e-08
 6  1  0  1  0  1  4.993648e-01  2.000000e-08
 2  7  0  0  0  1  4.551009e-01  2.000000e-08
 2  8  0  0  0  1  4.470387e-01  2.000000e-08
 2  8  0  1  0  1  7.592403e-01  2.000000e-08
 2  9  0  0 -1  1  6.880601e-01  2.000000e-08
 2  9  0  0  0  1  4.951444e-01  2.000000e-08
 2  1 -1  1  0  1  6.760353e-01  2.000000e-08
 2  1  0  1  0  1  6.371678e-01  2.000000e-08
 7  8  0  0  0  1  6.420849e-01  2.000000e-08
 7  8  0  0  1  1  5.708970e-01  2.000000e-08
 7  9  0 -1  0  1  4.267645e-01  2.000000e-08
 7  9  0  0  0  1  6.058560e-01  2.000000e-08
 7  1  0  0  0  1  7.772922e-01  2.000000e-08
 7  1  0  0  1  1  6.769424e-01  2.000000e-08
 8  9  0 -1 -1  1  6.046258e-01  2.000000e-08
 8  9  0 -1  0  1  7.313830e-01  2.000000e-08
 8  1 -1  0  0  1  4.298501e-01  2.000000e-08
 8  1  0  0  0  1  7.977349e-01  2.000000e-08
 9  4  0  1  0  1  6.619798e-01  2.000000e-08
 9  1 -1  1  0  1  7.910891e-01  2.000000e-08
 9  1 -1  1  1  1  6.299927e-01  2.000000e-08
 9  1  0  1  0  1  7.964304e-01  2.000000e-08
 9  1  0  1  1  1  6.366869e-01  2.000000e-08
-4.707797e-01 -2.684056e-01  2.961839e-01
 4.630885e-01 -4.622611e-01 -3.932381e-01
-1.139103e-02  1.791355e-01 -1.646432e-01
-2.375178e-01  4.680572e-02  3.851680e-01
 3.010146e-01  2.113583e-02  4.132868e-01
 4.288541e-01 -1.110226e-02 -4.012877e-01
 2.303309e-01  1.240601e-01 -2.381288e-01
 7.852506e-02 -1.044848e-01  1.797280e-01
-2.627164e-01 -1.325634e-01 -3.634469e-01
-4.115117e-02  4.879820e-01  2.212275e-01